id,contact,day,month,duration,campaign,pdays,previous,poutcome
0,unknown,5,may,261,1,-1,0,unknown
1,unknown,5,may,151,1,-1,0,unknown
2,unknown,5,may,76,1,-1,0,unknown
3,unknown,5,may,92,1,-1,0,unknown
4,unknown,5,may,198,1,-1,0,unknown
5,unknown,5,may,139,1,-1,0,unknown
6,unknown,5,may,217,1,-1,0,unknown
7,unknown,5,may,380,1,-1,0,unknown
8,unknown,5,may,50,1,-1,0,unknown
9,unknown,5,may,55,1,-1,0,unknown
10,unknown,5,may,222,1,-1,0,unknown
11,unknown,5,may,137,1,-1,0,unknown
12,unknown,5,may,517,1,-1,0,unknown
13,unknown,5,may,71,1,-1,0,unknown
14,unknown,5,may,174,1,-1,0,unknown
15,unknown,5,may,353,1,-1,0,unknown
16,unknown,5,may,98,1,-1,0,unknown
17,unknown,5,may,38,1,-1,0,unknown
18,unknown,5,may,219,1,-1,0,unknown
19,unknown,5,may,54,1,-1,0,unknown
20,unknown,5,may,262,1,-1,0,unknown
21,unknown,5,may,164,1,-1,0,unknown
22,unknown,5,may,160,1,-1,0,unknown
23,unknown,5,may,342,1,-1,0,unknown
24,unknown,5,may,181,1,-1,0,unknown
25,unknown,5,may,172,1,-1,0,unknown
26,unknown,5,may,296,1,-1,0,unknown
27,unknown,5,may,127,1,-1,0,unknown
28,unknown,5,may,255,2,-1,0,unknown
29,unknown,5,may,348,1,-1,0,unknown
30,unknown,5,may,225,1,-1,0,unknown
31,unknown,5,may,230,1,-1,0,unknown
32,unknown,5,may,208,1,-1,0,unknown
33,unknown,5,may,226,1,-1,0,unknown
34,unknown,5,may,336,1,-1,0,unknown
35,unknown,5,may,242,1,-1,0,unknown
36,unknown,5,may,365,1,-1,0,unknown
37,unknown,5,may,1666,1,-1,0,unknown
38,unknown,5,may,577,1,-1,0,unknown
39,unknown,5,may,137,1,-1,0,unknown
40,unknown,5,may,160,1,-1,0,unknown
41,unknown,5,may,180,2,-1,0,unknown
42,unknown,5,may,22,1,-1,0,unknown
43,unknown,5,may,1492,1,-1,0,unknown
44,unknown,5,may,616,1,-1,0,unknown
45,unknown,5,may,242,1,-1,0,unknown
46,unknown,5,may,355,1,-1,0,unknown
47,unknown,5,may,225,2,-1,0,unknown
48,unknown,5,may,160,1,-1,0,unknown
49,unknown,5,may,363,1,-1,0,unknown
50,unknown,5,may,266,1,-1,0,unknown
51,unknown,5,may,253,1,-1,0,unknown
52,unknown,5,may,179,1,-1,0,unknown
53,unknown,5,may,787,1,-1,0,unknown
54,unknown,5,may,145,1,-1,0,unknown
55,unknown,5,may,174,1,-1,0,unknown
56,unknown,5,may,104,1,-1,0,unknown
57,unknown,5,may,13,1,-1,0,unknown
58,unknown,5,may,185,1,-1,0,unknown
59,unknown,5,may,1778,1,-1,0,unknown
60,unknown,5,may,138,1,-1,0,unknown
61,unknown,5,may,812,1,-1,0,unknown
62,unknown,5,may,164,1,-1,0,unknown
63,unknown,5,may,391,1,-1,0,unknown
64,unknown,5,may,357,1,-1,0,unknown
65,unknown,5,may,91,1,-1,0,unknown
66,unknown,5,may,528,1,-1,0,unknown
67,unknown,5,may,273,1,-1,0,unknown
68,unknown,5,may,158,2,-1,0,unknown
69,unknown,5,may,177,1,-1,0,unknown
70,unknown,5,may,258,1,-1,0,unknown
71,unknown,5,may,172,1,-1,0,unknown
72,unknown,5,may,154,1,-1,0,unknown
73,unknown,5,may,291,1,-1,0,unknown
74,unknown,5,may,181,1,-1,0,unknown
75,unknown,5,may,176,1,-1,0,unknown
76,unknown,5,may,211,1,-1,0,unknown
77,unknown,5,may,349,1,-1,0,unknown
78,unknown,5,may,272,1,-1,0,unknown
79,unknown,5,may,208,1,-1,0,unknown
80,unknown,5,may,193,1,-1,0,unknown
81,unknown,5,may,212,1,-1,0,unknown
82,unknown,5,may,20,1,-1,0,unknown
83,unknown,5,may,1042,1,-1,0,unknown
84,unknown,5,may,246,1,-1,0,unknown
85,unknown,5,may,529,2,-1,0,unknown
86,unknown,5,may,1467,1,-1,0,unknown
87,unknown,5,may,1389,1,-1,0,unknown
88,unknown,5,may,188,2,-1,0,unknown
89,unknown,5,may,180,2,-1,0,unknown
90,unknown,5,may,48,1,-1,0,unknown
91,unknown,5,may,213,2,-1,0,unknown
92,unknown,5,may,583,1,-1,0,unknown
93,unknown,5,may,221,1,-1,0,unknown
94,unknown,5,may,173,1,-1,0,unknown
95,unknown,5,may,426,1,-1,0,unknown
96,unknown,5,may,287,1,-1,0,unknown
97,unknown,5,may,101,1,-1,0,unknown
98,unknown,5,may,203,1,-1,0,unknown
99,unknown,5,may,197,1,-1,0,unknown
100,unknown,5,may,257,1,-1,0,unknown
101,unknown,5,may,124,1,-1,0,unknown
102,unknown,5,may,229,1,-1,0,unknown
103,unknown,5,may,55,3,-1,0,unknown
104,unknown,5,may,400,1,-1,0,unknown
105,unknown,5,may,197,1,-1,0,unknown
106,unknown,5,may,190,1,-1,0,unknown
107,unknown,5,may,21,1,-1,0,unknown
108,unknown,5,may,514,1,-1,0,unknown
109,unknown,5,may,849,2,-1,0,unknown
110,unknown,5,may,194,1,-1,0,unknown
111,unknown,5,may,144,1,-1,0,unknown
112,unknown,5,may,212,2,-1,0,unknown
113,unknown,5,may,286,1,-1,0,unknown
114,unknown,5,may,107,1,-1,0,unknown
115,unknown,5,may,247,2,-1,0,unknown
116,unknown,5,may,518,1,-1,0,unknown
117,unknown,5,may,364,1,-1,0,unknown
118,unknown,5,may,178,1,-1,0,unknown
119,unknown,5,may,98,1,-1,0,unknown
120,unknown,5,may,439,1,-1,0,unknown
121,unknown,5,may,79,1,-1,0,unknown
122,unknown,5,may,120,3,-1,0,unknown
123,unknown,5,may,127,2,-1,0,unknown
124,unknown,5,may,175,1,-1,0,unknown
125,unknown,5,may,262,2,-1,0,unknown
126,unknown,5,may,61,1,-1,0,unknown
127,unknown,5,may,78,1,-1,0,unknown
128,unknown,5,may,143,1,-1,0,unknown
129,unknown,5,may,579,1,-1,0,unknown
130,unknown,5,may,677,1,-1,0,unknown
131,unknown,5,may,345,1,-1,0,unknown
132,unknown,5,may,185,1,-1,0,unknown
133,unknown,5,may,100,2,-1,0,unknown
134,unknown,5,may,125,2,-1,0,unknown
135,unknown,5,may,193,1,-1,0,unknown
136,unknown,5,may,136,1,-1,0,unknown
137,unknown,5,may,73,1,-1,0,unknown
138,unknown,5,may,528,1,-1,0,unknown
139,unknown,5,may,541,1,-1,0,unknown
140,unknown,5,may,163,1,-1,0,unknown
141,unknown,5,may,301,1,-1,0,unknown
142,unknown,5,may,46,1,-1,0,unknown
143,unknown,5,may,204,1,-1,0,unknown
144,unknown,5,may,98,1,-1,0,unknown
145,unknown,5,may,71,1,-1,0,unknown
146,unknown,5,may,157,2,-1,0,unknown
147,unknown,5,may,243,1,-1,0,unknown
148,unknown,5,may,186,2,-1,0,unknown
149,unknown,5,may,579,2,-1,0,unknown
150,unknown,5,may,163,2,-1,0,unknown
151,unknown,5,may,610,2,-1,0,unknown
152,unknown,5,may,2033,1,-1,0,unknown
153,unknown,5,may,85,1,-1,0,unknown
154,unknown,5,may,114,2,-1,0,unknown
155,unknown,5,may,114,2,-1,0,unknown
156,unknown,5,may,57,1,-1,0,unknown
157,unknown,5,may,238,1,-1,0,unknown
158,unknown,5,may,93,3,-1,0,unknown
159,unknown,5,may,128,2,-1,0,unknown
160,unknown,5,may,107,1,-1,0,unknown
161,unknown,5,may,181,1,-1,0,unknown
162,unknown,5,may,303,2,-1,0,unknown
163,unknown,5,may,558,5,-1,0,unknown
164,unknown,5,may,270,1,-1,0,unknown
165,unknown,5,may,228,1,-1,0,unknown
166,unknown,5,may,99,1,-1,0,unknown
167,unknown,5,may,240,1,-1,0,unknown
168,unknown,5,may,673,2,-1,0,unknown
169,unknown,5,may,233,3,-1,0,unknown
170,unknown,5,may,1056,1,-1,0,unknown
171,unknown,5,may,250,1,-1,0,unknown
172,unknown,5,may,252,1,-1,0,unknown
173,unknown,5,may,138,1,-1,0,unknown
174,unknown,5,may,130,1,-1,0,unknown
175,unknown,5,may,412,1,-1,0,unknown
176,unknown,5,may,179,2,-1,0,unknown
177,unknown,5,may,19,2,-1,0,unknown
178,unknown,5,may,458,2,-1,0,unknown
179,unknown,5,may,717,1,-1,0,unknown
180,unknown,5,may,313,1,-1,0,unknown
181,unknown,5,may,683,2,-1,0,unknown
182,unknown,5,may,1077,1,-1,0,unknown
183,unknown,5,may,416,1,-1,0,unknown
184,unknown,5,may,146,2,-1,0,unknown
185,unknown,5,may,167,1,-1,0,unknown
186,unknown,5,may,315,1,-1,0,unknown
187,unknown,5,may,140,1,-1,0,unknown
188,unknown,5,may,346,1,-1,0,unknown
189,unknown,5,may,562,1,-1,0,unknown
190,unknown,5,may,172,1,-1,0,unknown
191,unknown,5,may,217,1,-1,0,unknown
192,unknown,5,may,142,2,-1,0,unknown
193,unknown,5,may,67,1,-1,0,unknown
194,unknown,5,may,291,1,-1,0,unknown
195,unknown,5,may,309,2,-1,0,unknown
196,unknown,5,may,248,1,-1,0,unknown
197,unknown,5,may,98,1,-1,0,unknown
198,unknown,5,may,256,1,-1,0,unknown
199,unknown,5,may,82,2,-1,0,unknown
200,unknown,5,may,577,1,-1,0,unknown
201,unknown,5,may,286,1,-1,0,unknown
202,unknown,5,may,477,1,-1,0,unknown
203,unknown,5,may,611,2,-1,0,unknown
204,unknown,5,may,471,1,-1,0,unknown
205,unknown,5,may,381,2,-1,0,unknown
206,unknown,5,may,42,1,-1,0,unknown
207,unknown,5,may,251,1,-1,0,unknown
208,unknown,5,may,408,1,-1,0,unknown
209,unknown,5,may,215,1,-1,0,unknown
210,unknown,5,may,287,1,-1,0,unknown
211,unknown,5,may,216,2,-1,0,unknown
212,unknown,5,may,366,2,-1,0,unknown
213,unknown,5,may,210,1,-1,0,unknown
214,unknown,5,may,288,1,-1,0,unknown
215,unknown,5,may,168,1,-1,0,unknown
216,unknown,5,may,338,2,-1,0,unknown
217,unknown,5,may,410,3,-1,0,unknown
218,unknown,5,may,177,1,-1,0,unknown
219,unknown,5,may,127,2,-1,0,unknown
220,unknown,5,may,357,1,-1,0,unknown
221,unknown,5,may,175,1,-1,0,unknown
222,unknown,5,may,300,1,-1,0,unknown
223,unknown,5,may,136,1,-1,0,unknown
224,unknown,5,may,1419,1,-1,0,unknown
225,unknown,5,may,125,2,-1,0,unknown
226,unknown,5,may,213,3,-1,0,unknown
227,unknown,5,may,27,1,-1,0,unknown
228,unknown,5,may,238,2,-1,0,unknown
229,unknown,5,may,124,1,-1,0,unknown
230,unknown,5,may,18,1,-1,0,unknown
231,unknown,5,may,730,2,-1,0,unknown
232,unknown,5,may,746,2,-1,0,unknown
233,unknown,5,may,121,1,-1,0,unknown
234,unknown,5,may,247,1,-1,0,unknown
235,unknown,5,may,40,1,-1,0,unknown
236,unknown,5,may,181,2,-1,0,unknown
237,unknown,5,may,79,1,-1,0,unknown
238,unknown,5,may,206,1,-1,0,unknown
239,unknown,5,may,389,1,-1,0,unknown
240,unknown,5,may,127,1,-1,0,unknown
241,unknown,5,may,702,1,-1,0,unknown
242,unknown,5,may,151,1,-1,0,unknown
243,unknown,5,may,117,1,-1,0,unknown
244,unknown,5,may,232,3,-1,0,unknown
245,unknown,5,may,408,2,-1,0,unknown
246,unknown,5,may,179,2,-1,0,unknown
247,unknown,5,may,39,1,-1,0,unknown
248,unknown,5,may,282,1,-1,0,unknown
249,unknown,5,may,714,2,-1,0,unknown
250,unknown,5,may,50,1,-1,0,unknown
251,unknown,5,may,181,1,-1,0,unknown
252,unknown,5,may,142,1,-1,0,unknown
253,unknown,5,may,227,1,-1,0,unknown
254,unknown,5,may,119,1,-1,0,unknown
255,unknown,5,may,361,1,-1,0,unknown
256,unknown,5,may,73,3,-1,0,unknown
257,unknown,5,may,67,2,-1,0,unknown
258,unknown,5,may,350,1,-1,0,unknown
259,unknown,5,may,332,2,-1,0,unknown
260,unknown,5,may,611,2,-1,0,unknown
261,unknown,5,may,113,2,-1,0,unknown
262,unknown,5,may,132,1,-1,0,unknown
263,unknown,5,may,58,3,-1,0,unknown
264,unknown,5,may,151,1,-1,0,unknown
265,unknown,5,may,89,2,-1,0,unknown
266,unknown,5,may,152,1,-1,0,unknown
267,unknown,5,may,611,2,-1,0,unknown
268,unknown,5,may,110,2,-1,0,unknown
269,unknown,5,may,463,1,-1,0,unknown
270,unknown,5,may,562,2,-1,0,unknown
271,unknown,5,may,962,1,-1,0,unknown
272,unknown,5,may,10,4,-1,0,unknown
273,unknown,5,may,118,3,-1,0,unknown
274,unknown,5,may,92,2,-1,0,unknown
275,unknown,5,may,143,3,-1,0,unknown
276,unknown,5,may,189,3,-1,0,unknown
277,unknown,5,may,234,2,-1,0,unknown
278,unknown,5,may,75,2,-1,0,unknown
279,unknown,5,may,189,2,-1,0,unknown
280,unknown,5,may,621,3,-1,0,unknown
281,unknown,5,may,55,2,-1,0,unknown
282,unknown,5,may,310,4,-1,0,unknown
283,unknown,5,may,156,2,-1,0,unknown
284,unknown,5,may,5,2,-1,0,unknown
285,unknown,5,may,225,2,-1,0,unknown
286,unknown,5,may,125,2,-1,0,unknown
287,unknown,5,may,2,3,-1,0,unknown
288,unknown,5,may,286,2,-1,0,unknown
289,unknown,5,may,164,2,-1,0,unknown
290,unknown,5,may,98,2,-1,0,unknown
291,unknown,5,may,742,2,-1,0,unknown
292,unknown,5,may,226,3,-1,0,unknown
293,unknown,5,may,120,2,-1,0,unknown
294,unknown,5,may,362,4,-1,0,unknown
295,unknown,5,may,357,2,-1,0,unknown
296,unknown,5,may,200,2,-1,0,unknown
297,unknown,5,may,204,2,-1,0,unknown
298,unknown,5,may,126,3,-1,0,unknown
299,unknown,5,may,65,2,-1,0,unknown
300,unknown,5,may,107,2,-1,0,unknown
301,unknown,5,may,267,2,-1,0,unknown
302,unknown,5,may,248,2,-1,0,unknown
303,unknown,5,may,215,2,-1,0,unknown
304,unknown,5,may,209,2,-1,0,unknown
305,unknown,5,may,205,2,-1,0,unknown
306,unknown,5,may,83,2,-1,0,unknown
307,unknown,5,may,106,3,-1,0,unknown
308,unknown,5,may,189,2,-1,0,unknown
309,unknown,5,may,105,2,-1,0,unknown
310,unknown,5,may,106,2,-1,0,unknown
311,unknown,5,may,108,2,-1,0,unknown
312,unknown,5,may,311,2,-1,0,unknown
313,unknown,5,may,214,2,-1,0,unknown
314,unknown,5,may,132,2,-1,0,unknown
315,unknown,5,may,358,2,-1,0,unknown
316,unknown,5,may,453,2,-1,0,unknown
317,unknown,5,may,364,2,-1,0,unknown
318,unknown,5,may,136,2,-1,0,unknown
319,unknown,5,may,386,2,-1,0,unknown
320,unknown,5,may,173,2,-1,0,unknown
321,unknown,5,may,241,2,-1,0,unknown
322,unknown,5,may,224,3,-1,0,unknown
323,unknown,5,may,148,2,-1,0,unknown
324,unknown,5,may,196,2,-1,0,unknown
325,unknown,5,may,111,4,-1,0,unknown
326,unknown,5,may,231,3,-1,0,unknown
327,unknown,5,may,316,3,-1,0,unknown
328,unknown,5,may,216,3,-1,0,unknown
329,unknown,5,may,240,2,-1,0,unknown
330,unknown,5,may,669,3,-1,0,unknown
331,unknown,5,may,425,2,-1,0,unknown
332,unknown,5,may,143,2,-1,0,unknown
333,unknown,5,may,174,5,-1,0,unknown
334,unknown,5,may,313,3,-1,0,unknown
335,unknown,5,may,135,4,-1,0,unknown
336,unknown,5,may,146,2,-1,0,unknown
337,unknown,5,may,152,2,-1,0,unknown
338,unknown,5,may,402,3,-1,0,unknown
339,unknown,5,may,213,2,-1,0,unknown
340,unknown,5,may,144,3,-1,0,unknown
341,unknown,5,may,124,3,-1,0,unknown
342,unknown,5,may,183,2,-1,0,unknown
343,unknown,5,may,325,2,-1,0,unknown
344,unknown,5,may,39,4,-1,0,unknown
345,unknown,5,may,503,2,-1,0,unknown
346,unknown,5,may,95,4,-1,0,unknown
347,unknown,5,may,680,2,-1,0,unknown
348,unknown,5,may,421,4,-1,0,unknown
349,unknown,5,may,174,3,-1,0,unknown
350,unknown,5,may,113,2,-1,0,unknown
351,unknown,5,may,808,2,-1,0,unknown
352,unknown,5,may,198,3,-1,0,unknown
353,unknown,5,may,195,2,-1,0,unknown
354,unknown,5,may,347,3,-1,0,unknown
355,unknown,5,may,208,2,-1,0,unknown
356,unknown,5,may,404,4,-1,0,unknown
357,unknown,5,may,396,2,-1,0,unknown
358,unknown,5,may,216,4,-1,0,unknown
359,unknown,5,may,98,2,-1,0,unknown
360,unknown,5,may,350,2,-1,0,unknown
361,unknown,6,may,114,2,-1,0,unknown
362,unknown,6,may,88,3,-1,0,unknown
363,unknown,6,may,379,2,-1,0,unknown
364,unknown,6,may,190,3,-1,0,unknown
365,unknown,6,may,158,1,-1,0,unknown
366,unknown,6,may,102,1,-1,0,unknown
367,unknown,6,may,306,1,-1,0,unknown
368,unknown,6,may,218,1,-1,0,unknown
369,unknown,6,may,54,1,-1,0,unknown
370,unknown,6,may,344,1,-1,0,unknown
371,unknown,6,may,195,1,-1,0,unknown
372,unknown,6,may,652,1,-1,0,unknown
373,unknown,6,may,286,1,-1,0,unknown
374,unknown,6,may,189,1,-1,0,unknown
375,unknown,6,may,83,1,-1,0,unknown
376,unknown,6,may,184,2,-1,0,unknown
377,unknown,6,may,235,1,-1,0,unknown
378,unknown,6,may,290,1,-1,0,unknown
379,unknown,6,may,232,1,-1,0,unknown
380,unknown,6,may,133,1,-1,0,unknown
381,unknown,6,may,318,1,-1,0,unknown
382,unknown,6,may,260,3,-1,0,unknown
383,unknown,6,may,437,1,-1,0,unknown
384,unknown,6,may,402,1,-1,0,unknown
385,unknown,6,may,85,1,-1,0,unknown
386,unknown,6,may,125,1,-1,0,unknown
387,unknown,6,may,501,4,-1,0,unknown
388,unknown,6,may,1201,1,-1,0,unknown
389,unknown,6,may,253,1,-1,0,unknown
390,unknown,6,may,1030,1,-1,0,unknown
391,unknown,6,may,149,1,-1,0,unknown
392,unknown,6,may,114,1,-1,0,unknown
393,unknown,6,may,243,1,-1,0,unknown
394,unknown,6,may,769,2,-1,0,unknown
395,unknown,6,may,135,3,-1,0,unknown
396,unknown,6,may,231,1,-1,0,unknown
397,unknown,6,may,76,1,-1,0,unknown
398,unknown,6,may,199,1,-1,0,unknown
399,unknown,6,may,152,1,-1,0,unknown
400,unknown,6,may,124,1,-1,0,unknown
401,unknown,6,may,424,1,-1,0,unknown
402,unknown,6,may,43,1,-1,0,unknown
403,unknown,6,may,154,1,-1,0,unknown
404,unknown,6,may,203,2,-1,0,unknown
405,unknown,6,may,326,1,-1,0,unknown
406,unknown,6,may,393,1,-1,0,unknown
407,unknown,6,may,241,3,-1,0,unknown
408,unknown,6,may,483,1,-1,0,unknown
409,unknown,6,may,259,1,-1,0,unknown
410,unknown,6,may,227,1,-1,0,unknown
411,unknown,6,may,673,1,-1,0,unknown
412,unknown,6,may,576,1,-1,0,unknown
413,unknown,6,may,180,2,-1,0,unknown
414,unknown,6,may,168,2,-1,0,unknown
415,unknown,6,may,90,1,-1,0,unknown
416,unknown,6,may,505,1,-1,0,unknown
417,unknown,6,may,245,1,-1,0,unknown
418,unknown,6,may,186,1,-1,0,unknown
419,unknown,6,may,623,1,-1,0,unknown
420,unknown,6,may,496,3,-1,0,unknown
421,unknown,6,may,118,1,-1,0,unknown
422,unknown,6,may,342,1,-1,0,unknown
423,unknown,6,may,225,1,-1,0,unknown
424,unknown,6,may,185,3,-1,0,unknown
425,unknown,6,may,196,2,-1,0,unknown
426,unknown,6,may,276,1,-1,0,unknown
427,unknown,6,may,76,1,-1,0,unknown
428,unknown,6,may,87,1,-1,0,unknown
429,unknown,6,may,195,1,-1,0,unknown
430,unknown,6,may,744,1,-1,0,unknown
431,unknown,6,may,765,1,-1,0,unknown
432,unknown,6,may,262,1,-1,0,unknown
433,unknown,6,may,119,1,-1,0,unknown
434,unknown,6,may,198,2,-1,0,unknown
435,unknown,6,may,150,1,-1,0,unknown
436,unknown,6,may,241,1,-1,0,unknown
437,unknown,6,may,181,1,-1,0,unknown
438,unknown,6,may,196,1,-1,0,unknown
439,unknown,6,may,149,1,-1,0,unknown
440,unknown,6,may,246,1,-1,0,unknown
441,unknown,6,may,112,1,-1,0,unknown
442,unknown,6,may,309,2,-1,0,unknown
443,unknown,6,may,278,1,-1,0,unknown
444,unknown,6,may,140,1,-1,0,unknown
445,unknown,6,may,136,1,-1,0,unknown
446,unknown,6,may,1623,1,-1,0,unknown
447,unknown,6,may,101,1,-1,0,unknown
448,unknown,6,may,144,1,-1,0,unknown
449,unknown,6,may,238,1,-1,0,unknown
450,unknown,6,may,354,1,-1,0,unknown
451,unknown,6,may,79,1,-1,0,unknown
452,unknown,6,may,187,1,-1,0,unknown
453,unknown,6,may,451,2,-1,0,unknown
454,unknown,6,may,159,1,-1,0,unknown
455,unknown,6,may,409,1,-1,0,unknown
456,unknown,6,may,170,1,-1,0,unknown
457,unknown,6,may,608,1,-1,0,unknown
458,unknown,6,may,243,1,-1,0,unknown
459,unknown,6,may,145,2,-1,0,unknown
460,unknown,6,may,112,1,-1,0,unknown
461,unknown,6,may,262,2,-1,0,unknown
462,unknown,6,may,124,1,-1,0,unknown
463,unknown,6,may,53,1,-1,0,unknown
464,unknown,6,may,134,1,-1,0,unknown
465,unknown,6,may,204,4,-1,0,unknown
466,unknown,6,may,186,1,-1,0,unknown
467,unknown,6,may,678,1,-1,0,unknown
468,unknown,6,may,182,1,-1,0,unknown
469,unknown,6,may,162,1,-1,0,unknown
470,unknown,6,may,27,1,-1,0,unknown
471,unknown,6,may,699,3,-1,0,unknown
472,unknown,6,may,43,1,-1,0,unknown
473,unknown,6,may,97,1,-1,0,unknown
474,unknown,6,may,1677,1,-1,0,unknown
475,unknown,6,may,283,2,-1,0,unknown
476,unknown,6,may,323,1,-1,0,unknown
477,unknown,6,may,82,1,-1,0,unknown
478,unknown,6,may,310,1,-1,0,unknown
479,unknown,6,may,185,1,-1,0,unknown
480,unknown,6,may,47,1,-1,0,unknown
481,unknown,6,may,145,1,-1,0,unknown
482,unknown,6,may,204,1,-1,0,unknown
483,unknown,6,may,187,1,-1,0,unknown
484,unknown,6,may,30,2,-1,0,unknown
485,unknown,6,may,472,1,-1,0,unknown
486,unknown,6,may,448,1,-1,0,unknown
487,unknown,6,may,264,1,-1,0,unknown
488,unknown,6,may,169,1,-1,0,unknown
489,unknown,6,may,288,1,-1,0,unknown
490,unknown,6,may,176,2,-1,0,unknown
491,unknown,6,may,215,1,-1,0,unknown
492,unknown,6,may,337,1,-1,0,unknown
493,unknown,6,may,278,1,-1,0,unknown
494,unknown,6,may,188,2,-1,0,unknown
495,unknown,6,may,174,2,-1,0,unknown
496,unknown,6,may,226,2,-1,0,unknown
497,unknown,6,may,190,1,-1,0,unknown
498,unknown,6,may,111,2,-1,0,unknown
499,unknown,6,may,164,1,-1,0,unknown
500,unknown,6,may,157,2,-1,0,unknown
501,unknown,6,may,46,1,-1,0,unknown
502,unknown,6,may,374,1,-1,0,unknown
503,unknown,6,may,349,1,-1,0,unknown
504,unknown,6,may,325,1,-1,0,unknown
505,unknown,6,may,233,2,-1,0,unknown
506,unknown,6,may,531,1,-1,0,unknown
507,unknown,6,may,153,1,-1,0,unknown
508,unknown,6,may,80,1,-1,0,unknown
509,unknown,6,may,232,1,-1,0,unknown
510,unknown,6,may,118,1,-1,0,unknown
511,unknown,6,may,190,1,-1,0,unknown
512,unknown,6,may,918,1,-1,0,unknown
513,unknown,6,may,238,1,-1,0,unknown
514,unknown,6,may,82,1,-1,0,unknown
515,unknown,6,may,198,3,-1,0,unknown
516,unknown,6,may,160,2,-1,0,unknown
517,unknown,6,may,211,1,-1,0,unknown
518,unknown,6,may,120,1,-1,0,unknown
519,unknown,6,may,136,1,-1,0,unknown
520,unknown,6,may,269,1,-1,0,unknown
521,unknown,6,may,157,1,-1,0,unknown
522,unknown,6,may,128,1,-1,0,unknown
523,unknown,6,may,211,1,-1,0,unknown
524,unknown,6,may,267,2,-1,0,unknown
525,unknown,6,may,371,2,-1,0,unknown
526,unknown,6,may,288,2,-1,0,unknown
527,unknown,6,may,221,1,-1,0,unknown
528,unknown,6,may,427,1,-1,0,unknown
529,unknown,6,may,310,1,-1,0,unknown
530,unknown,6,may,158,1,-1,0,unknown
531,unknown,6,may,604,3,-1,0,unknown
532,unknown,6,may,198,1,-1,0,unknown
533,unknown,6,may,145,1,-1,0,unknown
534,unknown,6,may,247,1,-1,0,unknown
535,unknown,6,may,179,2,-1,0,unknown
536,unknown,6,may,73,1,-1,0,unknown
537,unknown,6,may,263,2,-1,0,unknown
538,unknown,6,may,13,1,-1,0,unknown
539,unknown,6,may,79,2,-1,0,unknown
540,unknown,6,may,416,1,-1,0,unknown
541,unknown,6,may,162,1,-1,0,unknown
542,unknown,6,may,129,1,-1,0,unknown
543,unknown,6,may,150,1,-1,0,unknown
544,unknown,6,may,43,1,-1,0,unknown
545,unknown,6,may,191,1,-1,0,unknown
546,unknown,6,may,26,1,-1,0,unknown
547,unknown,6,may,250,1,-1,0,unknown
548,unknown,6,may,146,1,-1,0,unknown
549,unknown,6,may,416,1,-1,0,unknown
550,unknown,6,may,121,2,-1,0,unknown
551,unknown,6,may,114,2,-1,0,unknown
552,unknown,6,may,289,1,-1,0,unknown
553,unknown,6,may,225,1,-1,0,unknown
554,unknown,6,may,123,1,-1,0,unknown
555,unknown,6,may,130,2,-1,0,unknown
556,unknown,6,may,161,2,-1,0,unknown
557,unknown,6,may,149,2,-1,0,unknown
558,unknown,6,may,268,2,-1,0,unknown
559,unknown,6,may,259,2,-1,0,unknown
560,unknown,6,may,26,1,-1,0,unknown
561,unknown,6,may,153,1,-1,0,unknown
562,unknown,6,may,424,2,-1,0,unknown
563,unknown,6,may,179,2,-1,0,unknown
564,unknown,6,may,97,1,-1,0,unknown
565,unknown,6,may,383,1,-1,0,unknown
566,unknown,6,may,440,1,-1,0,unknown
567,unknown,6,may,23,1,-1,0,unknown
568,unknown,6,may,195,1,-1,0,unknown
569,unknown,6,may,1297,3,-1,0,unknown
570,unknown,6,may,87,1,-1,0,unknown
571,unknown,6,may,427,1,-1,0,unknown
572,unknown,6,may,189,1,-1,0,unknown
573,unknown,6,may,195,1,-1,0,unknown
574,unknown,6,may,179,1,-1,0,unknown
575,unknown,6,may,179,1,-1,0,unknown
576,unknown,6,may,69,1,-1,0,unknown
577,unknown,6,may,105,2,-1,0,unknown
578,unknown,6,may,266,3,-1,0,unknown
579,unknown,6,may,524,2,-1,0,unknown
580,unknown,6,may,96,2,-1,0,unknown
581,unknown,6,may,155,2,-1,0,unknown
582,unknown,6,may,162,2,-1,0,unknown
583,unknown,6,may,352,2,-1,0,unknown
584,unknown,6,may,76,4,-1,0,unknown
585,unknown,6,may,154,2,-1,0,unknown
586,unknown,6,may,310,2,-1,0,unknown
587,unknown,6,may,390,3,-1,0,unknown
588,unknown,6,may,369,1,-1,0,unknown
589,unknown,6,may,112,2,-1,0,unknown
590,unknown,6,may,341,3,-1,0,unknown
591,unknown,6,may,79,1,-1,0,unknown
592,unknown,6,may,140,2,-1,0,unknown
593,unknown,6,may,315,1,-1,0,unknown
594,unknown,6,may,262,2,-1,0,unknown
595,unknown,6,may,174,2,-1,0,unknown
596,unknown,6,may,138,3,-1,0,unknown
597,unknown,6,may,526,2,-1,0,unknown
598,unknown,6,may,135,1,-1,0,unknown
599,unknown,6,may,36,5,-1,0,unknown
600,unknown,6,may,1906,3,-1,0,unknown
601,unknown,6,may,219,2,-1,0,unknown
602,unknown,6,may,147,2,-1,0,unknown
603,unknown,6,may,407,2,-1,0,unknown
604,unknown,6,may,121,1,-1,0,unknown
605,unknown,6,may,209,1,-1,0,unknown
606,unknown,6,may,92,2,-1,0,unknown
607,unknown,6,may,208,1,-1,0,unknown
608,unknown,6,may,193,1,-1,0,unknown
609,unknown,6,may,144,1,-1,0,unknown
610,unknown,6,may,65,1,-1,0,unknown
611,unknown,6,may,339,1,-1,0,unknown
612,unknown,6,may,285,1,-1,0,unknown
613,unknown,6,may,231,1,-1,0,unknown
614,unknown,6,may,168,1,-1,0,unknown
615,unknown,6,may,278,1,-1,0,unknown
616,unknown,6,may,389,1,-1,0,unknown
617,unknown,6,may,158,1,-1,0,unknown
618,unknown,6,may,145,2,-1,0,unknown
619,unknown,6,may,78,2,-1,0,unknown
620,unknown,6,may,142,3,-1,0,unknown
621,unknown,6,may,87,1,-1,0,unknown
622,unknown,6,may,147,2,-1,0,unknown
623,unknown,6,may,289,1,-1,0,unknown
624,unknown,6,may,703,1,-1,0,unknown
625,unknown,6,may,170,3,-1,0,unknown
626,unknown,6,may,802,1,-1,0,unknown
627,unknown,6,may,381,2,-1,0,unknown
628,unknown,6,may,218,4,-1,0,unknown
629,unknown,6,may,57,2,-1,0,unknown
630,unknown,6,may,304,2,-1,0,unknown
631,unknown,6,may,241,3,-1,0,unknown
632,unknown,6,may,230,1,-1,0,unknown
633,unknown,6,may,262,3,-1,0,unknown
634,unknown,6,may,392,2,-1,0,unknown
635,unknown,6,may,201,2,-1,0,unknown
636,unknown,6,may,145,1,-1,0,unknown
637,unknown,6,may,252,1,-1,0,unknown
638,unknown,6,may,235,4,-1,0,unknown
639,unknown,6,may,235,2,-1,0,unknown
640,unknown,6,may,328,2,-1,0,unknown
641,unknown,6,may,116,2,-1,0,unknown
642,unknown,6,may,246,1,-1,0,unknown
643,unknown,6,may,293,1,-1,0,unknown
644,unknown,6,may,37,2,-1,0,unknown
645,unknown,6,may,132,2,-1,0,unknown
646,unknown,6,may,530,2,-1,0,unknown
647,unknown,6,may,175,3,-1,0,unknown
648,unknown,6,may,524,2,-1,0,unknown
649,unknown,6,may,29,3,-1,0,unknown
650,unknown,6,may,311,2,-1,0,unknown
651,unknown,6,may,211,2,-1,0,unknown
652,unknown,6,may,312,3,-1,0,unknown
653,unknown,6,may,412,1,-1,0,unknown
654,unknown,6,may,392,1,-1,0,unknown
655,unknown,6,may,191,1,-1,0,unknown
656,unknown,6,may,284,2,-1,0,unknown
657,unknown,6,may,144,1,-1,0,unknown
658,unknown,6,may,328,1,-1,0,unknown
659,unknown,6,may,100,1,-1,0,unknown
660,unknown,6,may,226,1,-1,0,unknown
661,unknown,6,may,507,1,-1,0,unknown
662,unknown,6,may,392,1,-1,0,unknown
663,unknown,6,may,684,2,-1,0,unknown
664,unknown,6,may,333,2,-1,0,unknown
665,unknown,6,may,311,3,-1,0,unknown
666,unknown,6,may,128,2,-1,0,unknown
667,unknown,6,may,322,2,-1,0,unknown
668,unknown,6,may,202,4,-1,0,unknown
669,unknown,6,may,92,2,-1,0,unknown
670,unknown,6,may,739,3,-1,0,unknown
671,unknown,6,may,273,2,-1,0,unknown
672,unknown,6,may,260,3,-1,0,unknown
673,unknown,6,may,268,2,-1,0,unknown
674,unknown,6,may,396,2,-1,0,unknown
675,unknown,6,may,262,1,-1,0,unknown
676,unknown,6,may,308,3,-1,0,unknown
677,unknown,6,may,467,2,-1,0,unknown
678,unknown,6,may,320,1,-1,0,unknown
679,unknown,6,may,160,3,-1,0,unknown
680,unknown,6,may,245,2,-1,0,unknown
681,unknown,6,may,189,2,-1,0,unknown
682,unknown,6,may,477,1,-1,0,unknown
683,unknown,6,may,310,1,-1,0,unknown
684,unknown,6,may,65,3,-1,0,unknown
685,unknown,6,may,196,2,-1,0,unknown
686,unknown,6,may,221,2,-1,0,unknown
687,unknown,6,may,197,2,-1,0,unknown
688,unknown,6,may,221,2,-1,0,unknown
689,unknown,6,may,64,2,-1,0,unknown
690,unknown,6,may,75,2,-1,0,unknown
691,unknown,6,may,400,2,-1,0,unknown
692,unknown,6,may,378,3,-1,0,unknown
693,unknown,6,may,118,2,-1,0,unknown
694,unknown,6,may,1597,2,-1,0,unknown
695,unknown,6,may,346,2,-1,0,unknown
696,unknown,6,may,60,3,-1,0,unknown
697,unknown,6,may,276,2,-1,0,unknown
698,unknown,6,may,152,2,-1,0,unknown
699,unknown,6,may,251,3,-1,0,unknown
700,unknown,6,may,390,2,-1,0,unknown
701,unknown,6,may,306,2,-1,0,unknown
702,unknown,6,may,189,3,-1,0,unknown
703,unknown,6,may,125,2,-1,0,unknown
704,unknown,6,may,234,2,-1,0,unknown
705,unknown,6,may,79,2,-1,0,unknown
706,unknown,6,may,13,6,-1,0,unknown
707,unknown,6,may,283,3,-1,0,unknown
708,unknown,6,may,109,2,-1,0,unknown
709,unknown,6,may,132,2,-1,0,unknown
710,unknown,6,may,144,2,-1,0,unknown
711,unknown,6,may,121,2,-1,0,unknown
712,unknown,6,may,95,3,-1,0,unknown
713,unknown,6,may,31,3,-1,0,unknown
714,unknown,6,may,112,3,-1,0,unknown
715,unknown,6,may,87,4,-1,0,unknown
716,unknown,6,may,593,2,-1,0,unknown
717,unknown,6,may,99,2,-1,0,unknown
718,unknown,6,may,198,2,-1,0,unknown
719,unknown,6,may,285,2,-1,0,unknown
720,unknown,6,may,190,3,-1,0,unknown
721,unknown,6,may,172,5,-1,0,unknown
722,unknown,6,may,213,3,-1,0,unknown
723,unknown,6,may,178,2,-1,0,unknown
724,unknown,6,may,174,2,-1,0,unknown
725,unknown,6,may,631,2,-1,0,unknown
726,unknown,6,may,176,5,-1,0,unknown
727,unknown,6,may,32,3,-1,0,unknown
728,unknown,6,may,1529,2,-1,0,unknown
729,unknown,6,may,254,2,-1,0,unknown
730,unknown,6,may,200,2,-1,0,unknown
731,unknown,6,may,135,2,-1,0,unknown
732,unknown,6,may,112,4,-1,0,unknown
733,unknown,6,may,314,3,-1,0,unknown
734,unknown,6,may,597,3,-1,0,unknown
735,unknown,6,may,207,3,-1,0,unknown
736,unknown,6,may,410,2,-1,0,unknown
737,unknown,6,may,160,3,-1,0,unknown
738,unknown,6,may,42,3,-1,0,unknown
739,unknown,6,may,55,2,-1,0,unknown
740,unknown,6,may,155,2,-1,0,unknown
741,unknown,6,may,336,3,-1,0,unknown
742,unknown,6,may,233,2,-1,0,unknown
743,unknown,6,may,211,2,-1,0,unknown
744,unknown,6,may,88,5,-1,0,unknown
745,unknown,6,may,208,3,-1,0,unknown
746,unknown,6,may,305,2,-1,0,unknown
747,unknown,6,may,206,2,-1,0,unknown
748,unknown,6,may,128,2,-1,0,unknown
749,unknown,6,may,122,3,-1,0,unknown
750,unknown,6,may,66,3,-1,0,unknown
751,unknown,6,may,66,2,-1,0,unknown
752,unknown,6,may,164,2,-1,0,unknown
753,unknown,6,may,343,3,-1,0,unknown
754,unknown,6,may,126,2,-1,0,unknown
755,unknown,6,may,59,3,-1,0,unknown
756,unknown,6,may,249,3,-1,0,unknown
757,unknown,6,may,406,3,-1,0,unknown
758,unknown,6,may,250,7,-1,0,unknown
759,unknown,6,may,183,5,-1,0,unknown
760,unknown,6,may,190,3,-1,0,unknown
761,unknown,6,may,220,2,-1,0,unknown
762,unknown,6,may,153,3,-1,0,unknown
763,unknown,6,may,95,2,-1,0,unknown
764,unknown,6,may,191,3,-1,0,unknown
765,unknown,6,may,216,2,-1,0,unknown
766,unknown,7,may,89,2,-1,0,unknown
767,unknown,7,may,51,3,-1,0,unknown
768,unknown,7,may,169,3,-1,0,unknown
769,unknown,7,may,148,3,-1,0,unknown
770,unknown,7,may,132,3,-1,0,unknown
771,unknown,7,may,117,3,-1,0,unknown
772,unknown,7,may,275,4,-1,0,unknown
773,unknown,7,may,124,2,-1,0,unknown
774,unknown,7,may,118,3,-1,0,unknown
775,unknown,7,may,479,2,-1,0,unknown
776,unknown,7,may,285,3,-1,0,unknown
777,unknown,7,may,35,4,-1,0,unknown
778,unknown,7,may,322,2,-1,0,unknown
779,unknown,7,may,202,2,-1,0,unknown
780,unknown,7,may,172,8,-1,0,unknown
781,unknown,7,may,201,4,-1,0,unknown
782,unknown,7,may,216,3,-1,0,unknown
783,unknown,7,may,195,2,-1,0,unknown
784,unknown,7,may,96,2,-1,0,unknown
785,unknown,7,may,720,2,-1,0,unknown
786,unknown,7,may,188,2,-1,0,unknown
787,unknown,7,may,70,2,-1,0,unknown
788,unknown,7,may,141,3,-1,0,unknown
789,unknown,7,may,106,1,-1,0,unknown
790,unknown,7,may,395,2,-1,0,unknown
791,unknown,7,may,629,2,-1,0,unknown
792,unknown,7,may,502,1,-1,0,unknown
793,unknown,7,may,446,1,-1,0,unknown
794,unknown,7,may,241,1,-1,0,unknown
795,unknown,7,may,131,3,-1,0,unknown
796,unknown,7,may,312,1,-1,0,unknown
797,unknown,7,may,275,6,-1,0,unknown
798,unknown,7,may,120,2,-1,0,unknown
799,unknown,7,may,333,4,-1,0,unknown
800,unknown,7,may,113,1,-1,0,unknown
801,unknown,7,may,91,1,-1,0,unknown
802,unknown,7,may,128,3,-1,0,unknown
803,unknown,7,may,200,2,-1,0,unknown
804,unknown,7,may,326,1,-1,0,unknown
805,unknown,7,may,292,1,-1,0,unknown
806,unknown,7,may,68,1,-1,0,unknown
807,unknown,7,may,215,1,-1,0,unknown
808,unknown,7,may,97,1,-1,0,unknown
809,unknown,7,may,32,1,-1,0,unknown
810,unknown,7,may,162,1,-1,0,unknown
811,unknown,7,may,152,3,-1,0,unknown
812,unknown,7,may,268,1,-1,0,unknown
813,unknown,7,may,104,2,-1,0,unknown
814,unknown,7,may,852,1,-1,0,unknown
815,unknown,7,may,923,3,-1,0,unknown
816,unknown,7,may,159,2,-1,0,unknown
817,unknown,7,may,953,3,-1,0,unknown
818,unknown,7,may,416,2,-1,0,unknown
819,unknown,7,may,174,1,-1,0,unknown
820,unknown,7,may,180,1,-1,0,unknown
821,unknown,7,may,139,1,-1,0,unknown
822,unknown,7,may,294,1,-1,0,unknown
823,unknown,7,may,102,1,-1,0,unknown
824,unknown,7,may,124,1,-1,0,unknown
825,unknown,7,may,128,1,-1,0,unknown
826,unknown,7,may,130,1,-1,0,unknown
827,unknown,7,may,143,1,-1,0,unknown
828,unknown,7,may,74,1,-1,0,unknown
829,unknown,7,may,105,2,-1,0,unknown
830,unknown,7,may,477,2,-1,0,unknown
831,unknown,7,may,158,1,-1,0,unknown
832,unknown,7,may,250,1,-1,0,unknown
833,unknown,7,may,168,1,-1,0,unknown
834,unknown,7,may,520,1,-1,0,unknown
835,unknown,7,may,171,1,-1,0,unknown
836,unknown,7,may,113,1,-1,0,unknown
837,unknown,7,may,254,1,-1,0,unknown
838,unknown,7,may,149,1,-1,0,unknown
839,unknown,7,may,133,2,-1,0,unknown
840,unknown,7,may,293,3,-1,0,unknown
841,unknown,7,may,485,1,-1,0,unknown
842,unknown,7,may,374,1,-1,0,unknown
843,unknown,7,may,425,6,-1,0,unknown
844,unknown,7,may,207,1,-1,0,unknown
845,unknown,7,may,83,3,-1,0,unknown
846,unknown,7,may,228,1,-1,0,unknown
847,unknown,7,may,149,1,-1,0,unknown
848,unknown,7,may,139,1,-1,0,unknown
849,unknown,7,may,732,2,-1,0,unknown
850,unknown,7,may,142,1,-1,0,unknown
851,unknown,7,may,359,1,-1,0,unknown
852,unknown,7,may,112,1,-1,0,unknown
853,unknown,7,may,1521,1,-1,0,unknown
854,unknown,7,may,216,1,-1,0,unknown
855,unknown,7,may,161,1,-1,0,unknown
856,unknown,7,may,122,2,-1,0,unknown
857,unknown,7,may,800,1,-1,0,unknown
858,unknown,7,may,615,1,-1,0,unknown
859,unknown,7,may,254,1,-1,0,unknown
860,unknown,7,may,111,1,-1,0,unknown
861,unknown,7,may,354,1,-1,0,unknown
862,unknown,7,may,359,1,-1,0,unknown
863,unknown,7,may,97,1,-1,0,unknown
864,unknown,7,may,327,3,-1,0,unknown
865,unknown,7,may,236,1,-1,0,unknown
866,unknown,7,may,160,1,-1,0,unknown
867,unknown,7,may,180,1,-1,0,unknown
868,unknown,7,may,184,1,-1,0,unknown
869,unknown,7,may,227,1,-1,0,unknown
870,unknown,7,may,109,1,-1,0,unknown
871,unknown,7,may,492,2,-1,0,unknown
872,unknown,7,may,298,1,-1,0,unknown
873,unknown,7,may,83,2,-1,0,unknown
874,unknown,7,may,241,2,-1,0,unknown
875,unknown,7,may,204,2,-1,0,unknown
876,unknown,7,may,131,1,-1,0,unknown
877,unknown,7,may,1138,1,-1,0,unknown
878,unknown,7,may,123,1,-1,0,unknown
879,unknown,7,may,125,1,-1,0,unknown
880,unknown,7,may,295,2,-1,0,unknown
881,unknown,7,may,287,1,-1,0,unknown
882,unknown,7,may,109,1,-1,0,unknown
883,unknown,7,may,140,2,-1,0,unknown
884,unknown,7,may,204,1,-1,0,unknown
885,unknown,7,may,233,1,-1,0,unknown
886,unknown,7,may,254,1,-1,0,unknown
887,unknown,7,may,184,2,-1,0,unknown
888,unknown,7,may,193,1,-1,0,unknown
889,unknown,7,may,126,1,-1,0,unknown
890,unknown,7,may,230,1,-1,0,unknown
891,unknown,7,may,591,1,-1,0,unknown
892,unknown,7,may,294,1,-1,0,unknown
893,unknown,7,may,173,1,-1,0,unknown
894,unknown,7,may,336,1,-1,0,unknown
895,unknown,7,may,19,1,-1,0,unknown
896,unknown,7,may,153,1,-1,0,unknown
897,unknown,7,may,786,1,-1,0,unknown
898,unknown,7,may,99,2,-1,0,unknown
899,unknown,7,may,243,1,-1,0,unknown
900,unknown,7,may,260,1,-1,0,unknown
901,unknown,7,may,164,2,-1,0,unknown
902,unknown,7,may,255,2,-1,0,unknown
903,unknown,7,may,47,1,-1,0,unknown
904,unknown,7,may,463,1,-1,0,unknown
905,unknown,7,may,192,1,-1,0,unknown
906,unknown,7,may,388,7,-1,0,unknown
907,unknown,7,may,221,1,-1,0,unknown
908,unknown,7,may,126,5,-1,0,unknown
909,unknown,7,may,175,5,-1,0,unknown
910,unknown,7,may,256,6,-1,0,unknown
911,unknown,7,may,202,2,-1,0,unknown
912,unknown,7,may,104,1,-1,0,unknown
913,unknown,7,may,283,2,-1,0,unknown
914,unknown,7,may,448,1,-1,0,unknown
915,unknown,7,may,127,1,-1,0,unknown
916,unknown,7,may,378,1,-1,0,unknown
917,unknown,7,may,67,1,-1,0,unknown
918,unknown,7,may,221,2,-1,0,unknown
919,unknown,7,may,150,1,-1,0,unknown
920,unknown,7,may,144,2,-1,0,unknown
921,unknown,7,may,296,2,-1,0,unknown
922,unknown,7,may,401,2,-1,0,unknown
923,unknown,7,may,435,2,-1,0,unknown
924,unknown,7,may,388,1,-1,0,unknown
925,unknown,7,may,245,1,-1,0,unknown
926,unknown,7,may,143,1,-1,0,unknown
927,unknown,7,may,223,2,-1,0,unknown
928,unknown,7,may,423,1,-1,0,unknown
929,unknown,7,may,231,1,-1,0,unknown
930,unknown,7,may,634,2,-1,0,unknown
931,unknown,7,may,107,1,-1,0,unknown
932,unknown,7,may,227,1,-1,0,unknown
933,unknown,7,may,69,1,-1,0,unknown
934,unknown,7,may,799,1,-1,0,unknown
935,unknown,7,may,109,1,-1,0,unknown
936,unknown,7,may,127,1,-1,0,unknown
937,unknown,7,may,120,1,-1,0,unknown
938,unknown,7,may,68,3,-1,0,unknown
939,unknown,7,may,180,2,-1,0,unknown
940,unknown,7,may,112,3,-1,0,unknown
941,unknown,7,may,444,1,-1,0,unknown
942,unknown,7,may,246,2,-1,0,unknown
943,unknown,7,may,259,4,-1,0,unknown
944,unknown,7,may,223,3,-1,0,unknown
945,unknown,7,may,566,2,-1,0,unknown
946,unknown,7,may,274,2,-1,0,unknown
947,unknown,7,may,49,3,-1,0,unknown
948,unknown,7,may,380,2,-1,0,unknown
949,unknown,7,may,138,1,-1,0,unknown
950,unknown,7,may,376,2,-1,0,unknown
951,unknown,7,may,421,2,-1,0,unknown
952,unknown,7,may,121,2,-1,0,unknown
953,unknown,7,may,36,1,-1,0,unknown
954,unknown,7,may,328,2,-1,0,unknown
955,unknown,7,may,19,1,-1,0,unknown
956,unknown,7,may,866,2,-1,0,unknown
957,unknown,7,may,229,3,-1,0,unknown
958,unknown,7,may,154,2,-1,0,unknown
959,unknown,7,may,56,1,-1,0,unknown
960,unknown,7,may,1581,2,-1,0,unknown
961,unknown,7,may,117,1,-1,0,unknown
962,unknown,7,may,185,1,-1,0,unknown
963,unknown,7,may,202,1,-1,0,unknown
964,unknown,7,may,279,1,-1,0,unknown
965,unknown,7,may,180,5,-1,0,unknown
966,unknown,7,may,218,4,-1,0,unknown
967,unknown,7,may,129,5,-1,0,unknown
968,unknown,7,may,530,2,-1,0,unknown
969,unknown,7,may,104,2,-1,0,unknown
970,unknown,7,may,60,1,-1,0,unknown
971,unknown,7,may,432,1,-1,0,unknown
972,unknown,7,may,113,1,-1,0,unknown
973,unknown,7,may,516,1,-1,0,unknown
974,unknown,7,may,179,2,-1,0,unknown
975,unknown,7,may,125,2,-1,0,unknown
976,unknown,7,may,386,2,-1,0,unknown
977,unknown,7,may,262,2,-1,0,unknown
978,unknown,7,may,396,2,-1,0,unknown
979,unknown,7,may,294,2,-1,0,unknown
980,unknown,7,may,171,2,-1,0,unknown
981,unknown,7,may,614,2,-1,0,unknown
982,unknown,7,may,118,3,-1,0,unknown
983,unknown,7,may,485,4,-1,0,unknown
984,unknown,7,may,406,2,-1,0,unknown
985,unknown,7,may,287,1,-1,0,unknown
986,unknown,7,may,216,2,-1,0,unknown
987,unknown,7,may,650,1,-1,0,unknown
988,unknown,7,may,55,1,-1,0,unknown
989,unknown,7,may,371,2,-1,0,unknown
990,unknown,7,may,166,1,-1,0,unknown
991,unknown,7,may,48,1,-1,0,unknown
992,unknown,7,may,72,1,-1,0,unknown
993,unknown,7,may,55,1,-1,0,unknown
994,unknown,7,may,144,1,-1,0,unknown
995,unknown,7,may,474,1,-1,0,unknown
996,unknown,7,may,559,1,-1,0,unknown
997,unknown,7,may,261,1,-1,0,unknown
998,unknown,7,may,1101,1,-1,0,unknown
999,unknown,7,may,236,2,-1,0,unknown
1000,unknown,7,may,164,1,-1,0,unknown
1001,unknown,7,may,93,1,-1,0,unknown
1002,unknown,7,may,912,2,-1,0,unknown
1003,unknown,7,may,179,2,-1,0,unknown
1004,unknown,7,may,485,1,-1,0,unknown
1005,unknown,7,may,206,2,-1,0,unknown
1006,unknown,7,may,311,1,-1,0,unknown
1007,unknown,7,may,690,2,-1,0,unknown
1008,unknown,7,may,362,1,-1,0,unknown
1009,unknown,7,may,274,1,-1,0,unknown
1010,unknown,7,may,163,1,-1,0,unknown
1011,unknown,7,may,345,1,-1,0,unknown
1012,unknown,7,may,329,1,-1,0,unknown
1013,unknown,7,may,68,1,-1,0,unknown
1014,unknown,7,may,143,3,-1,0,unknown
1015,unknown,7,may,1062,1,-1,0,unknown
1016,unknown,7,may,71,1,-1,0,unknown
1017,unknown,7,may,106,1,-1,0,unknown
1018,unknown,7,may,688,2,-1,0,unknown
1019,unknown,7,may,103,3,-1,0,unknown
1020,unknown,7,may,349,2,-1,0,unknown
1021,unknown,7,may,78,5,-1,0,unknown
1022,unknown,7,may,194,1,-1,0,unknown
1023,unknown,7,may,224,5,-1,0,unknown
1024,unknown,7,may,98,1,-1,0,unknown
1025,unknown,7,may,607,1,-1,0,unknown
1026,unknown,7,may,398,1,-1,0,unknown
1027,unknown,7,may,103,2,-1,0,unknown
1028,unknown,7,may,241,2,-1,0,unknown
1029,unknown,7,may,203,1,-1,0,unknown
1030,unknown,7,may,96,3,-1,0,unknown
1031,unknown,7,may,238,3,-1,0,unknown
1032,unknown,7,may,153,3,-1,0,unknown
1033,unknown,7,may,481,1,-1,0,unknown
1034,unknown,7,may,2177,4,-1,0,unknown
1035,unknown,7,may,119,3,-1,0,unknown
1036,unknown,7,may,245,2,-1,0,unknown
1037,unknown,7,may,152,2,-1,0,unknown
1038,unknown,7,may,418,2,-1,0,unknown
1039,unknown,7,may,198,2,-1,0,unknown
1040,unknown,7,may,198,2,-1,0,unknown
1041,unknown,7,may,374,1,-1,0,unknown
1042,unknown,7,may,51,1,-1,0,unknown
1043,unknown,7,may,263,1,-1,0,unknown
1044,unknown,7,may,229,2,-1,0,unknown
1045,unknown,7,may,154,2,-1,0,unknown
1046,unknown,7,may,278,6,-1,0,unknown
1047,unknown,7,may,306,5,-1,0,unknown
1048,unknown,7,may,114,2,-1,0,unknown
1049,unknown,7,may,94,2,-1,0,unknown
1050,unknown,7,may,208,2,-1,0,unknown
1051,unknown,7,may,169,2,-1,0,unknown
1052,unknown,7,may,332,2,-1,0,unknown
1053,unknown,7,may,263,6,-1,0,unknown
1054,unknown,7,may,353,3,-1,0,unknown
1055,unknown,7,may,108,6,-1,0,unknown
1056,unknown,7,may,441,2,-1,0,unknown
1057,unknown,7,may,46,3,-1,0,unknown
1058,unknown,7,may,266,2,-1,0,unknown
1059,unknown,7,may,223,2,-1,0,unknown
1060,unknown,7,may,105,2,-1,0,unknown
1061,unknown,7,may,165,3,-1,0,unknown
1062,unknown,7,may,381,2,-1,0,unknown
1063,unknown,7,may,228,3,-1,0,unknown
1064,unknown,7,may,128,2,-1,0,unknown
1065,unknown,7,may,764,3,-1,0,unknown
1066,unknown,7,may,113,3,-1,0,unknown
1067,unknown,7,may,396,4,-1,0,unknown
1068,unknown,7,may,133,3,-1,0,unknown
1069,unknown,7,may,42,2,-1,0,unknown
1070,unknown,7,may,234,4,-1,0,unknown
1071,unknown,7,may,297,3,-1,0,unknown
1072,unknown,7,may,50,2,-1,0,unknown
1073,unknown,7,may,214,2,-1,0,unknown
1074,unknown,7,may,110,2,-1,0,unknown
1075,unknown,7,may,99,2,-1,0,unknown
1076,unknown,7,may,274,4,-1,0,unknown
1077,unknown,7,may,191,4,-1,0,unknown
1078,unknown,7,may,305,3,-1,0,unknown
1079,unknown,7,may,134,2,-1,0,unknown
1080,unknown,7,may,112,4,-1,0,unknown
1081,unknown,7,may,283,3,-1,0,unknown
1082,unknown,7,may,353,4,-1,0,unknown
1083,unknown,7,may,212,2,-1,0,unknown
1084,unknown,7,may,225,2,-1,0,unknown
1085,unknown,7,may,283,1,-1,0,unknown
1086,unknown,7,may,1273,1,-1,0,unknown
1087,unknown,7,may,1574,2,-1,0,unknown
1088,unknown,7,may,139,3,-1,0,unknown
1089,unknown,7,may,228,2,-1,0,unknown
1090,unknown,7,may,62,5,-1,0,unknown
1091,unknown,7,may,256,3,-1,0,unknown
1092,unknown,7,may,564,3,-1,0,unknown
1093,unknown,7,may,245,2,-1,0,unknown
1094,unknown,7,may,161,2,-1,0,unknown
1095,unknown,7,may,79,4,-1,0,unknown
1096,unknown,7,may,152,3,-1,0,unknown
1097,unknown,7,may,591,3,-1,0,unknown
1098,unknown,7,may,113,2,-1,0,unknown
1099,unknown,7,may,193,3,-1,0,unknown
1100,unknown,7,may,299,2,-1,0,unknown
1101,unknown,7,may,348,3,-1,0,unknown
1102,unknown,7,may,103,4,-1,0,unknown
1103,unknown,7,may,253,8,-1,0,unknown
1104,unknown,7,may,127,2,-1,0,unknown
1105,unknown,7,may,244,7,-1,0,unknown
1106,unknown,7,may,157,6,-1,0,unknown
1107,unknown,7,may,548,2,-1,0,unknown
1108,unknown,7,may,114,3,-1,0,unknown
1109,unknown,7,may,126,5,-1,0,unknown
1110,unknown,7,may,161,3,-1,0,unknown
1111,unknown,7,may,333,1,-1,0,unknown
1112,unknown,7,may,155,1,-1,0,unknown
1113,unknown,7,may,152,3,-1,0,unknown
1114,unknown,7,may,145,1,-1,0,unknown
1115,unknown,7,may,66,3,-1,0,unknown
1116,unknown,7,may,123,2,-1,0,unknown
1117,unknown,7,may,74,1,-1,0,unknown
1118,unknown,7,may,248,3,-1,0,unknown
1119,unknown,7,may,130,1,-1,0,unknown
1120,unknown,7,may,71,1,-1,0,unknown
1121,unknown,7,may,984,1,-1,0,unknown
1122,unknown,7,may,252,1,-1,0,unknown
1123,unknown,7,may,84,2,-1,0,unknown
1124,unknown,7,may,1689,4,-1,0,unknown
1125,unknown,7,may,130,4,-1,0,unknown
1126,unknown,7,may,489,2,-1,0,unknown
1127,unknown,7,may,41,3,-1,0,unknown
1128,unknown,7,may,159,3,-1,0,unknown
1129,unknown,7,may,196,2,-1,0,unknown
1130,unknown,7,may,276,4,-1,0,unknown
1131,unknown,7,may,697,2,-1,0,unknown
1132,unknown,7,may,81,2,-1,0,unknown
1133,unknown,7,may,149,1,-1,0,unknown
1134,unknown,7,may,281,2,-1,0,unknown
1135,unknown,7,may,122,5,-1,0,unknown
1136,unknown,7,may,361,2,-1,0,unknown
1137,unknown,7,may,319,3,-1,0,unknown
1138,unknown,7,may,944,3,-1,0,unknown
1139,unknown,7,may,282,2,-1,0,unknown
1140,unknown,7,may,1102,2,-1,0,unknown
1141,unknown,7,may,35,3,-1,0,unknown
1142,unknown,7,may,143,2,-1,0,unknown
1143,unknown,7,may,22,2,-1,0,unknown
1144,unknown,7,may,90,2,-1,0,unknown
1145,unknown,7,may,17,2,-1,0,unknown
1146,unknown,7,may,404,5,-1,0,unknown
1147,unknown,7,may,238,2,-1,0,unknown
1148,unknown,7,may,71,4,-1,0,unknown
1149,unknown,7,may,309,2,-1,0,unknown
1150,unknown,7,may,408,3,-1,0,unknown
1151,unknown,7,may,128,4,-1,0,unknown
1152,unknown,7,may,297,3,-1,0,unknown
1153,unknown,7,may,280,3,-1,0,unknown
1154,unknown,7,may,374,2,-1,0,unknown
1155,unknown,7,may,365,4,-1,0,unknown
1156,unknown,8,may,177,3,-1,0,unknown
1157,unknown,8,may,238,3,-1,0,unknown
1158,unknown,8,may,425,6,-1,0,unknown
1159,unknown,8,may,77,2,-1,0,unknown
1160,unknown,8,may,223,2,-1,0,unknown
1161,unknown,8,may,201,2,-1,0,unknown
1162,unknown,8,may,239,2,-1,0,unknown
1163,unknown,8,may,308,3,-1,0,unknown
1164,unknown,8,may,137,2,-1,0,unknown
1165,unknown,8,may,162,2,-1,0,unknown
1166,unknown,8,may,134,1,-1,0,unknown
1167,unknown,8,may,175,5,-1,0,unknown
1168,unknown,8,may,125,3,-1,0,unknown
1169,unknown,8,may,211,3,-1,0,unknown
1170,unknown,8,may,67,1,-1,0,unknown
1171,unknown,8,may,156,1,-1,0,unknown
1172,unknown,8,may,943,2,-1,0,unknown
1173,unknown,8,may,813,1,-1,0,unknown
1174,unknown,8,may,178,1,-1,0,unknown
1175,unknown,8,may,142,1,-1,0,unknown
1176,unknown,8,may,194,1,-1,0,unknown
1177,unknown,8,may,132,1,-1,0,unknown
1178,unknown,8,may,109,1,-1,0,unknown
1179,unknown,8,may,94,1,-1,0,unknown
1180,unknown,8,may,31,1,-1,0,unknown
1181,unknown,8,may,84,4,-1,0,unknown
1182,unknown,8,may,489,1,-1,0,unknown
1183,unknown,8,may,180,1,-1,0,unknown
1184,unknown,8,may,314,1,-1,0,unknown
1185,unknown,8,may,207,1,-1,0,unknown
1186,unknown,8,may,146,3,-1,0,unknown
1187,unknown,8,may,193,1,-1,0,unknown
1188,unknown,8,may,177,2,-1,0,unknown
1189,unknown,8,may,1040,1,-1,0,unknown
1190,unknown,8,may,622,1,-1,0,unknown
1191,unknown,8,may,170,2,-1,0,unknown
1192,unknown,8,may,267,1,-1,0,unknown
1193,unknown,8,may,1084,1,-1,0,unknown
1194,unknown,8,may,528,1,-1,0,unknown
1195,unknown,8,may,183,1,-1,0,unknown
1196,unknown,8,may,238,1,-1,0,unknown
1197,unknown,8,may,61,1,-1,0,unknown
1198,unknown,8,may,923,1,-1,0,unknown
1199,unknown,8,may,70,1,-1,0,unknown
1200,unknown,8,may,541,3,-1,0,unknown
1201,unknown,8,may,41,1,-1,0,unknown
1202,unknown,8,may,221,4,-1,0,unknown
1203,unknown,8,may,35,1,-1,0,unknown
1204,unknown,8,may,262,1,-1,0,unknown
1205,unknown,8,may,151,1,-1,0,unknown
1206,unknown,8,may,135,2,-1,0,unknown
1207,unknown,8,may,604,1,-1,0,unknown
1208,unknown,8,may,65,1,-1,0,unknown
1209,unknown,8,may,380,3,-1,0,unknown
1210,unknown,8,may,693,1,-1,0,unknown
1211,unknown,8,may,11,1,-1,0,unknown
1212,unknown,8,may,405,1,-1,0,unknown
1213,unknown,8,may,20,1,-1,0,unknown
1214,unknown,8,may,202,1,-1,0,unknown
1215,unknown,8,may,235,1,-1,0,unknown
1216,unknown,8,may,75,1,-1,0,unknown
1217,unknown,8,may,134,1,-1,0,unknown
1218,unknown,8,may,101,2,-1,0,unknown
1219,unknown,8,may,255,1,-1,0,unknown
1220,unknown,8,may,80,1,-1,0,unknown
1221,unknown,8,may,462,1,-1,0,unknown
1222,unknown,8,may,161,3,-1,0,unknown
1223,unknown,8,may,200,1,-1,0,unknown
1224,unknown,8,may,56,1,-1,0,unknown
1225,unknown,8,may,238,1,-1,0,unknown
1226,unknown,8,may,418,1,-1,0,unknown
1227,unknown,8,may,139,2,-1,0,unknown
1228,unknown,8,may,96,2,-1,0,unknown
1229,unknown,8,may,39,1,-1,0,unknown
1230,unknown,8,may,471,1,-1,0,unknown
1231,unknown,8,may,231,2,-1,0,unknown
1232,unknown,8,may,66,2,-1,0,unknown
1233,unknown,8,may,204,1,-1,0,unknown
1234,unknown,8,may,159,1,-1,0,unknown
1235,unknown,8,may,200,1,-1,0,unknown
1236,unknown,8,may,187,3,-1,0,unknown
1237,unknown,8,may,166,1,-1,0,unknown
1238,unknown,8,may,144,1,-1,0,unknown
1239,unknown,8,may,690,1,-1,0,unknown
1240,unknown,8,may,323,1,-1,0,unknown
1241,unknown,8,may,194,1,-1,0,unknown
1242,unknown,8,may,82,1,-1,0,unknown
1243,unknown,8,may,269,1,-1,0,unknown
1244,unknown,8,may,285,1,-1,0,unknown
1245,unknown,8,may,101,1,-1,0,unknown
1246,unknown,8,may,294,1,-1,0,unknown
1247,unknown,8,may,1119,1,-1,0,unknown
1248,unknown,8,may,249,1,-1,0,unknown
1249,unknown,8,may,106,1,-1,0,unknown
1250,unknown,8,may,152,1,-1,0,unknown
1251,unknown,8,may,12,2,-1,0,unknown
1252,unknown,8,may,187,1,-1,0,unknown
1253,unknown,8,may,214,2,-1,0,unknown
1254,unknown,8,may,268,1,-1,0,unknown
1255,unknown,8,may,193,1,-1,0,unknown
1256,unknown,8,may,95,1,-1,0,unknown
1257,unknown,8,may,60,1,-1,0,unknown
1258,unknown,8,may,381,1,-1,0,unknown
1259,unknown,8,may,206,1,-1,0,unknown
1260,unknown,8,may,75,1,-1,0,unknown
1261,unknown,8,may,128,1,-1,0,unknown
1262,unknown,8,may,216,1,-1,0,unknown
1263,unknown,8,may,155,1,-1,0,unknown
1264,unknown,8,may,103,3,-1,0,unknown
1265,unknown,8,may,494,1,-1,0,unknown
1266,unknown,8,may,107,1,-1,0,unknown
1267,unknown,8,may,147,1,-1,0,unknown
1268,unknown,8,may,190,1,-1,0,unknown
1269,unknown,8,may,339,2,-1,0,unknown
1270,unknown,8,may,198,1,-1,0,unknown
1271,unknown,8,may,141,1,-1,0,unknown
1272,unknown,8,may,255,1,-1,0,unknown
1273,unknown,8,may,1120,2,-1,0,unknown
1274,unknown,8,may,306,1,-1,0,unknown
1275,unknown,8,may,249,1,-1,0,unknown
1276,unknown,8,may,215,1,-1,0,unknown
1277,unknown,8,may,143,1,-1,0,unknown
1278,unknown,8,may,162,1,-1,0,unknown
1279,unknown,8,may,81,1,-1,0,unknown
1280,unknown,8,may,33,4,-1,0,unknown
1281,unknown,8,may,204,1,-1,0,unknown
1282,unknown,8,may,124,1,-1,0,unknown
1283,unknown,8,may,784,1,-1,0,unknown
1284,unknown,8,may,393,1,-1,0,unknown
1285,unknown,8,may,87,2,-1,0,unknown
1286,unknown,8,may,108,2,-1,0,unknown
1287,unknown,8,may,207,1,-1,0,unknown
1288,unknown,8,may,278,2,-1,0,unknown
1289,unknown,8,may,74,1,-1,0,unknown
1290,unknown,8,may,196,1,-1,0,unknown
1291,unknown,8,may,149,1,-1,0,unknown
1292,unknown,8,may,287,2,-1,0,unknown
1293,unknown,8,may,229,1,-1,0,unknown
1294,unknown,8,may,154,1,-1,0,unknown
1295,unknown,8,may,357,1,-1,0,unknown
1296,unknown,8,may,147,1,-1,0,unknown
1297,unknown,8,may,93,1,-1,0,unknown
1298,unknown,8,may,665,1,-1,0,unknown
1299,unknown,8,may,131,1,-1,0,unknown
1300,unknown,8,may,160,1,-1,0,unknown
1301,unknown,8,may,74,1,-1,0,unknown
1302,unknown,8,may,60,1,-1,0,unknown
1303,unknown,8,may,82,1,-1,0,unknown
1304,unknown,8,may,475,1,-1,0,unknown
1305,unknown,8,may,111,1,-1,0,unknown
1306,unknown,8,may,284,4,-1,0,unknown
1307,unknown,8,may,140,1,-1,0,unknown
1308,unknown,8,may,110,1,-1,0,unknown
1309,unknown,8,may,64,1,-1,0,unknown
1310,unknown,8,may,149,1,-1,0,unknown
1311,unknown,8,may,256,2,-1,0,unknown
1312,unknown,8,may,156,1,-1,0,unknown
1313,unknown,8,may,63,3,-1,0,unknown
1314,unknown,8,may,362,1,-1,0,unknown
1315,unknown,8,may,32,3,-1,0,unknown
1316,unknown,8,may,712,1,-1,0,unknown
1317,unknown,8,may,102,2,-1,0,unknown
1318,unknown,8,may,338,2,-1,0,unknown
1319,unknown,8,may,69,2,-1,0,unknown
1320,unknown,8,may,446,1,-1,0,unknown
1321,unknown,8,may,249,2,-1,0,unknown
1322,unknown,8,may,176,1,-1,0,unknown
1323,unknown,8,may,1007,1,-1,0,unknown
1324,unknown,8,may,266,1,-1,0,unknown
1325,unknown,8,may,172,1,-1,0,unknown
1326,unknown,8,may,323,1,-1,0,unknown
1327,unknown,8,may,175,1,-1,0,unknown
1328,unknown,8,may,459,1,-1,0,unknown
1329,unknown,8,may,211,2,-1,0,unknown
1330,unknown,8,may,237,1,-1,0,unknown
1331,unknown,8,may,50,1,-1,0,unknown
1332,unknown,8,may,500,1,-1,0,unknown
1333,unknown,8,may,186,1,-1,0,unknown
1334,unknown,8,may,96,1,-1,0,unknown
1335,unknown,8,may,98,1,-1,0,unknown
1336,unknown,8,may,364,4,-1,0,unknown
1337,unknown,8,may,477,1,-1,0,unknown
1338,unknown,8,may,319,1,-1,0,unknown
1339,unknown,8,may,178,1,-1,0,unknown
1340,unknown,8,may,513,1,-1,0,unknown
1341,unknown,8,may,170,1,-1,0,unknown
1342,unknown,8,may,139,1,-1,0,unknown
1343,unknown,8,may,70,1,-1,0,unknown
1344,unknown,8,may,110,1,-1,0,unknown
1345,unknown,8,may,280,2,-1,0,unknown
1346,unknown,8,may,667,1,-1,0,unknown
1347,unknown,8,may,63,2,-1,0,unknown
1348,unknown,8,may,159,4,-1,0,unknown
1349,unknown,8,may,177,2,-1,0,unknown
1350,unknown,8,may,108,3,-1,0,unknown
1351,unknown,8,may,194,3,-1,0,unknown
1352,unknown,8,may,366,2,-1,0,unknown
1353,unknown,8,may,213,1,-1,0,unknown
1354,unknown,8,may,141,1,-1,0,unknown
1355,unknown,8,may,982,1,-1,0,unknown
1356,unknown,8,may,168,2,-1,0,unknown
1357,unknown,8,may,468,1,-1,0,unknown
1358,unknown,8,may,180,1,-1,0,unknown
1359,unknown,8,may,195,1,-1,0,unknown
1360,unknown,8,may,352,3,-1,0,unknown
1361,unknown,8,may,91,1,-1,0,unknown
1362,unknown,8,may,288,1,-1,0,unknown
1363,unknown,8,may,72,1,-1,0,unknown
1364,unknown,8,may,218,2,-1,0,unknown
1365,unknown,8,may,289,1,-1,0,unknown
1366,unknown,8,may,384,1,-1,0,unknown
1367,unknown,8,may,130,3,-1,0,unknown
1368,unknown,8,may,226,1,-1,0,unknown
1369,unknown,8,may,208,1,-1,0,unknown
1370,unknown,8,may,442,2,-1,0,unknown
1371,unknown,8,may,101,1,-1,0,unknown
1372,unknown,8,may,756,1,-1,0,unknown
1373,unknown,8,may,189,1,-1,0,unknown
1374,unknown,8,may,108,1,-1,0,unknown
1375,unknown,8,may,205,1,-1,0,unknown
1376,unknown,8,may,238,1,-1,0,unknown
1377,unknown,8,may,136,1,-1,0,unknown
1378,unknown,8,may,14,1,-1,0,unknown
1379,unknown,8,may,395,1,-1,0,unknown
1380,unknown,8,may,161,1,-1,0,unknown
1381,unknown,8,may,269,3,-1,0,unknown
1382,unknown,8,may,491,1,-1,0,unknown
1383,unknown,8,may,44,1,-1,0,unknown
1384,unknown,8,may,26,1,-1,0,unknown
1385,unknown,8,may,22,1,-1,0,unknown
1386,unknown,8,may,161,8,-1,0,unknown
1387,unknown,8,may,406,2,-1,0,unknown
1388,unknown,8,may,422,4,-1,0,unknown
1389,unknown,8,may,147,5,-1,0,unknown
1390,unknown,8,may,219,3,-1,0,unknown
1391,unknown,8,may,807,2,-1,0,unknown
1392,unknown,8,may,347,2,-1,0,unknown
1393,unknown,8,may,534,2,-1,0,unknown
1394,unknown,8,may,58,2,-1,0,unknown
1395,unknown,8,may,155,2,-1,0,unknown
1396,unknown,8,may,152,2,-1,0,unknown
1397,unknown,8,may,461,3,-1,0,unknown
1398,unknown,8,may,389,2,-1,0,unknown
1399,unknown,8,may,314,3,-1,0,unknown
1400,unknown,8,may,28,3,-1,0,unknown
1401,unknown,8,may,229,2,-1,0,unknown
1402,unknown,8,may,30,2,-1,0,unknown
1403,unknown,8,may,103,4,-1,0,unknown
1404,unknown,8,may,32,2,-1,0,unknown
1405,unknown,8,may,252,2,-1,0,unknown
1406,unknown,8,may,369,2,-1,0,unknown
1407,unknown,8,may,116,1,-1,0,unknown
1408,unknown,8,may,20,2,-1,0,unknown
1409,unknown,8,may,31,1,-1,0,unknown
1410,unknown,8,may,190,1,-1,0,unknown
1411,unknown,8,may,149,1,-1,0,unknown
1412,unknown,8,may,210,1,-1,0,unknown
1413,unknown,8,may,234,1,-1,0,unknown
1414,unknown,8,may,63,1,-1,0,unknown
1415,unknown,8,may,21,1,-1,0,unknown
1416,unknown,8,may,2087,2,-1,0,unknown
1417,unknown,8,may,102,1,-1,0,unknown
1418,unknown,8,may,245,1,-1,0,unknown
1419,unknown,8,may,190,1,-1,0,unknown
1420,unknown,8,may,223,2,-1,0,unknown
1421,unknown,8,may,650,2,-1,0,unknown
1422,unknown,8,may,42,1,-1,0,unknown
1423,unknown,8,may,206,2,-1,0,unknown
1424,unknown,8,may,66,2,-1,0,unknown
1425,unknown,8,may,173,2,-1,0,unknown
1426,unknown,8,may,477,2,-1,0,unknown
1427,unknown,8,may,77,1,-1,0,unknown
1428,unknown,8,may,219,2,-1,0,unknown
1429,unknown,8,may,376,2,-1,0,unknown
1430,unknown,8,may,453,2,-1,0,unknown
1431,unknown,8,may,151,2,-1,0,unknown
1432,unknown,8,may,200,2,-1,0,unknown
1433,unknown,8,may,298,5,-1,0,unknown
1434,unknown,8,may,627,3,-1,0,unknown
1435,unknown,8,may,133,1,-1,0,unknown
1436,unknown,8,may,287,1,-1,0,unknown
1437,unknown,8,may,242,1,-1,0,unknown
1438,unknown,8,may,184,1,-1,0,unknown
1439,unknown,8,may,119,2,-1,0,unknown
1440,unknown,8,may,403,2,-1,0,unknown
1441,unknown,8,may,626,6,-1,0,unknown
1442,unknown,8,may,12,1,-1,0,unknown
1443,unknown,8,may,266,1,-1,0,unknown
1444,unknown,8,may,23,4,-1,0,unknown
1445,unknown,8,may,154,2,-1,0,unknown
1446,unknown,8,may,10,7,-1,0,unknown
1447,unknown,8,may,66,2,-1,0,unknown
1448,unknown,8,may,240,3,-1,0,unknown
1449,unknown,8,may,224,2,-1,0,unknown
1450,unknown,8,may,202,2,-1,0,unknown
1451,unknown,8,may,144,3,-1,0,unknown
1452,unknown,8,may,263,2,-1,0,unknown
1453,unknown,8,may,543,3,-1,0,unknown
1454,unknown,8,may,257,2,-1,0,unknown
1455,unknown,8,may,237,2,-1,0,unknown
1456,unknown,8,may,23,5,-1,0,unknown
1457,unknown,8,may,209,3,-1,0,unknown
1458,unknown,8,may,34,1,-1,0,unknown
1459,unknown,8,may,72,1,-1,0,unknown
1460,unknown,8,may,442,2,-1,0,unknown
1461,unknown,8,may,45,2,-1,0,unknown
1462,unknown,8,may,1120,2,-1,0,unknown
1463,unknown,8,may,186,2,-1,0,unknown
1464,unknown,8,may,318,2,-1,0,unknown
1465,unknown,8,may,617,2,-1,0,unknown
1466,unknown,8,may,226,1,-1,0,unknown
1467,unknown,8,may,275,1,-1,0,unknown
1468,unknown,8,may,81,2,-1,0,unknown
1469,unknown,8,may,74,7,-1,0,unknown
1470,unknown,8,may,285,1,-1,0,unknown
1471,unknown,8,may,261,5,-1,0,unknown
1472,unknown,8,may,297,1,-1,0,unknown
1473,unknown,8,may,78,3,-1,0,unknown
1474,unknown,8,may,183,3,-1,0,unknown
1475,unknown,8,may,15,1,-1,0,unknown
1476,unknown,8,may,352,2,-1,0,unknown
1477,unknown,8,may,345,2,-1,0,unknown
1478,unknown,8,may,230,4,-1,0,unknown
1479,unknown,8,may,185,2,-1,0,unknown
1480,unknown,8,may,296,1,-1,0,unknown
1481,unknown,8,may,181,2,-1,0,unknown
1482,unknown,8,may,133,2,-1,0,unknown
1483,unknown,8,may,335,9,-1,0,unknown
1484,unknown,8,may,139,1,-1,0,unknown
1485,unknown,8,may,7,3,-1,0,unknown
1486,unknown,8,may,163,2,-1,0,unknown
1487,unknown,8,may,956,2,-1,0,unknown
1488,unknown,8,may,166,2,-1,0,unknown
1489,unknown,8,may,71,2,-1,0,unknown
1490,unknown,8,may,191,2,-1,0,unknown
1491,unknown,8,may,459,2,-1,0,unknown
1492,unknown,8,may,292,2,-1,0,unknown
1493,unknown,8,may,100,5,-1,0,unknown
1494,unknown,8,may,257,3,-1,0,unknown
1495,unknown,8,may,255,6,-1,0,unknown
1496,unknown,8,may,233,2,-1,0,unknown
1497,unknown,8,may,128,2,-1,0,unknown
1498,unknown,8,may,246,2,-1,0,unknown
1499,unknown,8,may,56,2,-1,0,unknown
1500,unknown,8,may,210,2,-1,0,unknown
1501,unknown,8,may,43,2,-1,0,unknown
1502,unknown,8,may,21,9,-1,0,unknown
1503,unknown,8,may,91,2,-1,0,unknown
1504,unknown,8,may,67,2,-1,0,unknown
1505,unknown,8,may,219,4,-1,0,unknown
1506,unknown,8,may,110,2,-1,0,unknown
1507,unknown,8,may,169,2,-1,0,unknown
1508,unknown,8,may,248,3,-1,0,unknown
1509,unknown,8,may,223,2,-1,0,unknown
1510,unknown,8,may,92,3,-1,0,unknown
1511,unknown,8,may,93,2,-1,0,unknown
1512,unknown,8,may,205,4,-1,0,unknown
1513,unknown,8,may,160,1,-1,0,unknown
1514,unknown,8,may,105,2,-1,0,unknown
1515,unknown,8,may,112,2,-1,0,unknown
1516,unknown,8,may,383,3,-1,0,unknown
1517,unknown,8,may,207,2,-1,0,unknown
1518,unknown,8,may,193,2,-1,0,unknown
1519,unknown,8,may,10,2,-1,0,unknown
1520,unknown,8,may,985,2,-1,0,unknown
1521,unknown,8,may,249,5,-1,0,unknown
1522,unknown,8,may,122,2,-1,0,unknown
1523,unknown,8,may,300,2,-1,0,unknown
1524,unknown,8,may,672,3,-1,0,unknown
1525,unknown,8,may,390,3,-1,0,unknown
1526,unknown,8,may,116,2,-1,0,unknown
1527,unknown,8,may,481,2,-1,0,unknown
1528,unknown,8,may,21,3,-1,0,unknown
1529,unknown,8,may,192,2,-1,0,unknown
1530,unknown,8,may,6,2,-1,0,unknown
1531,unknown,8,may,8,2,-1,0,unknown
1532,unknown,8,may,369,2,-1,0,unknown
1533,unknown,8,may,393,2,-1,0,unknown
1534,unknown,8,may,246,3,-1,0,unknown
1535,unknown,8,may,330,3,-1,0,unknown
1536,unknown,8,may,380,2,-1,0,unknown
1537,unknown,8,may,91,3,-1,0,unknown
1538,unknown,8,may,84,2,-1,0,unknown
1539,unknown,8,may,277,3,-1,0,unknown
1540,unknown,8,may,399,4,-1,0,unknown
1541,unknown,8,may,89,4,-1,0,unknown
1542,unknown,8,may,297,2,-1,0,unknown
1543,unknown,8,may,176,2,-1,0,unknown
1544,unknown,8,may,75,4,-1,0,unknown
1545,unknown,8,may,111,3,-1,0,unknown
1546,unknown,8,may,170,2,-1,0,unknown
1547,unknown,8,may,238,8,-1,0,unknown
1548,unknown,8,may,137,2,-1,0,unknown
1549,unknown,8,may,141,2,-1,0,unknown
1550,unknown,8,may,49,4,-1,0,unknown
1551,unknown,8,may,89,8,-1,0,unknown
1552,unknown,8,may,341,2,-1,0,unknown
1553,unknown,8,may,461,3,-1,0,unknown
1554,unknown,8,may,515,3,-1,0,unknown
1555,unknown,8,may,123,2,-1,0,unknown
1556,unknown,8,may,179,5,-1,0,unknown
1557,unknown,8,may,102,4,-1,0,unknown
1558,unknown,8,may,272,4,-1,0,unknown
1559,unknown,8,may,17,3,-1,0,unknown
1560,unknown,8,may,40,2,-1,0,unknown
1561,unknown,8,may,209,3,-1,0,unknown
1562,unknown,8,may,89,5,-1,0,unknown
1563,unknown,8,may,1187,2,-1,0,unknown
1564,unknown,8,may,123,2,-1,0,unknown
1565,unknown,8,may,104,3,-1,0,unknown
1566,unknown,8,may,200,2,-1,0,unknown
1567,unknown,8,may,117,3,-1,0,unknown
1568,unknown,8,may,37,3,-1,0,unknown
1569,unknown,8,may,51,3,-1,0,unknown
1570,unknown,8,may,145,4,-1,0,unknown
1571,unknown,8,may,466,2,-1,0,unknown
1572,unknown,8,may,303,3,-1,0,unknown
1573,unknown,8,may,101,2,-1,0,unknown
1574,unknown,8,may,283,3,-1,0,unknown
1575,unknown,8,may,826,3,-1,0,unknown
1576,unknown,8,may,185,4,-1,0,unknown
1577,unknown,8,may,598,3,-1,0,unknown
1578,unknown,8,may,120,5,-1,0,unknown
1579,unknown,8,may,185,7,-1,0,unknown
1580,unknown,8,may,159,3,-1,0,unknown
1581,unknown,8,may,220,2,-1,0,unknown
1582,unknown,8,may,192,4,-1,0,unknown
1583,unknown,8,may,423,2,-1,0,unknown
1584,unknown,8,may,337,4,-1,0,unknown
1585,unknown,8,may,306,2,-1,0,unknown
1586,unknown,8,may,99,3,-1,0,unknown
1587,unknown,8,may,27,3,-1,0,unknown
1588,unknown,8,may,201,2,-1,0,unknown
1589,unknown,8,may,166,3,-1,0,unknown
1590,unknown,8,may,182,1,-1,0,unknown
1591,unknown,8,may,193,1,-1,0,unknown
1592,unknown,8,may,271,5,-1,0,unknown
1593,unknown,8,may,103,3,-1,0,unknown
1594,unknown,8,may,287,4,-1,0,unknown
1595,unknown,8,may,235,4,-1,0,unknown
1596,unknown,8,may,732,2,-1,0,unknown
1597,unknown,8,may,136,2,-1,0,unknown
1598,unknown,8,may,126,3,-1,0,unknown
1599,unknown,8,may,172,4,-1,0,unknown
1600,unknown,8,may,43,2,-1,0,unknown
1601,unknown,8,may,191,2,-1,0,unknown
1602,unknown,8,may,117,2,-1,0,unknown
1603,unknown,8,may,64,1,-1,0,unknown
1604,unknown,8,may,260,5,-1,0,unknown
1605,unknown,8,may,149,1,-1,0,unknown
1606,unknown,8,may,207,3,-1,0,unknown
1607,unknown,8,may,231,4,-1,0,unknown
1608,unknown,8,may,128,3,-1,0,unknown
1609,unknown,9,may,162,5,-1,0,unknown
1610,unknown,9,may,180,2,-1,0,unknown
1611,unknown,9,may,144,2,-1,0,unknown
1612,unknown,9,may,260,3,-1,0,unknown
1613,unknown,9,may,203,4,-1,0,unknown
1614,unknown,9,may,85,2,-1,0,unknown
1615,unknown,9,may,211,2,-1,0,unknown
1616,unknown,9,may,94,2,-1,0,unknown
1617,unknown,9,may,122,4,-1,0,unknown
1618,unknown,9,may,175,5,-1,0,unknown
1619,unknown,9,may,292,2,-1,0,unknown
1620,unknown,9,may,132,5,-1,0,unknown
1621,unknown,9,may,130,2,-1,0,unknown
1622,unknown,9,may,208,2,-1,0,unknown
1623,unknown,9,may,105,1,-1,0,unknown
1624,unknown,9,may,205,1,-1,0,unknown
1625,unknown,9,may,112,1,-1,0,unknown
1626,unknown,9,may,117,9,-1,0,unknown
1627,unknown,9,may,218,1,-1,0,unknown
1628,unknown,9,may,62,1,-1,0,unknown
1629,unknown,9,may,97,1,-1,0,unknown
1630,unknown,9,may,101,3,-1,0,unknown
1631,unknown,9,may,286,1,-1,0,unknown
1632,unknown,9,may,241,1,-1,0,unknown
1633,unknown,9,may,252,4,-1,0,unknown
1634,unknown,9,may,283,1,-1,0,unknown
1635,unknown,9,may,131,1,-1,0,unknown
1636,unknown,9,may,380,1,-1,0,unknown
1637,unknown,9,may,584,1,-1,0,unknown
1638,unknown,9,may,371,1,-1,0,unknown
1639,unknown,9,may,448,1,-1,0,unknown
1640,unknown,9,may,274,1,-1,0,unknown
1641,unknown,9,may,116,2,-1,0,unknown
1642,unknown,9,may,357,1,-1,0,unknown
1643,unknown,9,may,215,1,-1,0,unknown
1644,unknown,9,may,131,1,-1,0,unknown
1645,unknown,9,may,61,1,-1,0,unknown
1646,unknown,9,may,617,4,-1,0,unknown
1647,unknown,9,may,483,3,-1,0,unknown
1648,unknown,9,may,847,1,-1,0,unknown
1649,unknown,9,may,319,1,-1,0,unknown
1650,unknown,9,may,57,2,-1,0,unknown
1651,unknown,9,may,306,1,-1,0,unknown
1652,unknown,9,may,147,1,-1,0,unknown
1653,unknown,9,may,244,1,-1,0,unknown
1654,unknown,9,may,128,1,-1,0,unknown
1655,unknown,9,may,100,1,-1,0,unknown
1656,unknown,9,may,59,1,-1,0,unknown
1657,unknown,9,may,24,1,-1,0,unknown
1658,unknown,9,may,85,2,-1,0,unknown
1659,unknown,9,may,70,1,-1,0,unknown
1660,unknown,9,may,21,1,-1,0,unknown
1661,unknown,9,may,167,1,-1,0,unknown
1662,unknown,9,may,659,2,-1,0,unknown
1663,unknown,9,may,327,2,-1,0,unknown
1664,unknown,9,may,296,3,-1,0,unknown
1665,unknown,9,may,307,1,-1,0,unknown
1666,unknown,9,may,120,1,-1,0,unknown
1667,unknown,9,may,390,2,-1,0,unknown
1668,unknown,9,may,83,2,-1,0,unknown
1669,unknown,9,may,250,1,-1,0,unknown
1670,unknown,9,may,143,1,-1,0,unknown
1671,unknown,9,may,772,1,-1,0,unknown
1672,unknown,9,may,198,1,-1,0,unknown
1673,unknown,9,may,21,3,-1,0,unknown
1674,unknown,9,may,929,3,-1,0,unknown
1675,unknown,9,may,254,1,-1,0,unknown
1676,unknown,9,may,166,1,-1,0,unknown
1677,unknown,9,may,93,1,-1,0,unknown
1678,unknown,9,may,134,2,-1,0,unknown
1679,unknown,9,may,375,2,-1,0,unknown
1680,unknown,9,may,352,1,-1,0,unknown
1681,unknown,9,may,217,2,-1,0,unknown
1682,unknown,9,may,45,1,-1,0,unknown
1683,unknown,9,may,93,1,-1,0,unknown
1684,unknown,9,may,165,1,-1,0,unknown
1685,unknown,9,may,266,1,-1,0,unknown
1686,unknown,9,may,237,1,-1,0,unknown
1687,unknown,9,may,164,1,-1,0,unknown
1688,unknown,9,may,538,1,-1,0,unknown
1689,unknown,9,may,72,2,-1,0,unknown
1690,unknown,9,may,171,1,-1,0,unknown
1691,unknown,9,may,710,1,-1,0,unknown
1692,unknown,9,may,131,3,-1,0,unknown
1693,unknown,9,may,514,1,-1,0,unknown
1694,unknown,9,may,127,1,-1,0,unknown
1695,unknown,9,may,198,1,-1,0,unknown
1696,unknown,9,may,239,1,-1,0,unknown
1697,unknown,9,may,117,1,-1,0,unknown
1698,unknown,9,may,705,1,-1,0,unknown
1699,unknown,9,may,155,1,-1,0,unknown
1700,unknown,9,may,18,1,-1,0,unknown
1701,unknown,9,may,386,1,-1,0,unknown
1702,unknown,9,may,138,1,-1,0,unknown
1703,unknown,9,may,341,1,-1,0,unknown
1704,unknown,9,may,339,2,-1,0,unknown
1705,unknown,9,may,232,1,-1,0,unknown
1706,unknown,9,may,208,1,-1,0,unknown
1707,unknown,9,may,124,2,-1,0,unknown
1708,unknown,9,may,44,1,-1,0,unknown
1709,unknown,9,may,75,1,-1,0,unknown
1710,unknown,9,may,485,1,-1,0,unknown
1711,unknown,9,may,576,1,-1,0,unknown
1712,unknown,9,may,280,1,-1,0,unknown
1713,unknown,9,may,480,2,-1,0,unknown
1714,unknown,9,may,86,2,-1,0,unknown
1715,unknown,9,may,121,4,-1,0,unknown
1716,unknown,9,may,93,2,-1,0,unknown
1717,unknown,9,may,211,3,-1,0,unknown
1718,unknown,9,may,238,2,-1,0,unknown
1719,unknown,9,may,399,3,-1,0,unknown
1720,unknown,9,may,93,2,-1,0,unknown
1721,unknown,9,may,144,3,-1,0,unknown
1722,unknown,9,may,45,2,-1,0,unknown
1723,unknown,9,may,98,1,-1,0,unknown
1724,unknown,9,may,128,1,-1,0,unknown
1725,unknown,9,may,106,1,-1,0,unknown
1726,unknown,9,may,121,1,-1,0,unknown
1727,unknown,9,may,123,1,-1,0,unknown
1728,unknown,9,may,92,2,-1,0,unknown
1729,unknown,9,may,278,1,-1,0,unknown
1730,unknown,9,may,219,1,-1,0,unknown
1731,unknown,9,may,2462,1,-1,0,unknown
1732,unknown,9,may,249,3,-1,0,unknown
1733,unknown,9,may,210,1,-1,0,unknown
1734,unknown,9,may,484,1,-1,0,unknown
1735,unknown,9,may,187,1,-1,0,unknown
1736,unknown,9,may,172,1,-1,0,unknown
1737,unknown,9,may,79,4,-1,0,unknown
1738,unknown,9,may,207,1,-1,0,unknown
1739,unknown,9,may,136,2,-1,0,unknown
1740,unknown,9,may,117,2,-1,0,unknown
1741,unknown,9,may,393,1,-1,0,unknown
1742,unknown,9,may,107,1,-1,0,unknown
1743,unknown,9,may,25,1,-1,0,unknown
1744,unknown,9,may,132,3,-1,0,unknown
1745,unknown,9,may,136,1,-1,0,unknown
1746,unknown,9,may,384,2,-1,0,unknown
1747,unknown,9,may,38,1,-1,0,unknown
1748,unknown,9,may,164,1,-1,0,unknown
1749,unknown,9,may,825,1,-1,0,unknown
1750,unknown,9,may,331,1,-1,0,unknown
1751,unknown,9,may,479,2,-1,0,unknown
1752,unknown,9,may,229,2,-1,0,unknown
1753,unknown,9,may,258,2,-1,0,unknown
1754,unknown,9,may,490,1,-1,0,unknown
1755,unknown,9,may,308,1,-1,0,unknown
1756,unknown,9,may,137,1,-1,0,unknown
1757,unknown,9,may,545,2,-1,0,unknown
1758,unknown,9,may,109,1,-1,0,unknown
1759,unknown,9,may,168,2,-1,0,unknown
1760,unknown,9,may,257,6,-1,0,unknown
1761,unknown,9,may,213,2,-1,0,unknown
1762,unknown,9,may,115,1,-1,0,unknown
1763,unknown,9,may,646,1,-1,0,unknown
1764,unknown,9,may,106,1,-1,0,unknown
1765,unknown,9,may,95,2,-1,0,unknown
1766,unknown,9,may,205,1,-1,0,unknown
1767,unknown,9,may,653,1,-1,0,unknown
1768,unknown,9,may,122,1,-1,0,unknown
1769,unknown,9,may,377,1,-1,0,unknown
1770,unknown,9,may,322,1,-1,0,unknown
1771,unknown,9,may,208,3,-1,0,unknown
1772,unknown,9,may,46,2,-1,0,unknown
1773,unknown,9,may,211,2,-1,0,unknown
1774,unknown,9,may,156,2,-1,0,unknown
1775,unknown,9,may,178,2,-1,0,unknown
1776,unknown,9,may,133,2,-1,0,unknown
1777,unknown,9,may,206,2,-1,0,unknown
1778,unknown,9,may,544,1,-1,0,unknown
1779,unknown,9,may,143,1,-1,0,unknown
1780,unknown,9,may,471,2,-1,0,unknown
1781,unknown,9,may,200,3,-1,0,unknown
1782,unknown,9,may,324,2,-1,0,unknown
1783,unknown,9,may,71,1,-1,0,unknown
1784,unknown,9,may,164,5,-1,0,unknown
1785,unknown,9,may,137,3,-1,0,unknown
1786,unknown,9,may,91,2,-1,0,unknown
1787,unknown,9,may,280,1,-1,0,unknown
1788,unknown,9,may,230,2,-1,0,unknown
1789,unknown,9,may,63,1,-1,0,unknown
1790,unknown,9,may,135,1,-1,0,unknown
1791,unknown,9,may,261,1,-1,0,unknown
1792,unknown,9,may,215,2,-1,0,unknown
1793,unknown,9,may,200,4,-1,0,unknown
1794,unknown,9,may,391,2,-1,0,unknown
1795,unknown,9,may,1028,2,-1,0,unknown
1796,unknown,9,may,107,3,-1,0,unknown
1797,unknown,9,may,108,2,-1,0,unknown
1798,unknown,9,may,145,2,-1,0,unknown
1799,unknown,9,may,142,2,-1,0,unknown
1800,unknown,9,may,106,1,-1,0,unknown
1801,unknown,9,may,134,1,-1,0,unknown
1802,unknown,9,may,190,1,-1,0,unknown
1803,unknown,9,may,241,1,-1,0,unknown
1804,unknown,9,may,180,1,-1,0,unknown
1805,unknown,9,may,237,1,-1,0,unknown
1806,unknown,9,may,654,1,-1,0,unknown
1807,unknown,9,may,189,1,-1,0,unknown
1808,unknown,9,may,70,1,-1,0,unknown
1809,unknown,9,may,62,1,-1,0,unknown
1810,unknown,9,may,1087,2,-1,0,unknown
1811,unknown,9,may,323,1,-1,0,unknown
1812,unknown,9,may,111,2,-1,0,unknown
1813,unknown,9,may,197,4,-1,0,unknown
1814,unknown,9,may,224,3,-1,0,unknown
1815,unknown,9,may,557,1,-1,0,unknown
1816,unknown,9,may,150,2,-1,0,unknown
1817,unknown,9,may,388,2,-1,0,unknown
1818,unknown,9,may,89,1,-1,0,unknown
1819,unknown,9,may,57,2,-1,0,unknown
1820,unknown,9,may,209,3,-1,0,unknown
1821,unknown,9,may,188,1,-1,0,unknown
1822,unknown,9,may,342,1,-1,0,unknown
1823,unknown,9,may,84,1,-1,0,unknown
1824,unknown,9,may,97,1,-1,0,unknown
1825,unknown,9,may,530,2,-1,0,unknown
1826,unknown,9,may,365,1,-1,0,unknown
1827,unknown,9,may,285,1,-1,0,unknown
1828,unknown,9,may,352,1,-1,0,unknown
1829,unknown,9,may,316,3,-1,0,unknown
1830,unknown,9,may,126,2,-1,0,unknown
1831,unknown,9,may,76,2,-1,0,unknown
1832,unknown,9,may,1692,2,-1,0,unknown
1833,unknown,9,may,24,1,-1,0,unknown
1834,unknown,9,may,253,1,-1,0,unknown
1835,unknown,9,may,73,1,-1,0,unknown
1836,unknown,9,may,622,1,-1,0,unknown
1837,unknown,9,may,133,1,-1,0,unknown
1838,unknown,9,may,178,1,-1,0,unknown
1839,unknown,9,may,404,2,-1,0,unknown
1840,unknown,9,may,275,1,-1,0,unknown
1841,unknown,9,may,109,1,-1,0,unknown
1842,unknown,9,may,134,1,-1,0,unknown
1843,unknown,9,may,407,2,-1,0,unknown
1844,unknown,9,may,225,1,-1,0,unknown
1845,unknown,9,may,86,2,-1,0,unknown
1846,unknown,9,may,20,1,-1,0,unknown
1847,unknown,9,may,247,1,-1,0,unknown
1848,unknown,9,may,129,3,-1,0,unknown
1849,unknown,9,may,324,1,-1,0,unknown
1850,unknown,9,may,2016,2,-1,0,unknown
1851,unknown,9,may,1054,2,-1,0,unknown
1852,unknown,9,may,256,5,-1,0,unknown
1853,unknown,9,may,163,2,-1,0,unknown
1854,unknown,9,may,251,2,-1,0,unknown
1855,unknown,9,may,113,4,-1,0,unknown
1856,unknown,9,may,193,2,-1,0,unknown
1857,unknown,9,may,125,3,-1,0,unknown
1858,unknown,9,may,344,2,-1,0,unknown
1859,unknown,9,may,282,2,-1,0,unknown
1860,unknown,9,may,1170,1,-1,0,unknown
1861,unknown,9,may,408,2,-1,0,unknown
1862,unknown,9,may,128,2,-1,0,unknown
1863,unknown,9,may,665,2,-1,0,unknown
1864,unknown,9,may,67,3,-1,0,unknown
1865,unknown,9,may,167,4,-1,0,unknown
1866,unknown,9,may,395,1,-1,0,unknown
1867,unknown,9,may,137,2,-1,0,unknown
1868,unknown,9,may,118,1,-1,0,unknown
1869,unknown,9,may,231,2,-1,0,unknown
1870,unknown,9,may,128,1,-1,0,unknown
1871,unknown,9,may,174,1,-1,0,unknown
1872,unknown,9,may,195,1,-1,0,unknown
1873,unknown,9,may,412,1,-1,0,unknown
1874,unknown,9,may,127,1,-1,0,unknown
1875,unknown,9,may,13,1,-1,0,unknown
1876,unknown,9,may,61,1,-1,0,unknown
1877,unknown,9,may,286,5,-1,0,unknown
1878,unknown,9,may,76,1,-1,0,unknown
1879,unknown,9,may,53,4,-1,0,unknown
1880,unknown,9,may,274,2,-1,0,unknown
1881,unknown,9,may,409,3,-1,0,unknown
1882,unknown,9,may,232,1,-1,0,unknown
1883,unknown,9,may,325,1,-1,0,unknown
1884,unknown,9,may,144,2,-1,0,unknown
1885,unknown,9,may,1713,1,-1,0,unknown
1886,unknown,9,may,241,2,-1,0,unknown
1887,unknown,9,may,103,2,-1,0,unknown
1888,unknown,9,may,338,3,-1,0,unknown
1889,unknown,9,may,182,1,-1,0,unknown
1890,unknown,9,may,346,3,-1,0,unknown
1891,unknown,9,may,204,2,-1,0,unknown
1892,unknown,9,may,296,2,-1,0,unknown
1893,unknown,9,may,551,2,-1,0,unknown
1894,unknown,9,may,663,3,-1,0,unknown
1895,unknown,9,may,338,4,-1,0,unknown
1896,unknown,9,may,153,1,-1,0,unknown
1897,unknown,9,may,188,2,-1,0,unknown
1898,unknown,9,may,305,2,-1,0,unknown
1899,unknown,9,may,1080,5,-1,0,unknown
1900,unknown,9,may,1461,2,-1,0,unknown
1901,unknown,9,may,116,1,-1,0,unknown
1902,unknown,9,may,129,2,-1,0,unknown
1903,unknown,9,may,98,3,-1,0,unknown
1904,unknown,9,may,262,1,-1,0,unknown
1905,unknown,9,may,147,7,-1,0,unknown
1906,unknown,9,may,150,1,-1,0,unknown
1907,unknown,9,may,282,2,-1,0,unknown
1908,unknown,9,may,332,2,-1,0,unknown
1909,unknown,9,may,88,4,-1,0,unknown
1910,unknown,9,may,94,1,-1,0,unknown
1911,unknown,9,may,455,1,-1,0,unknown
1912,unknown,9,may,49,1,-1,0,unknown
1913,unknown,9,may,181,1,-1,0,unknown
1914,unknown,9,may,345,9,-1,0,unknown
1915,unknown,9,may,154,3,-1,0,unknown
1916,unknown,9,may,294,2,-1,0,unknown
1917,unknown,9,may,750,7,-1,0,unknown
1918,unknown,9,may,202,2,-1,0,unknown
1919,unknown,9,may,81,6,-1,0,unknown
1920,unknown,9,may,214,2,-1,0,unknown
1921,unknown,9,may,128,1,-1,0,unknown
1922,unknown,9,may,70,1,-1,0,unknown
1923,unknown,9,may,106,1,-1,0,unknown
1924,unknown,9,may,279,1,-1,0,unknown
1925,unknown,9,may,400,2,-1,0,unknown
1926,unknown,9,may,231,2,-1,0,unknown
1927,unknown,9,may,175,2,-1,0,unknown
1928,unknown,9,may,179,2,-1,0,unknown
1929,unknown,9,may,107,4,-1,0,unknown
1930,unknown,9,may,94,3,-1,0,unknown
1931,unknown,9,may,142,2,-1,0,unknown
1932,unknown,9,may,119,2,-1,0,unknown
1933,unknown,9,may,180,3,-1,0,unknown
1934,unknown,9,may,136,2,-1,0,unknown
1935,unknown,9,may,44,3,-1,0,unknown
1936,unknown,9,may,229,5,-1,0,unknown
1937,unknown,9,may,184,2,-1,0,unknown
1938,unknown,9,may,73,4,-1,0,unknown
1939,unknown,9,may,330,4,-1,0,unknown
1940,unknown,9,may,126,2,-1,0,unknown
1941,unknown,9,may,83,4,-1,0,unknown
1942,unknown,9,may,25,6,-1,0,unknown
1943,unknown,9,may,26,2,-1,0,unknown
1944,unknown,9,may,169,2,-1,0,unknown
1945,unknown,9,may,179,2,-1,0,unknown
1946,unknown,9,may,280,1,-1,0,unknown
1947,unknown,9,may,61,4,-1,0,unknown
1948,unknown,9,may,124,2,-1,0,unknown
1949,unknown,9,may,89,2,-1,0,unknown
1950,unknown,9,may,210,3,-1,0,unknown
1951,unknown,9,may,393,2,-1,0,unknown
1952,unknown,9,may,1178,4,-1,0,unknown
1953,unknown,9,may,161,2,-1,0,unknown
1954,unknown,9,may,515,4,-1,0,unknown
1955,unknown,9,may,177,2,-1,0,unknown
1956,unknown,9,may,178,2,-1,0,unknown
1957,unknown,9,may,185,2,-1,0,unknown
1958,unknown,9,may,218,2,-1,0,unknown
1959,unknown,9,may,191,2,-1,0,unknown
1960,unknown,9,may,245,4,-1,0,unknown
1961,unknown,9,may,255,2,-1,0,unknown
1962,unknown,9,may,488,2,-1,0,unknown
1963,unknown,9,may,211,2,-1,0,unknown
1964,unknown,9,may,226,2,-1,0,unknown
1965,unknown,9,may,179,2,-1,0,unknown
1966,unknown,9,may,460,2,-1,0,unknown
1967,unknown,9,may,432,2,-1,0,unknown
1968,unknown,9,may,176,2,-1,0,unknown
1969,unknown,9,may,162,2,-1,0,unknown
1970,unknown,9,may,192,2,-1,0,unknown
1971,unknown,9,may,237,3,-1,0,unknown
1972,unknown,9,may,134,3,-1,0,unknown
1973,unknown,9,may,44,2,-1,0,unknown
1974,unknown,9,may,47,5,-1,0,unknown
1975,unknown,9,may,752,3,-1,0,unknown
1976,unknown,9,may,116,3,-1,0,unknown
1977,unknown,9,may,182,3,-1,0,unknown
1978,unknown,9,may,122,2,-1,0,unknown
1979,unknown,9,may,51,3,-1,0,unknown
1980,unknown,9,may,260,4,-1,0,unknown
1981,unknown,9,may,214,2,-1,0,unknown
1982,unknown,9,may,407,4,-1,0,unknown
1983,unknown,9,may,389,2,-1,0,unknown
1984,unknown,9,may,31,3,-1,0,unknown
1985,unknown,9,may,115,2,-1,0,unknown
1986,unknown,9,may,878,3,-1,0,unknown
1987,unknown,9,may,277,3,-1,0,unknown
1988,unknown,9,may,117,2,-1,0,unknown
1989,unknown,9,may,262,2,-1,0,unknown
1990,unknown,9,may,244,4,-1,0,unknown
1991,unknown,9,may,119,2,-1,0,unknown
1992,unknown,9,may,162,2,-1,0,unknown
1993,unknown,9,may,185,2,-1,0,unknown
1994,unknown,9,may,317,2,-1,0,unknown
1995,unknown,9,may,214,3,-1,0,unknown
1996,unknown,9,may,71,3,-1,0,unknown
1997,unknown,9,may,43,2,-1,0,unknown
1998,unknown,9,may,298,2,-1,0,unknown
1999,unknown,9,may,167,1,-1,0,unknown
2000,unknown,9,may,86,4,-1,0,unknown
2001,unknown,9,may,255,2,-1,0,unknown
2002,unknown,9,may,83,3,-1,0,unknown
2003,unknown,9,may,257,1,-1,0,unknown
2004,unknown,9,may,194,3,-1,0,unknown
2005,unknown,9,may,268,3,-1,0,unknown
2006,unknown,9,may,176,2,-1,0,unknown
2007,unknown,9,may,97,1,-1,0,unknown
2008,unknown,9,may,263,5,-1,0,unknown
2009,unknown,9,may,338,4,-1,0,unknown
2010,unknown,9,may,180,2,-1,0,unknown
2011,unknown,9,may,322,5,-1,0,unknown
2012,unknown,9,may,64,4,-1,0,unknown
2013,unknown,9,may,71,4,-1,0,unknown
2014,unknown,9,may,166,3,-1,0,unknown
2015,unknown,9,may,210,3,-1,0,unknown
2016,unknown,9,may,77,2,-1,0,unknown
2017,unknown,9,may,328,7,-1,0,unknown
2018,unknown,9,may,164,8,-1,0,unknown
2019,unknown,9,may,154,2,-1,0,unknown
2020,unknown,9,may,84,4,-1,0,unknown
2021,unknown,9,may,153,4,-1,0,unknown
2022,unknown,9,may,155,3,-1,0,unknown
2023,unknown,9,may,111,2,-1,0,unknown
2024,unknown,9,may,91,3,-1,0,unknown
2025,unknown,9,may,257,3,-1,0,unknown
2026,unknown,9,may,213,4,-1,0,unknown
2027,unknown,9,may,173,2,-1,0,unknown
2028,unknown,9,may,315,4,-1,0,unknown
2029,unknown,9,may,190,3,-1,0,unknown
2030,unknown,9,may,102,3,-1,0,unknown
2031,unknown,9,may,35,3,-1,0,unknown
2032,unknown,9,may,83,3,-1,0,unknown
2033,unknown,9,may,834,9,-1,0,unknown
2034,unknown,9,may,244,5,-1,0,unknown
2035,unknown,9,may,143,3,-1,0,unknown
2036,unknown,9,may,1534,2,-1,0,unknown
2037,unknown,9,may,291,4,-1,0,unknown
2038,unknown,12,may,163,2,-1,0,unknown
2039,unknown,12,may,149,6,-1,0,unknown
2040,unknown,12,may,33,4,-1,0,unknown
2041,unknown,12,may,144,6,-1,0,unknown
2042,unknown,12,may,40,3,-1,0,unknown
2043,unknown,12,may,79,6,-1,0,unknown
2044,unknown,12,may,112,2,-1,0,unknown
2045,unknown,12,may,147,5,-1,0,unknown
2046,unknown,12,may,836,4,-1,0,unknown
2047,unknown,12,may,290,5,-1,0,unknown
2048,unknown,12,may,148,2,-1,0,unknown
2049,unknown,12,may,289,5,-1,0,unknown
2050,unknown,12,may,345,2,-1,0,unknown
2051,unknown,12,may,1002,5,-1,0,unknown
2052,unknown,12,may,181,4,-1,0,unknown
2053,unknown,12,may,460,5,-1,0,unknown
2054,unknown,12,may,129,2,-1,0,unknown
2055,unknown,12,may,76,2,-1,0,unknown
2056,unknown,12,may,111,2,-1,0,unknown
2057,unknown,12,may,104,2,-1,0,unknown
2058,unknown,12,may,221,2,-1,0,unknown
2059,unknown,12,may,150,7,-1,0,unknown
2060,unknown,12,may,399,3,-1,0,unknown
2061,unknown,12,may,115,4,-1,0,unknown
2062,unknown,12,may,149,5,-1,0,unknown
2063,unknown,12,may,92,4,-1,0,unknown
2064,unknown,12,may,111,2,-1,0,unknown
2065,unknown,12,may,128,2,-1,0,unknown
2066,unknown,12,may,192,2,-1,0,unknown
2067,unknown,12,may,88,5,-1,0,unknown
2068,unknown,12,may,592,2,-1,0,unknown
2069,unknown,12,may,105,3,-1,0,unknown
2070,unknown,12,may,62,2,-1,0,unknown
2071,unknown,12,may,29,8,-1,0,unknown
2072,unknown,12,may,59,4,-1,0,unknown
2073,unknown,12,may,247,3,-1,0,unknown
2074,unknown,12,may,160,4,-1,0,unknown
2075,unknown,12,may,144,7,-1,0,unknown
2076,unknown,12,may,346,4,-1,0,unknown
2077,unknown,12,may,57,2,-1,0,unknown
2078,unknown,12,may,396,3,-1,0,unknown
2079,unknown,12,may,286,4,-1,0,unknown
2080,unknown,12,may,400,3,-1,0,unknown
2081,unknown,12,may,282,4,-1,0,unknown
2082,unknown,12,may,38,4,-1,0,unknown
2083,unknown,12,may,252,4,-1,0,unknown
2084,unknown,12,may,76,3,-1,0,unknown
2085,unknown,12,may,566,7,-1,0,unknown
2086,unknown,12,may,167,2,-1,0,unknown
2087,unknown,12,may,127,2,-1,0,unknown
2088,unknown,12,may,178,2,-1,0,unknown
2089,unknown,12,may,71,2,-1,0,unknown
2090,unknown,12,may,109,2,-1,0,unknown
2091,unknown,12,may,120,2,-1,0,unknown
2092,unknown,12,may,102,3,-1,0,unknown
2093,unknown,12,may,409,2,-1,0,unknown
2094,unknown,12,may,117,2,-1,0,unknown
2095,unknown,12,may,177,4,-1,0,unknown
2096,unknown,12,may,757,2,-1,0,unknown
2097,unknown,12,may,145,1,-1,0,unknown
2098,unknown,12,may,124,1,-1,0,unknown
2099,unknown,12,may,36,4,-1,0,unknown
2100,unknown,12,may,94,2,-1,0,unknown
2101,unknown,12,may,189,1,-1,0,unknown
2102,unknown,12,may,24,1,-1,0,unknown
2103,unknown,12,may,33,2,-1,0,unknown
2104,unknown,12,may,185,1,-1,0,unknown
2105,unknown,12,may,165,1,-1,0,unknown
2106,unknown,12,may,405,3,-1,0,unknown
2107,unknown,12,may,172,2,-1,0,unknown
2108,unknown,12,may,207,3,-1,0,unknown
2109,unknown,12,may,325,3,-1,0,unknown
2110,unknown,12,may,57,8,-1,0,unknown
2111,unknown,12,may,102,1,-1,0,unknown
2112,unknown,12,may,378,3,-1,0,unknown
2113,unknown,12,may,164,3,-1,0,unknown
2114,unknown,12,may,288,2,-1,0,unknown
2115,unknown,12,may,154,1,-1,0,unknown
2116,unknown,12,may,102,1,-1,0,unknown
2117,unknown,12,may,136,2,-1,0,unknown
2118,unknown,12,may,53,1,-1,0,unknown
2119,unknown,12,may,113,3,-1,0,unknown
2120,unknown,12,may,110,3,-1,0,unknown
2121,unknown,12,may,523,1,-1,0,unknown
2122,unknown,12,may,231,1,-1,0,unknown
2123,unknown,12,may,217,1,-1,0,unknown
2124,unknown,12,may,151,1,-1,0,unknown
2125,unknown,12,may,179,2,-1,0,unknown
2126,unknown,12,may,293,1,-1,0,unknown
2127,unknown,12,may,281,1,-1,0,unknown
2128,unknown,12,may,363,2,-1,0,unknown
2129,unknown,12,may,86,1,-1,0,unknown
2130,unknown,12,may,1147,2,-1,0,unknown
2131,unknown,12,may,209,1,-1,0,unknown
2132,unknown,12,may,486,1,-1,0,unknown
2133,unknown,12,may,49,2,-1,0,unknown
2134,unknown,12,may,170,2,-1,0,unknown
2135,unknown,12,may,539,1,-1,0,unknown
2136,unknown,12,may,66,3,-1,0,unknown
2137,unknown,12,may,51,1,-1,0,unknown
2138,unknown,12,may,820,1,-1,0,unknown
2139,unknown,12,may,125,1,-1,0,unknown
2140,unknown,12,may,398,1,-1,0,unknown
2141,unknown,12,may,112,1,-1,0,unknown
2142,unknown,12,may,64,1,-1,0,unknown
2143,unknown,12,may,255,1,-1,0,unknown
2144,unknown,12,may,34,1,-1,0,unknown
2145,unknown,12,may,95,8,-1,0,unknown
2146,unknown,12,may,140,3,-1,0,unknown
2147,unknown,12,may,788,2,-1,0,unknown
2148,unknown,12,may,194,2,-1,0,unknown
2149,unknown,12,may,165,4,-1,0,unknown
2150,unknown,12,may,306,2,-1,0,unknown
2151,unknown,12,may,63,3,-1,0,unknown
2152,unknown,12,may,501,2,-1,0,unknown
2153,unknown,12,may,832,3,-1,0,unknown
2154,unknown,12,may,101,2,-1,0,unknown
2155,unknown,12,may,214,4,-1,0,unknown
2156,unknown,12,may,290,6,-1,0,unknown
2157,unknown,12,may,388,2,-1,0,unknown
2158,unknown,12,may,1495,4,-1,0,unknown
2159,unknown,12,may,183,1,-1,0,unknown
2160,unknown,12,may,322,1,-1,0,unknown
2161,unknown,12,may,646,3,-1,0,unknown
2162,unknown,12,may,480,1,-1,0,unknown
2163,unknown,12,may,169,2,-1,0,unknown
2164,unknown,12,may,74,1,-1,0,unknown
2165,unknown,12,may,146,3,-1,0,unknown
2166,unknown,12,may,393,1,-1,0,unknown
2167,unknown,12,may,744,2,-1,0,unknown
2168,unknown,12,may,593,2,-1,0,unknown
2169,unknown,12,may,215,1,-1,0,unknown
2170,unknown,12,may,379,2,-1,0,unknown
2171,unknown,12,may,315,1,-1,0,unknown
2172,unknown,12,may,162,1,-1,0,unknown
2173,unknown,12,may,493,1,-1,0,unknown
2174,unknown,12,may,225,1,-1,0,unknown
2175,unknown,12,may,208,1,-1,0,unknown
2176,unknown,12,may,80,4,-1,0,unknown
2177,unknown,12,may,3,1,-1,0,unknown
2178,unknown,12,may,29,1,-1,0,unknown
2179,unknown,12,may,132,1,-1,0,unknown
2180,unknown,12,may,379,2,-1,0,unknown
2181,unknown,12,may,101,1,-1,0,unknown
2182,unknown,12,may,188,1,-1,0,unknown
2183,unknown,12,may,386,2,-1,0,unknown
2184,unknown,12,may,457,4,-1,0,unknown
2185,unknown,12,may,891,1,-1,0,unknown
2186,unknown,12,may,53,1,-1,0,unknown
2187,unknown,12,may,446,1,-1,0,unknown
2188,unknown,12,may,326,1,-1,0,unknown
2189,unknown,12,may,507,1,-1,0,unknown
2190,unknown,12,may,1083,2,-1,0,unknown
2191,unknown,12,may,123,2,-1,0,unknown
2192,unknown,12,may,1266,1,-1,0,unknown
2193,unknown,12,may,160,4,-1,0,unknown
2194,unknown,12,may,139,2,-1,0,unknown
2195,unknown,12,may,178,2,-1,0,unknown
2196,unknown,12,may,156,3,-1,0,unknown
2197,unknown,12,may,200,2,-1,0,unknown
2198,unknown,12,may,154,2,-1,0,unknown
2199,unknown,12,may,163,4,-1,0,unknown
2200,unknown,12,may,391,1,-1,0,unknown
2201,unknown,12,may,470,1,-1,0,unknown
2202,unknown,12,may,268,4,-1,0,unknown
2203,unknown,12,may,793,5,-1,0,unknown
2204,unknown,12,may,619,3,-1,0,unknown
2205,unknown,12,may,460,1,-1,0,unknown
2206,unknown,12,may,246,1,-1,0,unknown
2207,unknown,12,may,194,3,-1,0,unknown
2208,unknown,12,may,413,1,-1,0,unknown
2209,unknown,12,may,574,6,-1,0,unknown
2210,unknown,12,may,256,4,-1,0,unknown
2211,unknown,12,may,88,2,-1,0,unknown
2212,unknown,12,may,146,1,-1,0,unknown
2213,unknown,12,may,170,2,-1,0,unknown
2214,unknown,12,may,596,1,-1,0,unknown
2215,unknown,12,may,139,1,-1,0,unknown
2216,unknown,12,may,177,3,-1,0,unknown
2217,unknown,12,may,577,1,-1,0,unknown
2218,unknown,12,may,335,1,-1,0,unknown
2219,unknown,12,may,262,2,-1,0,unknown
2220,unknown,12,may,115,1,-1,0,unknown
2221,unknown,12,may,116,2,-1,0,unknown
2222,unknown,12,may,136,4,-1,0,unknown
2223,unknown,12,may,289,3,-1,0,unknown
2224,unknown,12,may,529,2,-1,0,unknown
2225,unknown,12,may,247,2,-1,0,unknown
2226,unknown,12,may,72,2,-1,0,unknown
2227,unknown,12,may,166,2,-1,0,unknown
2228,unknown,12,may,152,2,-1,0,unknown
2229,unknown,12,may,220,3,-1,0,unknown
2230,unknown,12,may,241,3,-1,0,unknown
2231,unknown,12,may,198,3,-1,0,unknown
2232,unknown,12,may,98,2,-1,0,unknown
2233,unknown,12,may,182,2,-1,0,unknown
2234,unknown,12,may,391,2,-1,0,unknown
2235,unknown,12,may,126,2,-1,0,unknown
2236,unknown,12,may,55,2,-1,0,unknown
2237,unknown,12,may,495,1,-1,0,unknown
2238,unknown,12,may,86,4,-1,0,unknown
2239,unknown,12,may,166,2,-1,0,unknown
2240,unknown,12,may,66,4,-1,0,unknown
2241,unknown,12,may,155,3,-1,0,unknown
2242,unknown,12,may,311,3,-1,0,unknown
2243,unknown,12,may,63,5,-1,0,unknown
2244,unknown,12,may,236,10,-1,0,unknown
2245,unknown,12,may,92,3,-1,0,unknown
2246,unknown,12,may,298,2,-1,0,unknown
2247,unknown,12,may,253,2,-1,0,unknown
2248,unknown,12,may,163,2,-1,0,unknown
2249,unknown,12,may,65,1,-1,0,unknown
2250,unknown,12,may,41,1,-1,0,unknown
2251,unknown,12,may,10,11,-1,0,unknown
2252,unknown,12,may,221,1,-1,0,unknown
2253,unknown,12,may,370,1,-1,0,unknown
2254,unknown,12,may,467,5,-1,0,unknown
2255,unknown,12,may,241,3,-1,0,unknown
2256,unknown,12,may,248,2,-1,0,unknown
2257,unknown,12,may,120,2,-1,0,unknown
2258,unknown,12,may,260,2,-1,0,unknown
2259,unknown,12,may,198,3,-1,0,unknown
2260,unknown,12,may,1727,5,-1,0,unknown
2261,unknown,12,may,138,8,-1,0,unknown
2262,unknown,12,may,115,4,-1,0,unknown
2263,unknown,12,may,212,2,-1,0,unknown
2264,unknown,12,may,58,7,-1,0,unknown
2265,unknown,12,may,456,6,-1,0,unknown
2266,unknown,12,may,145,4,-1,0,unknown
2267,unknown,12,may,289,3,-1,0,unknown
2268,unknown,12,may,300,3,-1,0,unknown
2269,unknown,12,may,264,2,-1,0,unknown
2270,unknown,12,may,181,2,-1,0,unknown
2271,unknown,12,may,184,4,-1,0,unknown
2272,unknown,12,may,148,3,-1,0,unknown
2273,unknown,12,may,166,4,-1,0,unknown
2274,unknown,12,may,65,5,-1,0,unknown
2275,unknown,12,may,299,5,-1,0,unknown
2276,unknown,12,may,93,4,-1,0,unknown
2277,unknown,12,may,22,5,-1,0,unknown
2278,unknown,12,may,170,8,-1,0,unknown
2279,unknown,12,may,89,3,-1,0,unknown
2280,unknown,12,may,215,2,-1,0,unknown
2281,unknown,12,may,166,4,-1,0,unknown
2282,unknown,12,may,109,3,-1,0,unknown
2283,unknown,12,may,197,3,-1,0,unknown
2284,unknown,12,may,395,3,-1,0,unknown
2285,unknown,12,may,1875,4,-1,0,unknown
2286,unknown,12,may,220,2,-1,0,unknown
2287,unknown,12,may,298,2,-1,0,unknown
2288,unknown,12,may,123,7,-1,0,unknown
2289,unknown,12,may,140,7,-1,0,unknown
2290,unknown,12,may,334,7,-1,0,unknown
2291,unknown,12,may,73,3,-1,0,unknown
2292,unknown,12,may,186,6,-1,0,unknown
2293,unknown,12,may,78,3,-1,0,unknown
2294,unknown,12,may,13,5,-1,0,unknown
2295,unknown,12,may,51,9,-1,0,unknown
2296,unknown,12,may,303,3,-1,0,unknown
2297,unknown,12,may,159,3,-1,0,unknown
2298,unknown,12,may,103,8,-1,0,unknown
2299,unknown,12,may,95,3,-1,0,unknown
2300,unknown,12,may,84,3,-1,0,unknown
2301,unknown,12,may,344,3,-1,0,unknown
2302,unknown,12,may,246,6,-1,0,unknown
2303,unknown,12,may,157,5,-1,0,unknown
2304,unknown,12,may,162,4,-1,0,unknown
2305,unknown,12,may,24,12,-1,0,unknown
2306,unknown,12,may,212,5,-1,0,unknown
2307,unknown,12,may,195,2,-1,0,unknown
2308,unknown,12,may,143,4,-1,0,unknown
2309,unknown,12,may,68,2,-1,0,unknown
2310,unknown,12,may,274,6,-1,0,unknown
2311,unknown,12,may,227,3,-1,0,unknown
2312,unknown,12,may,152,5,-1,0,unknown
2313,unknown,12,may,249,4,-1,0,unknown
2314,unknown,12,may,325,4,-1,0,unknown
2315,unknown,12,may,111,4,-1,0,unknown
2316,unknown,12,may,81,4,-1,0,unknown
2317,unknown,12,may,181,4,-1,0,unknown
2318,unknown,13,may,85,2,-1,0,unknown
2319,unknown,13,may,141,6,-1,0,unknown
2320,unknown,13,may,42,3,-1,0,unknown
2321,unknown,13,may,182,6,-1,0,unknown
2322,unknown,13,may,160,3,-1,0,unknown
2323,unknown,13,may,176,4,-1,0,unknown
2324,unknown,13,may,134,2,-1,0,unknown
2325,unknown,13,may,514,5,-1,0,unknown
2326,unknown,13,may,181,5,-1,0,unknown
2327,unknown,13,may,160,3,-1,0,unknown
2328,unknown,13,may,504,4,-1,0,unknown
2329,unknown,13,may,267,3,-1,0,unknown
2330,unknown,13,may,907,2,-1,0,unknown
2331,unknown,13,may,200,1,-1,0,unknown
2332,unknown,13,may,139,1,-1,0,unknown
2333,unknown,13,may,147,1,-1,0,unknown
2334,unknown,13,may,161,1,-1,0,unknown
2335,unknown,13,may,153,1,-1,0,unknown
2336,unknown,13,may,109,1,-1,0,unknown
2337,unknown,13,may,97,2,-1,0,unknown
2338,unknown,13,may,164,1,-1,0,unknown
2339,unknown,13,may,70,1,-1,0,unknown
2340,unknown,13,may,71,1,-1,0,unknown
2341,unknown,13,may,723,1,-1,0,unknown
2342,unknown,13,may,518,1,-1,0,unknown
2343,unknown,13,may,704,1,-1,0,unknown
2344,unknown,13,may,147,1,-1,0,unknown
2345,unknown,13,may,101,1,-1,0,unknown
2346,unknown,13,may,142,1,-1,0,unknown
2347,unknown,13,may,1346,1,-1,0,unknown
2348,unknown,13,may,520,1,-1,0,unknown
2349,unknown,13,may,611,2,-1,0,unknown
2350,unknown,13,may,66,1,-1,0,unknown
2351,unknown,13,may,135,3,-1,0,unknown
2352,unknown,13,may,276,2,-1,0,unknown
2353,unknown,13,may,449,1,-1,0,unknown
2354,unknown,13,may,98,1,-1,0,unknown
2355,unknown,13,may,105,1,-1,0,unknown
2356,unknown,13,may,382,2,-1,0,unknown
2357,unknown,13,may,213,1,-1,0,unknown
2358,unknown,13,may,116,1,-1,0,unknown
2359,unknown,13,may,125,1,-1,0,unknown
2360,unknown,13,may,50,1,-1,0,unknown
2361,unknown,13,may,138,1,-1,0,unknown
2362,unknown,13,may,375,1,-1,0,unknown
2363,unknown,13,may,49,1,-1,0,unknown
2364,unknown,13,may,169,1,-1,0,unknown
2365,unknown,13,may,178,2,-1,0,unknown
2366,unknown,13,may,1386,1,-1,0,unknown
2367,unknown,13,may,155,1,-1,0,unknown
2368,unknown,13,may,120,1,-1,0,unknown
2369,unknown,13,may,203,1,-1,0,unknown
2370,unknown,13,may,244,1,-1,0,unknown
2371,unknown,13,may,428,1,-1,0,unknown
2372,unknown,13,may,53,1,-1,0,unknown
2373,unknown,13,may,360,1,-1,0,unknown
2374,unknown,13,may,215,1,-1,0,unknown
2375,unknown,13,may,500,2,-1,0,unknown
2376,unknown,13,may,207,1,-1,0,unknown
2377,unknown,13,may,568,4,-1,0,unknown
2378,unknown,13,may,270,1,-1,0,unknown
2379,unknown,13,may,154,1,-1,0,unknown
2380,unknown,13,may,272,1,-1,0,unknown
2381,unknown,13,may,229,1,-1,0,unknown
2382,unknown,13,may,108,1,-1,0,unknown
2383,unknown,13,may,210,1,-1,0,unknown
2384,unknown,13,may,383,1,-1,0,unknown
2385,unknown,13,may,259,6,-1,0,unknown
2386,unknown,13,may,3366,3,-1,0,unknown
2387,unknown,13,may,1000,1,-1,0,unknown
2388,unknown,13,may,618,1,-1,0,unknown
2389,unknown,13,may,415,1,-1,0,unknown
2390,unknown,13,may,237,1,-1,0,unknown
2391,unknown,13,may,106,1,-1,0,unknown
2392,unknown,13,may,351,1,-1,0,unknown
2393,unknown,13,may,218,1,-1,0,unknown
2394,unknown,13,may,198,1,-1,0,unknown
2395,unknown,13,may,284,2,-1,0,unknown
2396,unknown,13,may,190,1,-1,0,unknown
2397,unknown,13,may,295,1,-1,0,unknown
2398,unknown,13,may,262,1,-1,0,unknown
2399,unknown,13,may,106,1,-1,0,unknown
2400,unknown,13,may,93,1,-1,0,unknown
2401,unknown,13,may,174,1,-1,0,unknown
2402,unknown,13,may,124,1,-1,0,unknown
2403,unknown,13,may,217,1,-1,0,unknown
2404,unknown,13,may,2231,1,-1,0,unknown
2405,unknown,13,may,343,1,-1,0,unknown
2406,unknown,13,may,227,4,-1,0,unknown
2407,unknown,13,may,248,2,-1,0,unknown
2408,unknown,13,may,180,1,-1,0,unknown
2409,unknown,13,may,117,1,-1,0,unknown
2410,unknown,13,may,205,1,-1,0,unknown
2411,unknown,13,may,370,1,-1,0,unknown
2412,unknown,13,may,289,2,-1,0,unknown
2413,unknown,13,may,427,1,-1,0,unknown
2414,unknown,13,may,170,1,-1,0,unknown
2415,unknown,13,may,705,1,-1,0,unknown
2416,unknown,13,may,247,1,-1,0,unknown
2417,unknown,13,may,226,1,-1,0,unknown
2418,unknown,13,may,665,1,-1,0,unknown
2419,unknown,13,may,213,1,-1,0,unknown
2420,unknown,13,may,451,1,-1,0,unknown
2421,unknown,13,may,174,1,-1,0,unknown
2422,unknown,13,may,126,5,-1,0,unknown
2423,unknown,13,may,243,3,-1,0,unknown
2424,unknown,13,may,166,1,-1,0,unknown
2425,unknown,13,may,373,1,-1,0,unknown
2426,unknown,13,may,259,1,-1,0,unknown
2427,unknown,13,may,340,1,-1,0,unknown
2428,unknown,13,may,193,1,-1,0,unknown
2429,unknown,13,may,392,1,-1,0,unknown
2430,unknown,13,may,136,1,-1,0,unknown
2431,unknown,13,may,148,1,-1,0,unknown
2432,unknown,13,may,456,1,-1,0,unknown
2433,unknown,13,may,107,1,-1,0,unknown
2434,unknown,13,may,44,1,-1,0,unknown
2435,unknown,13,may,118,1,-1,0,unknown
2436,unknown,13,may,276,1,-1,0,unknown
2437,unknown,13,may,47,1,-1,0,unknown
2438,unknown,13,may,150,2,-1,0,unknown
2439,unknown,13,may,118,1,-1,0,unknown
2440,unknown,13,may,232,3,-1,0,unknown
2441,unknown,13,may,1167,1,-1,0,unknown
2442,unknown,13,may,227,1,-1,0,unknown
2443,unknown,13,may,325,1,-1,0,unknown
2444,unknown,13,may,147,1,-1,0,unknown
2445,unknown,13,may,98,1,-1,0,unknown
2446,unknown,13,may,93,1,-1,0,unknown
2447,unknown,13,may,83,1,-1,0,unknown
2448,unknown,13,may,105,1,-1,0,unknown
2449,unknown,13,may,67,1,-1,0,unknown
2450,unknown,13,may,77,1,-1,0,unknown
2451,unknown,13,may,191,1,-1,0,unknown
2452,unknown,13,may,20,1,-1,0,unknown
2453,unknown,13,may,27,1,-1,0,unknown
2454,unknown,13,may,260,3,-1,0,unknown
2455,unknown,13,may,174,4,-1,0,unknown
2456,unknown,13,may,94,1,-1,0,unknown
2457,unknown,13,may,23,2,-1,0,unknown
2458,unknown,13,may,334,1,-1,0,unknown
2459,unknown,13,may,609,2,-1,0,unknown
2460,unknown,13,may,202,1,-1,0,unknown
2461,unknown,13,may,302,1,-1,0,unknown
2462,unknown,13,may,121,2,-1,0,unknown
2463,unknown,13,may,202,3,-1,0,unknown
2464,unknown,13,may,806,1,-1,0,unknown
2465,unknown,13,may,31,1,-1,0,unknown
2466,unknown,13,may,21,1,-1,0,unknown
2467,unknown,13,may,156,1,-1,0,unknown
2468,unknown,13,may,92,1,-1,0,unknown
2469,unknown,13,may,128,2,-1,0,unknown
2470,unknown,13,may,481,1,-1,0,unknown
2471,unknown,13,may,766,1,-1,0,unknown
2472,unknown,13,may,255,5,-1,0,unknown
2473,unknown,13,may,110,1,-1,0,unknown
2474,unknown,13,may,395,2,-1,0,unknown
2475,unknown,13,may,135,1,-1,0,unknown
2476,unknown,13,may,192,1,-1,0,unknown
2477,unknown,13,may,188,2,-1,0,unknown
2478,unknown,13,may,139,1,-1,0,unknown
2479,unknown,13,may,131,1,-1,0,unknown
2480,unknown,13,may,266,2,-1,0,unknown
2481,unknown,13,may,76,1,-1,0,unknown
2482,unknown,13,may,122,1,-1,0,unknown
2483,unknown,13,may,1015,1,-1,0,unknown
2484,unknown,13,may,60,1,-1,0,unknown
2485,unknown,13,may,683,2,-1,0,unknown
2486,unknown,13,may,470,1,-1,0,unknown
2487,unknown,13,may,149,1,-1,0,unknown
2488,unknown,13,may,106,1,-1,0,unknown
2489,unknown,13,may,127,2,-1,0,unknown
2490,unknown,13,may,320,1,-1,0,unknown
2491,unknown,13,may,145,1,-1,0,unknown
2492,unknown,13,may,129,1,-1,0,unknown
2493,unknown,13,may,730,1,-1,0,unknown
2494,unknown,13,may,36,1,-1,0,unknown
2495,unknown,13,may,521,1,-1,0,unknown
2496,unknown,13,may,95,3,-1,0,unknown
2497,unknown,13,may,120,1,-1,0,unknown
2498,unknown,13,may,768,1,-1,0,unknown
2499,unknown,13,may,277,1,-1,0,unknown
2500,unknown,13,may,289,1,-1,0,unknown
2501,unknown,13,may,473,1,-1,0,unknown
2502,unknown,13,may,133,1,-1,0,unknown
2503,unknown,13,may,459,1,-1,0,unknown
2504,unknown,13,may,129,1,-1,0,unknown
2505,unknown,13,may,420,1,-1,0,unknown
2506,unknown,13,may,386,2,-1,0,unknown
2507,unknown,13,may,1001,4,-1,0,unknown
2508,unknown,13,may,76,1,-1,0,unknown
2509,unknown,13,may,488,1,-1,0,unknown
2510,unknown,13,may,262,1,-1,0,unknown
2511,unknown,13,may,146,1,-1,0,unknown
2512,unknown,13,may,503,1,-1,0,unknown
2513,unknown,13,may,170,1,-1,0,unknown
2514,unknown,13,may,214,1,-1,0,unknown
2515,unknown,13,may,355,1,-1,0,unknown
2516,unknown,13,may,194,2,-1,0,unknown
2517,unknown,13,may,46,1,-1,0,unknown
2518,unknown,13,may,128,1,-1,0,unknown
2519,unknown,13,may,845,1,-1,0,unknown
2520,unknown,13,may,52,2,-1,0,unknown
2521,unknown,13,may,173,1,-1,0,unknown
2522,unknown,13,may,113,2,-1,0,unknown
2523,unknown,13,may,109,2,-1,0,unknown
2524,unknown,13,may,853,1,-1,0,unknown
2525,unknown,13,may,518,1,-1,0,unknown
2526,unknown,13,may,124,2,-1,0,unknown
2527,unknown,13,may,452,2,-1,0,unknown
2528,unknown,13,may,209,9,-1,0,unknown
2529,unknown,13,may,154,2,-1,0,unknown
2530,unknown,13,may,203,2,-1,0,unknown
2531,unknown,13,may,813,2,-1,0,unknown
2532,unknown,13,may,81,1,-1,0,unknown
2533,unknown,13,may,119,1,-1,0,unknown
2534,unknown,13,may,296,1,-1,0,unknown
2535,unknown,13,may,916,2,-1,0,unknown
2536,unknown,13,may,60,2,-1,0,unknown
2537,unknown,13,may,443,1,-1,0,unknown
2538,unknown,13,may,353,1,-1,0,unknown
2539,unknown,13,may,225,2,-1,0,unknown
2540,unknown,13,may,262,2,-1,0,unknown
2541,unknown,13,may,431,2,-1,0,unknown
2542,unknown,13,may,358,2,-1,0,unknown
2543,unknown,13,may,565,2,-1,0,unknown
2544,unknown,13,may,103,3,-1,0,unknown
2545,unknown,13,may,753,6,-1,0,unknown
2546,unknown,13,may,708,2,-1,0,unknown
2547,unknown,13,may,265,1,-1,0,unknown
2548,unknown,13,may,434,2,-1,0,unknown
2549,unknown,13,may,59,1,-1,0,unknown
2550,unknown,13,may,805,2,-1,0,unknown
2551,unknown,13,may,242,1,-1,0,unknown
2552,unknown,13,may,19,9,-1,0,unknown
2553,unknown,13,may,93,6,-1,0,unknown
2554,unknown,13,may,210,8,-1,0,unknown
2555,unknown,13,may,31,2,-1,0,unknown
2556,unknown,13,may,213,5,-1,0,unknown
2557,unknown,13,may,104,2,-1,0,unknown
2558,unknown,13,may,342,3,-1,0,unknown
2559,unknown,13,may,172,2,-1,0,unknown
2560,unknown,13,may,160,3,-1,0,unknown
2561,unknown,13,may,535,2,-1,0,unknown
2562,unknown,13,may,514,5,-1,0,unknown
2563,unknown,13,may,276,1,-1,0,unknown
2564,unknown,13,may,176,3,-1,0,unknown
2565,unknown,13,may,20,1,-1,0,unknown
2566,unknown,13,may,161,1,-1,0,unknown
2567,unknown,13,may,390,1,-1,0,unknown
2568,unknown,13,may,245,4,-1,0,unknown
2569,unknown,13,may,151,1,-1,0,unknown
2570,unknown,13,may,144,1,-1,0,unknown
2571,unknown,13,may,901,2,-1,0,unknown
2572,unknown,13,may,123,1,-1,0,unknown
2573,unknown,13,may,204,3,-1,0,unknown
2574,unknown,13,may,93,2,-1,0,unknown
2575,unknown,13,may,188,3,-1,0,unknown
2576,unknown,13,may,332,1,-1,0,unknown
2577,unknown,13,may,180,1,-1,0,unknown
2578,unknown,13,may,178,2,-1,0,unknown
2579,unknown,13,may,92,1,-1,0,unknown
2580,unknown,13,may,318,2,-1,0,unknown
2581,unknown,13,may,94,1,-1,0,unknown
2582,unknown,13,may,139,2,-1,0,unknown
2583,unknown,13,may,152,1,-1,0,unknown
2584,unknown,13,may,188,1,-1,0,unknown
2585,unknown,13,may,54,3,-1,0,unknown
2586,unknown,13,may,29,1,-1,0,unknown
2587,unknown,13,may,271,1,-1,0,unknown
2588,unknown,13,may,95,1,-1,0,unknown
2589,unknown,13,may,227,1,-1,0,unknown
2590,unknown,13,may,190,1,-1,0,unknown
2591,unknown,13,may,60,1,-1,0,unknown
2592,unknown,13,may,161,1,-1,0,unknown
2593,unknown,13,may,162,4,-1,0,unknown
2594,unknown,13,may,213,2,-1,0,unknown
2595,unknown,13,may,67,2,-1,0,unknown
2596,unknown,13,may,93,1,-1,0,unknown
2597,unknown,13,may,119,2,-1,0,unknown
2598,unknown,13,may,297,3,-1,0,unknown
2599,unknown,13,may,3,1,-1,0,unknown
2600,unknown,13,may,179,1,-1,0,unknown
2601,unknown,13,may,342,2,-1,0,unknown
2602,unknown,13,may,420,1,-1,0,unknown
2603,unknown,13,may,378,1,-1,0,unknown
2604,unknown,13,may,190,1,-1,0,unknown
2605,unknown,13,may,354,2,-1,0,unknown
2606,unknown,13,may,190,1,-1,0,unknown
2607,unknown,13,may,367,1,-1,0,unknown
2608,unknown,13,may,91,2,-1,0,unknown
2609,unknown,13,may,77,1,-1,0,unknown
2610,unknown,13,may,280,1,-1,0,unknown
2611,unknown,13,may,182,1,-1,0,unknown
2612,unknown,13,may,386,1,-1,0,unknown
2613,unknown,13,may,184,1,-1,0,unknown
2614,unknown,13,may,43,2,-1,0,unknown
2615,unknown,13,may,108,2,-1,0,unknown
2616,unknown,13,may,253,2,-1,0,unknown
2617,unknown,13,may,195,2,-1,0,unknown
2618,unknown,13,may,46,3,-1,0,unknown
2619,unknown,13,may,226,1,-1,0,unknown
2620,unknown,13,may,55,1,-1,0,unknown
2621,unknown,13,may,299,3,-1,0,unknown
2622,unknown,13,may,148,1,-1,0,unknown
2623,unknown,13,may,97,1,-1,0,unknown
2624,unknown,13,may,169,2,-1,0,unknown
2625,unknown,13,may,119,10,-1,0,unknown
2626,unknown,13,may,101,13,-1,0,unknown
2627,unknown,13,may,60,1,-1,0,unknown
2628,unknown,13,may,210,1,-1,0,unknown
2629,unknown,13,may,65,6,-1,0,unknown
2630,unknown,13,may,129,4,-1,0,unknown
2631,unknown,13,may,481,3,-1,0,unknown
2632,unknown,13,may,215,1,-1,0,unknown
2633,unknown,13,may,142,2,-1,0,unknown
2634,unknown,13,may,411,2,-1,0,unknown
2635,unknown,13,may,531,2,-1,0,unknown
2636,unknown,13,may,65,1,-1,0,unknown
2637,unknown,13,may,34,4,-1,0,unknown
2638,unknown,13,may,788,3,-1,0,unknown
2639,unknown,13,may,244,1,-1,0,unknown
2640,unknown,13,may,431,1,-1,0,unknown
2641,unknown,13,may,851,4,-1,0,unknown
2642,unknown,13,may,315,3,-1,0,unknown
2643,unknown,13,may,214,1,-1,0,unknown
2644,unknown,13,may,92,4,-1,0,unknown
2645,unknown,13,may,73,3,-1,0,unknown
2646,unknown,13,may,181,3,-1,0,unknown
2647,unknown,13,may,159,2,-1,0,unknown
2648,unknown,13,may,58,2,-1,0,unknown
2649,unknown,13,may,1052,1,-1,0,unknown
2650,unknown,13,may,916,2,-1,0,unknown
2651,unknown,13,may,150,2,-1,0,unknown
2652,unknown,13,may,165,2,-1,0,unknown
2653,unknown,13,may,309,2,-1,0,unknown
2654,unknown,13,may,163,2,-1,0,unknown
2655,unknown,13,may,210,3,-1,0,unknown
2656,unknown,13,may,165,3,-1,0,unknown
2657,unknown,13,may,331,2,-1,0,unknown
2658,unknown,13,may,134,2,-1,0,unknown
2659,unknown,13,may,185,6,-1,0,unknown
2660,unknown,13,may,295,2,-1,0,unknown
2661,unknown,13,may,86,4,-1,0,unknown
2662,unknown,13,may,274,2,-1,0,unknown
2663,unknown,13,may,151,4,-1,0,unknown
2664,unknown,13,may,69,11,-1,0,unknown
2665,unknown,13,may,15,11,-1,0,unknown
2666,unknown,13,may,164,2,-1,0,unknown
2667,unknown,13,may,437,2,-1,0,unknown
2668,unknown,13,may,139,4,-1,0,unknown
2669,unknown,13,may,267,2,-1,0,unknown
2670,unknown,13,may,165,2,-1,0,unknown
2671,unknown,13,may,175,2,-1,0,unknown
2672,unknown,13,may,198,2,-1,0,unknown
2673,unknown,13,may,220,2,-1,0,unknown
2674,unknown,13,may,168,2,-1,0,unknown
2675,unknown,13,may,247,3,-1,0,unknown
2676,unknown,13,may,291,2,-1,0,unknown
2677,unknown,13,may,187,2,-1,0,unknown
2678,unknown,13,may,194,2,-1,0,unknown
2679,unknown,13,may,379,2,-1,0,unknown
2680,unknown,13,may,151,2,-1,0,unknown
2681,unknown,13,may,166,4,-1,0,unknown
2682,unknown,13,may,64,2,-1,0,unknown
2683,unknown,13,may,232,4,-1,0,unknown
2684,unknown,13,may,647,7,-1,0,unknown
2685,unknown,13,may,322,3,-1,0,unknown
2686,unknown,13,may,133,12,-1,0,unknown
2687,unknown,13,may,50,3,-1,0,unknown
2688,unknown,13,may,87,2,-1,0,unknown
2689,unknown,13,may,771,2,-1,0,unknown
2690,unknown,13,may,241,2,-1,0,unknown
2691,unknown,13,may,205,3,-1,0,unknown
2692,unknown,13,may,318,2,-1,0,unknown
2693,unknown,13,may,109,9,-1,0,unknown
2694,unknown,13,may,304,2,-1,0,unknown
2695,unknown,13,may,209,2,-1,0,unknown
2696,unknown,13,may,83,7,-1,0,unknown
2697,unknown,13,may,227,2,-1,0,unknown
2698,unknown,13,may,271,2,-1,0,unknown
2699,unknown,13,may,326,4,-1,0,unknown
2700,unknown,13,may,389,2,-1,0,unknown
2701,unknown,13,may,273,2,-1,0,unknown
2702,unknown,13,may,264,3,-1,0,unknown
2703,unknown,13,may,1106,4,-1,0,unknown
2704,unknown,13,may,73,2,-1,0,unknown
2705,unknown,13,may,195,5,-1,0,unknown
2706,unknown,13,may,69,19,-1,0,unknown
2707,unknown,13,may,87,9,-1,0,unknown
2708,unknown,13,may,122,7,-1,0,unknown
2709,unknown,13,may,945,2,-1,0,unknown
2710,unknown,13,may,288,2,-1,0,unknown
2711,unknown,13,may,50,3,-1,0,unknown
2712,unknown,13,may,816,3,-1,0,unknown
2713,unknown,13,may,284,2,-1,0,unknown
2714,unknown,13,may,116,4,-1,0,unknown
2715,unknown,13,may,72,4,-1,0,unknown
2716,unknown,13,may,232,2,-1,0,unknown
2717,unknown,13,may,124,3,-1,0,unknown
2718,unknown,13,may,326,3,-1,0,unknown
2719,unknown,13,may,190,5,-1,0,unknown
2720,unknown,13,may,1721,2,-1,0,unknown
2721,unknown,13,may,351,2,-1,0,unknown
2722,unknown,13,may,171,2,-1,0,unknown
2723,unknown,13,may,166,2,-1,0,unknown
2724,unknown,13,may,104,2,-1,0,unknown
2725,unknown,13,may,163,3,-1,0,unknown
2726,unknown,13,may,492,2,-1,0,unknown
2727,unknown,13,may,25,10,-1,0,unknown
2728,unknown,13,may,152,3,-1,0,unknown
2729,unknown,13,may,109,4,-1,0,unknown
2730,unknown,13,may,1032,1,-1,0,unknown
2731,unknown,14,may,65,6,-1,0,unknown
2732,unknown,14,may,194,4,-1,0,unknown
2733,unknown,14,may,360,2,-1,0,unknown
2734,unknown,14,may,96,4,-1,0,unknown
2735,unknown,14,may,20,11,-1,0,unknown
2736,unknown,14,may,323,4,-1,0,unknown
2737,unknown,14,may,332,2,-1,0,unknown
2738,unknown,14,may,735,8,-1,0,unknown
2739,unknown,14,may,151,2,-1,0,unknown
2740,unknown,14,may,46,5,-1,0,unknown
2741,unknown,14,may,158,3,-1,0,unknown
2742,unknown,14,may,73,2,-1,0,unknown
2743,unknown,14,may,407,4,-1,0,unknown
2744,unknown,14,may,438,2,-1,0,unknown
2745,unknown,14,may,139,2,-1,0,unknown
2746,unknown,14,may,174,3,-1,0,unknown
2747,unknown,14,may,175,3,-1,0,unknown
2748,unknown,14,may,313,4,-1,0,unknown
2749,unknown,14,may,137,4,-1,0,unknown
2750,unknown,14,may,22,3,-1,0,unknown
2751,unknown,14,may,328,4,-1,0,unknown
2752,unknown,14,may,93,4,-1,0,unknown
2753,unknown,14,may,97,2,-1,0,unknown
2754,unknown,14,may,123,5,-1,0,unknown
2755,unknown,14,may,219,4,-1,0,unknown
2756,unknown,14,may,455,3,-1,0,unknown
2757,unknown,14,may,103,6,-1,0,unknown
2758,unknown,14,may,200,2,-1,0,unknown
2759,unknown,14,may,133,2,-1,0,unknown
2760,unknown,14,may,35,2,-1,0,unknown
2761,unknown,14,may,77,2,-1,0,unknown
2762,unknown,14,may,211,2,-1,0,unknown
2763,unknown,14,may,72,2,-1,0,unknown
2764,unknown,14,may,133,2,-1,0,unknown
2765,unknown,14,may,89,2,-1,0,unknown
2766,unknown,14,may,287,3,-1,0,unknown
2767,unknown,14,may,942,3,-1,0,unknown
2768,unknown,14,may,101,2,-1,0,unknown
2769,unknown,14,may,305,3,-1,0,unknown
2770,unknown,14,may,387,9,-1,0,unknown
2771,unknown,14,may,146,4,-1,0,unknown
2772,unknown,14,may,160,1,-1,0,unknown
2773,unknown,14,may,70,1,-1,0,unknown
2774,unknown,14,may,466,1,-1,0,unknown
2775,unknown,14,may,162,1,-1,0,unknown
2776,unknown,14,may,117,4,-1,0,unknown
2777,unknown,14,may,381,1,-1,0,unknown
2778,unknown,14,may,167,1,-1,0,unknown
2779,unknown,14,may,476,1,-1,0,unknown
2780,unknown,14,may,178,1,-1,0,unknown
2781,unknown,14,may,260,1,-1,0,unknown
2782,unknown,14,may,231,1,-1,0,unknown
2783,unknown,14,may,188,1,-1,0,unknown
2784,unknown,14,may,145,1,-1,0,unknown
2785,unknown,14,may,163,3,-1,0,unknown
2786,unknown,14,may,282,1,-1,0,unknown
2787,unknown,14,may,74,1,-1,0,unknown
2788,unknown,14,may,73,1,-1,0,unknown
2789,unknown,14,may,220,1,-1,0,unknown
2790,unknown,14,may,333,1,-1,0,unknown
2791,unknown,14,may,316,3,-1,0,unknown
2792,unknown,14,may,451,3,-1,0,unknown
2793,unknown,14,may,318,1,-1,0,unknown
2794,unknown,14,may,246,2,-1,0,unknown
2795,unknown,14,may,311,2,-1,0,unknown
2796,unknown,14,may,202,2,-1,0,unknown
2797,unknown,14,may,174,2,-1,0,unknown
2798,unknown,14,may,168,3,-1,0,unknown
2799,unknown,14,may,832,1,-1,0,unknown
2800,unknown,14,may,230,1,-1,0,unknown
2801,unknown,14,may,200,1,-1,0,unknown
2802,unknown,14,may,170,1,-1,0,unknown
2803,unknown,14,may,142,1,-1,0,unknown
2804,unknown,14,may,283,8,-1,0,unknown
2805,unknown,14,may,421,1,-1,0,unknown
2806,unknown,14,may,278,1,-1,0,unknown
2807,unknown,14,may,179,1,-1,0,unknown
2808,unknown,14,may,238,1,-1,0,unknown
2809,unknown,14,may,110,2,-1,0,unknown
2810,unknown,14,may,138,3,-1,0,unknown
2811,unknown,14,may,218,2,-1,0,unknown
2812,unknown,14,may,158,2,-1,0,unknown
2813,unknown,14,may,105,1,-1,0,unknown
2814,unknown,14,may,106,1,-1,0,unknown
2815,unknown,14,may,217,1,-1,0,unknown
2816,unknown,14,may,132,1,-1,0,unknown
2817,unknown,14,may,824,2,-1,0,unknown
2818,unknown,14,may,243,1,-1,0,unknown
2819,unknown,14,may,150,1,-1,0,unknown
2820,unknown,14,may,238,1,-1,0,unknown
2821,unknown,14,may,1553,1,-1,0,unknown
2822,unknown,14,may,148,2,-1,0,unknown
2823,unknown,14,may,159,2,-1,0,unknown
2824,unknown,14,may,108,2,-1,0,unknown
2825,unknown,14,may,124,1,-1,0,unknown
2826,unknown,14,may,452,1,-1,0,unknown
2827,unknown,14,may,114,1,-1,0,unknown
2828,unknown,14,may,125,1,-1,0,unknown
2829,unknown,14,may,622,1,-1,0,unknown
2830,unknown,14,may,153,1,-1,0,unknown
2831,unknown,14,may,1328,1,-1,0,unknown
2832,unknown,14,may,686,1,-1,0,unknown
2833,unknown,14,may,80,1,-1,0,unknown
2834,unknown,14,may,435,1,-1,0,unknown
2835,unknown,14,may,300,1,-1,0,unknown
2836,unknown,14,may,203,1,-1,0,unknown
2837,unknown,14,may,121,1,-1,0,unknown
2838,unknown,14,may,71,1,-1,0,unknown
2839,unknown,14,may,78,1,-1,0,unknown
2840,unknown,14,may,534,1,-1,0,unknown
2841,unknown,14,may,243,1,-1,0,unknown
2842,unknown,14,may,230,1,-1,0,unknown
2843,unknown,14,may,253,1,-1,0,unknown
2844,unknown,14,may,127,3,-1,0,unknown
2845,unknown,14,may,1125,2,-1,0,unknown
2846,unknown,14,may,282,1,-1,0,unknown
2847,unknown,14,may,220,1,-1,0,unknown
2848,unknown,14,may,158,2,-1,0,unknown
2849,unknown,14,may,267,2,-1,0,unknown
2850,unknown,14,may,257,1,-1,0,unknown
2851,unknown,14,may,110,1,-1,0,unknown
2852,unknown,14,may,456,9,-1,0,unknown
2853,unknown,14,may,78,1,-1,0,unknown
2854,unknown,14,may,298,1,-1,0,unknown
2855,unknown,14,may,429,2,-1,0,unknown
2856,unknown,14,may,483,2,-1,0,unknown
2857,unknown,14,may,213,1,-1,0,unknown
2858,unknown,14,may,51,1,-1,0,unknown
2859,unknown,14,may,44,1,-1,0,unknown
2860,unknown,14,may,164,2,-1,0,unknown
2861,unknown,14,may,166,1,-1,0,unknown
2862,unknown,14,may,220,2,-1,0,unknown
2863,unknown,14,may,178,1,-1,0,unknown
2864,unknown,14,may,452,2,-1,0,unknown
2865,unknown,14,may,858,1,-1,0,unknown
2866,unknown,14,may,87,1,-1,0,unknown
2867,unknown,14,may,97,1,-1,0,unknown
2868,unknown,14,may,116,1,-1,0,unknown
2869,unknown,14,may,120,1,-1,0,unknown
2870,unknown,14,may,629,2,-1,0,unknown
2871,unknown,14,may,198,1,-1,0,unknown
2872,unknown,14,may,262,1,-1,0,unknown
2873,unknown,14,may,179,1,-1,0,unknown
2874,unknown,14,may,35,1,-1,0,unknown
2875,unknown,14,may,156,1,-1,0,unknown
2876,unknown,14,may,201,1,-1,0,unknown
2877,unknown,14,may,159,1,-1,0,unknown
2878,unknown,14,may,68,1,-1,0,unknown
2879,unknown,14,may,75,1,-1,0,unknown
2880,unknown,14,may,229,1,-1,0,unknown
2881,unknown,14,may,126,1,-1,0,unknown
2882,unknown,14,may,704,1,-1,0,unknown
2883,unknown,14,may,164,1,-1,0,unknown
2884,unknown,14,may,339,1,-1,0,unknown
2885,unknown,14,may,461,1,-1,0,unknown
2886,unknown,14,may,188,1,-1,0,unknown
2887,unknown,14,may,546,1,-1,0,unknown
2888,unknown,14,may,171,1,-1,0,unknown
2889,unknown,14,may,351,1,-1,0,unknown
2890,unknown,14,may,94,4,-1,0,unknown
2891,unknown,14,may,168,2,-1,0,unknown
2892,unknown,14,may,429,1,-1,0,unknown
2893,unknown,14,may,249,2,-1,0,unknown
2894,unknown,14,may,568,1,-1,0,unknown
2895,unknown,14,may,299,1,-1,0,unknown
2896,unknown,14,may,282,1,-1,0,unknown
2897,unknown,14,may,760,1,-1,0,unknown
2898,unknown,14,may,211,1,-1,0,unknown
2899,unknown,14,may,77,1,-1,0,unknown
2900,unknown,14,may,283,1,-1,0,unknown
2901,unknown,14,may,263,1,-1,0,unknown
2902,unknown,14,may,189,1,-1,0,unknown
2903,unknown,14,may,91,1,-1,0,unknown
2904,unknown,14,may,32,1,-1,0,unknown
2905,unknown,14,may,139,2,-1,0,unknown
2906,unknown,14,may,347,1,-1,0,unknown
2907,unknown,14,may,152,1,-1,0,unknown
2908,unknown,14,may,869,1,-1,0,unknown
2909,unknown,14,may,339,1,-1,0,unknown
2910,unknown,14,may,267,1,-1,0,unknown
2911,unknown,14,may,34,1,-1,0,unknown
2912,unknown,14,may,153,2,-1,0,unknown
2913,unknown,14,may,28,2,-1,0,unknown
2914,unknown,14,may,216,1,-1,0,unknown
2915,unknown,14,may,215,1,-1,0,unknown
2916,unknown,14,may,199,2,-1,0,unknown
2917,unknown,14,may,139,1,-1,0,unknown
2918,unknown,14,may,322,1,-1,0,unknown
2919,unknown,14,may,189,1,-1,0,unknown
2920,unknown,14,may,197,2,-1,0,unknown
2921,unknown,14,may,224,2,-1,0,unknown
2922,unknown,14,may,160,1,-1,0,unknown
2923,unknown,14,may,143,1,-1,0,unknown
2924,unknown,14,may,191,1,-1,0,unknown
2925,unknown,14,may,833,1,-1,0,unknown
2926,unknown,14,may,356,1,-1,0,unknown
2927,unknown,14,may,485,2,-1,0,unknown
2928,unknown,14,may,57,1,-1,0,unknown
2929,unknown,14,may,930,1,-1,0,unknown
2930,unknown,14,may,247,2,-1,0,unknown
2931,unknown,14,may,208,1,-1,0,unknown
2932,unknown,14,may,89,1,-1,0,unknown
2933,unknown,14,may,72,1,-1,0,unknown
2934,unknown,14,may,260,1,-1,0,unknown
2935,unknown,14,may,129,1,-1,0,unknown
2936,unknown,14,may,151,2,-1,0,unknown
2937,unknown,14,may,181,1,-1,0,unknown
2938,unknown,14,may,125,1,-1,0,unknown
2939,unknown,14,may,225,1,-1,0,unknown
2940,unknown,14,may,829,1,-1,0,unknown
2941,unknown,14,may,749,2,-1,0,unknown
2942,unknown,14,may,166,2,-1,0,unknown
2943,unknown,14,may,87,1,-1,0,unknown
2944,unknown,14,may,407,2,-1,0,unknown
2945,unknown,14,may,438,4,-1,0,unknown
2946,unknown,14,may,387,2,-1,0,unknown
2947,unknown,14,may,100,3,-1,0,unknown
2948,unknown,14,may,413,2,-1,0,unknown
2949,unknown,14,may,521,2,-1,0,unknown
2950,unknown,14,may,133,1,-1,0,unknown
2951,unknown,14,may,191,2,-1,0,unknown
2952,unknown,14,may,521,2,-1,0,unknown
2953,unknown,14,may,109,1,-1,0,unknown
2954,unknown,14,may,345,2,-1,0,unknown
2955,unknown,14,may,1028,2,-1,0,unknown
2956,unknown,14,may,566,2,-1,0,unknown
2957,unknown,14,may,38,1,-1,0,unknown
2958,unknown,14,may,314,1,-1,0,unknown
2959,unknown,14,may,214,1,-1,0,unknown
2960,unknown,14,may,248,2,-1,0,unknown
2961,unknown,14,may,246,1,-1,0,unknown
2962,unknown,14,may,136,8,-1,0,unknown
2963,unknown,14,may,98,1,-1,0,unknown
2964,unknown,14,may,225,2,-1,0,unknown
2965,unknown,14,may,364,1,-1,0,unknown
2966,unknown,14,may,784,1,-1,0,unknown
2967,unknown,14,may,93,14,-1,0,unknown
2968,unknown,14,may,57,2,-1,0,unknown
2969,unknown,14,may,160,2,-1,0,unknown
2970,unknown,14,may,210,2,-1,0,unknown
2971,unknown,14,may,222,2,-1,0,unknown
2972,unknown,14,may,21,10,-1,0,unknown
2973,unknown,14,may,222,5,-1,0,unknown
2974,unknown,14,may,157,1,-1,0,unknown
2975,unknown,14,may,143,1,-1,0,unknown
2976,unknown,14,may,371,1,-1,0,unknown
2977,unknown,14,may,161,2,-1,0,unknown
2978,unknown,14,may,350,2,-1,0,unknown
2979,unknown,14,may,135,1,-1,0,unknown
2980,unknown,14,may,162,1,-1,0,unknown
2981,unknown,14,may,565,1,-1,0,unknown
2982,unknown,14,may,850,2,-1,0,unknown
2983,unknown,14,may,44,8,-1,0,unknown
2984,unknown,14,may,337,1,-1,0,unknown
2985,unknown,14,may,416,2,-1,0,unknown
2986,unknown,14,may,102,2,-1,0,unknown
2987,unknown,14,may,5,2,-1,0,unknown
2988,unknown,14,may,129,2,-1,0,unknown
2989,unknown,14,may,977,1,-1,0,unknown
2990,unknown,14,may,138,2,-1,0,unknown
2991,unknown,14,may,70,2,-1,0,unknown
2992,unknown,14,may,71,1,-1,0,unknown
2993,unknown,14,may,75,1,-1,0,unknown
2994,unknown,14,may,230,2,-1,0,unknown
2995,unknown,14,may,369,1,-1,0,unknown
2996,unknown,14,may,136,1,-1,0,unknown
2997,unknown,14,may,22,4,-1,0,unknown
2998,unknown,14,may,378,1,-1,0,unknown
2999,unknown,14,may,240,1,-1,0,unknown
3000,unknown,14,may,80,1,-1,0,unknown
3001,unknown,14,may,144,1,-1,0,unknown
3002,unknown,14,may,380,4,-1,0,unknown
3003,unknown,14,may,108,1,-1,0,unknown
3004,unknown,14,may,927,1,-1,0,unknown
3005,unknown,14,may,389,1,-1,0,unknown
3006,unknown,14,may,192,1,-1,0,unknown
3007,unknown,14,may,273,1,-1,0,unknown
3008,unknown,14,may,48,1,-1,0,unknown
3009,unknown,14,may,8,1,-1,0,unknown
3010,unknown,14,may,628,1,-1,0,unknown
3011,unknown,14,may,90,1,-1,0,unknown
3012,unknown,14,may,221,1,-1,0,unknown
3013,unknown,14,may,217,1,-1,0,unknown
3014,unknown,14,may,762,2,-1,0,unknown
3015,unknown,14,may,193,2,-1,0,unknown
3016,unknown,14,may,302,2,-1,0,unknown
3017,unknown,14,may,411,1,-1,0,unknown
3018,unknown,14,may,245,2,-1,0,unknown
3019,unknown,14,may,746,1,-1,0,unknown
3020,unknown,14,may,673,2,-1,0,unknown
3021,unknown,14,may,220,7,-1,0,unknown
3022,unknown,14,may,232,1,-1,0,unknown
3023,unknown,14,may,115,3,-1,0,unknown
3024,unknown,14,may,485,2,-1,0,unknown
3025,unknown,14,may,106,5,-1,0,unknown
3026,unknown,14,may,107,1,-1,0,unknown
3027,unknown,14,may,1044,2,-1,0,unknown
3028,unknown,14,may,180,4,-1,0,unknown
3029,unknown,14,may,354,1,-1,0,unknown
3030,unknown,14,may,55,1,-1,0,unknown
3031,unknown,14,may,392,1,-1,0,unknown
3032,unknown,14,may,123,1,-1,0,unknown
3033,unknown,14,may,148,3,-1,0,unknown
3034,unknown,14,may,74,3,-1,0,unknown
3035,unknown,14,may,267,8,-1,0,unknown
3036,unknown,14,may,374,2,-1,0,unknown
3037,unknown,14,may,295,2,-1,0,unknown
3038,unknown,14,may,149,2,-1,0,unknown
3039,unknown,14,may,226,2,-1,0,unknown
3040,unknown,14,may,668,1,-1,0,unknown
3041,unknown,14,may,95,6,-1,0,unknown
3042,unknown,14,may,229,2,-1,0,unknown
3043,unknown,14,may,252,3,-1,0,unknown
3044,unknown,14,may,286,14,-1,0,unknown
3045,unknown,14,may,242,5,-1,0,unknown
3046,unknown,14,may,335,1,-1,0,unknown
3047,unknown,14,may,323,5,-1,0,unknown
3048,unknown,14,may,140,1,-1,0,unknown
3049,unknown,14,may,159,3,-1,0,unknown
3050,unknown,14,may,293,3,-1,0,unknown
3051,unknown,14,may,85,4,-1,0,unknown
3052,unknown,14,may,343,1,-1,0,unknown
3053,unknown,14,may,295,1,-1,0,unknown
3054,unknown,14,may,360,1,-1,0,unknown
3055,unknown,14,may,183,4,-1,0,unknown
3056,unknown,14,may,304,3,-1,0,unknown
3057,unknown,14,may,382,10,-1,0,unknown
3058,unknown,14,may,514,2,-1,0,unknown
3059,unknown,14,may,142,3,-1,0,unknown
3060,unknown,14,may,162,2,-1,0,unknown
3061,unknown,14,may,301,3,-1,0,unknown
3062,unknown,14,may,264,2,-1,0,unknown
3063,unknown,14,may,150,1,-1,0,unknown
3064,unknown,14,may,49,1,-1,0,unknown
3065,unknown,14,may,326,3,-1,0,unknown
3066,unknown,14,may,468,2,-1,0,unknown
3067,unknown,14,may,183,2,-1,0,unknown
3068,unknown,14,may,339,1,-1,0,unknown
3069,unknown,14,may,125,1,-1,0,unknown
3070,unknown,14,may,232,2,-1,0,unknown
3071,unknown,14,may,312,5,-1,0,unknown
3072,unknown,14,may,423,2,-1,0,unknown
3073,unknown,14,may,163,1,-1,0,unknown
3074,unknown,14,may,191,1,-1,0,unknown
3075,unknown,14,may,248,1,-1,0,unknown
3076,unknown,14,may,146,1,-1,0,unknown
3077,unknown,14,may,125,2,-1,0,unknown
3078,unknown,14,may,234,1,-1,0,unknown
3079,unknown,14,may,17,24,-1,0,unknown
3080,unknown,14,may,546,1,-1,0,unknown
3081,unknown,14,may,554,1,-1,0,unknown
3082,unknown,14,may,162,4,-1,0,unknown
3083,unknown,14,may,436,1,-1,0,unknown
3084,unknown,14,may,297,2,-1,0,unknown
3085,unknown,14,may,302,2,-1,0,unknown
3086,unknown,14,may,349,5,-1,0,unknown
3087,unknown,14,may,174,2,-1,0,unknown
3088,unknown,14,may,180,1,-1,0,unknown
3089,unknown,14,may,902,5,-1,0,unknown
3090,unknown,14,may,137,2,-1,0,unknown
3091,unknown,14,may,282,1,-1,0,unknown
3092,unknown,14,may,321,1,-1,0,unknown
3093,unknown,14,may,126,3,-1,0,unknown
3094,unknown,14,may,554,1,-1,0,unknown
3095,unknown,14,may,21,11,-1,0,unknown
3096,unknown,14,may,427,1,-1,0,unknown
3097,unknown,14,may,97,5,-1,0,unknown
3098,unknown,14,may,402,1,-1,0,unknown
3099,unknown,14,may,252,2,-1,0,unknown
3100,unknown,14,may,449,2,-1,0,unknown
3101,unknown,14,may,360,2,-1,0,unknown
3102,unknown,14,may,89,7,-1,0,unknown
3103,unknown,14,may,241,2,-1,0,unknown
3104,unknown,14,may,574,2,-1,0,unknown
3105,unknown,14,may,274,2,-1,0,unknown
3106,unknown,14,may,154,2,-1,0,unknown
3107,unknown,14,may,71,4,-1,0,unknown
3108,unknown,14,may,122,4,-1,0,unknown
3109,unknown,14,may,166,4,-1,0,unknown
3110,unknown,14,may,163,5,-1,0,unknown
3111,unknown,14,may,167,3,-1,0,unknown
3112,unknown,14,may,91,7,-1,0,unknown
3113,unknown,14,may,133,4,-1,0,unknown
3114,unknown,14,may,594,2,-1,0,unknown
3115,unknown,14,may,86,2,-1,0,unknown
3116,unknown,14,may,40,2,-1,0,unknown
3117,unknown,14,may,166,3,-1,0,unknown
3118,unknown,14,may,302,16,-1,0,unknown
3119,unknown,14,may,303,4,-1,0,unknown
3120,unknown,14,may,636,6,-1,0,unknown
3121,unknown,14,may,341,5,-1,0,unknown
3122,unknown,14,may,483,3,-1,0,unknown
3123,unknown,14,may,220,2,-1,0,unknown
3124,unknown,14,may,234,2,-1,0,unknown
3125,unknown,14,may,32,3,-1,0,unknown
3126,unknown,14,may,211,3,-1,0,unknown
3127,unknown,14,may,738,2,-1,0,unknown
3128,unknown,14,may,482,2,-1,0,unknown
3129,unknown,14,may,238,2,-1,0,unknown
3130,unknown,14,may,370,2,-1,0,unknown
3131,unknown,14,may,76,2,-1,0,unknown
3132,unknown,14,may,225,2,-1,0,unknown
3133,unknown,14,may,256,2,-1,0,unknown
3134,unknown,14,may,567,3,-1,0,unknown
3135,unknown,14,may,2241,4,-1,0,unknown
3136,unknown,14,may,147,3,-1,0,unknown
3137,unknown,14,may,135,2,-1,0,unknown
3138,unknown,14,may,260,2,-1,0,unknown
3139,unknown,14,may,254,2,-1,0,unknown
3140,unknown,14,may,1118,2,-1,0,unknown
3141,unknown,14,may,76,9,-1,0,unknown
3142,unknown,14,may,79,3,-1,0,unknown
3143,unknown,14,may,94,6,-1,0,unknown
3144,unknown,14,may,208,5,-1,0,unknown
3145,unknown,14,may,1423,3,-1,0,unknown
3146,unknown,14,may,271,2,-1,0,unknown
3147,unknown,14,may,166,5,-1,0,unknown
3148,unknown,14,may,256,4,-1,0,unknown
3149,unknown,14,may,19,14,-1,0,unknown
3150,unknown,14,may,173,11,-1,0,unknown
3151,unknown,14,may,367,3,-1,0,unknown
3152,unknown,14,may,414,2,-1,0,unknown
3153,unknown,14,may,227,4,-1,0,unknown
3154,unknown,14,may,349,2,-1,0,unknown
3155,unknown,14,may,278,2,-1,0,unknown
3156,unknown,14,may,103,5,-1,0,unknown
3157,unknown,14,may,249,2,-1,0,unknown
3158,unknown,14,may,143,3,-1,0,unknown
3159,unknown,14,may,37,3,-1,0,unknown
3160,unknown,14,may,168,3,-1,0,unknown
3161,unknown,14,may,260,3,-1,0,unknown
3162,unknown,14,may,162,3,-1,0,unknown
3163,unknown,14,may,187,3,-1,0,unknown
3164,unknown,14,may,266,2,-1,0,unknown
3165,unknown,14,may,279,2,-1,0,unknown
3166,unknown,14,may,159,2,-1,0,unknown
3167,unknown,14,may,318,2,-1,0,unknown
3168,unknown,14,may,104,3,-1,0,unknown
3169,unknown,14,may,747,3,-1,0,unknown
3170,unknown,14,may,1204,4,-1,0,unknown
3171,unknown,15,may,95,4,-1,0,unknown
3172,unknown,15,may,176,2,-1,0,unknown
3173,unknown,15,may,179,2,-1,0,unknown
3174,unknown,15,may,319,5,-1,0,unknown
3175,unknown,15,may,114,2,-1,0,unknown
3176,unknown,15,may,170,5,-1,0,unknown
3177,unknown,15,may,311,5,-1,0,unknown
3178,unknown,15,may,362,3,-1,0,unknown
3179,unknown,15,may,347,8,-1,0,unknown
3180,unknown,15,may,86,4,-1,0,unknown
3181,unknown,15,may,101,4,-1,0,unknown
3182,unknown,15,may,288,2,-1,0,unknown
3183,unknown,15,may,44,3,-1,0,unknown
3184,unknown,15,may,1013,3,-1,0,unknown
3185,unknown,15,may,90,3,-1,0,unknown
3186,unknown,15,may,155,6,-1,0,unknown
3187,unknown,15,may,468,5,-1,0,unknown
3188,unknown,15,may,226,2,-1,0,unknown
3189,unknown,15,may,54,2,-1,0,unknown
3190,unknown,15,may,1162,4,-1,0,unknown
3191,unknown,15,may,114,2,-1,0,unknown
3192,unknown,15,may,349,2,-1,0,unknown
3193,unknown,15,may,646,3,-1,0,unknown
3194,unknown,15,may,755,2,-1,0,unknown
3195,unknown,15,may,305,3,-1,0,unknown
3196,unknown,15,may,148,3,-1,0,unknown
3197,unknown,15,may,243,1,-1,0,unknown
3198,unknown,15,may,391,2,-1,0,unknown
3199,unknown,15,may,204,1,-1,0,unknown
3200,unknown,15,may,236,4,-1,0,unknown
3201,unknown,15,may,112,1,-1,0,unknown
3202,unknown,15,may,125,4,-1,0,unknown
3203,unknown,15,may,141,1,-1,0,unknown
3204,unknown,15,may,360,1,-1,0,unknown
3205,unknown,15,may,312,6,-1,0,unknown
3206,unknown,15,may,366,1,-1,0,unknown
3207,unknown,15,may,100,1,-1,0,unknown
3208,unknown,15,may,70,1,-1,0,unknown
3209,unknown,15,may,254,1,-1,0,unknown
3210,unknown,15,may,230,1,-1,0,unknown
3211,unknown,15,may,246,1,-1,0,unknown
3212,unknown,15,may,97,1,-1,0,unknown
3213,unknown,15,may,135,1,-1,0,unknown
3214,unknown,15,may,755,1,-1,0,unknown
3215,unknown,15,may,73,1,-1,0,unknown
3216,unknown,15,may,12,3,-1,0,unknown
3217,unknown,15,may,65,1,-1,0,unknown
3218,unknown,15,may,420,1,-1,0,unknown
3219,unknown,15,may,259,1,-1,0,unknown
3220,unknown,15,may,192,1,-1,0,unknown
3221,unknown,15,may,189,1,-1,0,unknown
3222,unknown,15,may,263,1,-1,0,unknown
3223,unknown,15,may,126,1,-1,0,unknown
3224,unknown,15,may,415,8,-1,0,unknown
3225,unknown,15,may,746,1,-1,0,unknown
3226,unknown,15,may,260,1,-1,0,unknown
3227,unknown,15,may,71,1,-1,0,unknown
3228,unknown,15,may,735,1,-1,0,unknown
3229,unknown,15,may,75,1,-1,0,unknown
3230,unknown,15,may,87,1,-1,0,unknown
3231,unknown,15,may,183,5,-1,0,unknown
3232,unknown,15,may,62,1,-1,0,unknown
3233,unknown,15,may,150,1,-1,0,unknown
3234,unknown,15,may,244,1,-1,0,unknown
3235,unknown,15,may,367,2,-1,0,unknown
3236,unknown,15,may,325,1,-1,0,unknown
3237,unknown,15,may,197,1,-1,0,unknown
3238,unknown,15,may,121,1,-1,0,unknown
3239,unknown,15,may,27,1,-1,0,unknown
3240,unknown,15,may,157,1,-1,0,unknown
3241,unknown,15,may,203,1,-1,0,unknown
3242,unknown,15,may,115,1,-1,0,unknown
3243,unknown,15,may,112,1,-1,0,unknown
3244,unknown,15,may,104,1,-1,0,unknown
3245,unknown,15,may,153,1,-1,0,unknown
3246,unknown,15,may,182,2,-1,0,unknown
3247,unknown,15,may,55,1,-1,0,unknown
3248,unknown,15,may,305,1,-1,0,unknown
3249,unknown,15,may,140,1,-1,0,unknown
3250,unknown,15,may,180,2,-1,0,unknown
3251,unknown,15,may,644,2,-1,0,unknown
3252,unknown,15,may,173,1,-1,0,unknown
3253,unknown,15,may,374,1,-1,0,unknown
3254,unknown,15,may,240,1,-1,0,unknown
3255,unknown,15,may,1088,2,-1,0,unknown
3256,unknown,15,may,219,1,-1,0,unknown
3257,unknown,15,may,41,1,-1,0,unknown
3258,unknown,15,may,558,6,-1,0,unknown
3259,unknown,15,may,436,1,-1,0,unknown
3260,unknown,15,may,463,1,-1,0,unknown
3261,unknown,15,may,265,1,-1,0,unknown
3262,unknown,15,may,234,1,-1,0,unknown
3263,unknown,15,may,113,1,-1,0,unknown
3264,unknown,15,may,200,1,-1,0,unknown
3265,unknown,15,may,158,1,-1,0,unknown
3266,unknown,15,may,34,1,-1,0,unknown
3267,unknown,15,may,160,1,-1,0,unknown
3268,unknown,15,may,167,1,-1,0,unknown
3269,unknown,15,may,206,1,-1,0,unknown
3270,unknown,15,may,36,1,-1,0,unknown
3271,unknown,15,may,504,3,-1,0,unknown
3272,unknown,15,may,303,1,-1,0,unknown
3273,unknown,15,may,109,1,-1,0,unknown
3274,unknown,15,may,90,1,-1,0,unknown
3275,unknown,15,may,139,2,-1,0,unknown
3276,unknown,15,may,257,1,-1,0,unknown
3277,unknown,15,may,241,2,-1,0,unknown
3278,unknown,15,may,94,1,-1,0,unknown
3279,unknown,15,may,171,10,-1,0,unknown
3280,unknown,15,may,178,1,-1,0,unknown
3281,unknown,15,may,285,2,-1,0,unknown
3282,unknown,15,may,86,1,-1,0,unknown
3283,unknown,15,may,326,4,-1,0,unknown
3284,unknown,15,may,451,2,-1,0,unknown
3285,unknown,15,may,347,1,-1,0,unknown
3286,unknown,15,may,116,1,-1,0,unknown
3287,unknown,15,may,191,1,-1,0,unknown
3288,unknown,15,may,77,1,-1,0,unknown
3289,unknown,15,may,1036,1,-1,0,unknown
3290,unknown,15,may,303,1,-1,0,unknown
3291,unknown,15,may,80,1,-1,0,unknown
3292,unknown,15,may,322,1,-1,0,unknown
3293,unknown,15,may,750,2,-1,0,unknown
3294,unknown,15,may,695,1,-1,0,unknown
3295,unknown,15,may,435,1,-1,0,unknown
3296,unknown,15,may,397,1,-1,0,unknown
3297,unknown,15,may,95,3,-1,0,unknown
3298,unknown,15,may,208,2,-1,0,unknown
3299,unknown,15,may,163,1,-1,0,unknown
3300,unknown,15,may,483,1,-1,0,unknown
3301,unknown,15,may,168,5,-1,0,unknown
3302,unknown,15,may,161,3,-1,0,unknown
3303,unknown,15,may,1000,1,-1,0,unknown
3304,unknown,15,may,112,1,-1,0,unknown
3305,unknown,15,may,599,2,-1,0,unknown
3306,unknown,15,may,30,1,-1,0,unknown
3307,unknown,15,may,58,5,-1,0,unknown
3308,unknown,15,may,165,1,-1,0,unknown
3309,unknown,15,may,74,1,-1,0,unknown
3310,unknown,15,may,79,1,-1,0,unknown
3311,unknown,15,may,231,1,-1,0,unknown
3312,unknown,15,may,191,1,-1,0,unknown
3313,unknown,15,may,202,3,-1,0,unknown
3314,unknown,15,may,1257,3,-1,0,unknown
3315,unknown,15,may,221,1,-1,0,unknown
3316,unknown,15,may,257,1,-1,0,unknown
3317,unknown,15,may,352,1,-1,0,unknown
3318,unknown,15,may,285,1,-1,0,unknown
3319,unknown,15,may,93,1,-1,0,unknown
3320,unknown,15,may,71,2,-1,0,unknown
3321,unknown,15,may,290,3,-1,0,unknown
3322,unknown,15,may,1165,1,-1,0,unknown
3323,unknown,15,may,164,1,-1,0,unknown
3324,unknown,15,may,520,2,-1,0,unknown
3325,unknown,15,may,295,2,-1,0,unknown
3326,unknown,15,may,187,1,-1,0,unknown
3327,unknown,15,may,106,1,-1,0,unknown
3328,unknown,15,may,219,1,-1,0,unknown
3329,unknown,15,may,236,1,-1,0,unknown
3330,unknown,15,may,139,1,-1,0,unknown
3331,unknown,15,may,651,32,-1,0,unknown
3332,unknown,15,may,124,1,-1,0,unknown
3333,unknown,15,may,98,3,-1,0,unknown
3334,unknown,15,may,145,4,-1,0,unknown
3335,unknown,15,may,120,1,-1,0,unknown
3336,unknown,15,may,291,2,-1,0,unknown
3337,unknown,15,may,101,1,-1,0,unknown
3338,unknown,15,may,417,3,-1,0,unknown
3339,unknown,15,may,191,4,-1,0,unknown
3340,unknown,15,may,131,1,-1,0,unknown
3341,unknown,15,may,221,2,-1,0,unknown
3342,unknown,15,may,229,1,-1,0,unknown
3343,unknown,15,may,104,1,-1,0,unknown
3344,unknown,15,may,72,1,-1,0,unknown
3345,unknown,15,may,186,1,-1,0,unknown
3346,unknown,15,may,23,1,-1,0,unknown
3347,unknown,15,may,402,1,-1,0,unknown
3348,unknown,15,may,37,1,-1,0,unknown
3349,unknown,15,may,68,5,-1,0,unknown
3350,unknown,15,may,182,1,-1,0,unknown
3351,unknown,15,may,587,1,-1,0,unknown
3352,unknown,15,may,348,1,-1,0,unknown
3353,unknown,15,may,140,1,-1,0,unknown
3354,unknown,15,may,51,2,-1,0,unknown
3355,unknown,15,may,176,18,-1,0,unknown
3356,unknown,15,may,144,2,-1,0,unknown
3357,unknown,15,may,297,3,-1,0,unknown
3358,unknown,15,may,203,2,-1,0,unknown
3359,unknown,15,may,57,2,-1,0,unknown
3360,unknown,15,may,334,3,-1,0,unknown
3361,unknown,15,may,217,2,-1,0,unknown
3362,unknown,15,may,74,1,-1,0,unknown
3363,unknown,15,may,405,2,-1,0,unknown
3364,unknown,15,may,738,7,-1,0,unknown
3365,unknown,15,may,452,2,-1,0,unknown
3366,unknown,15,may,203,4,-1,0,unknown
3367,unknown,15,may,230,7,-1,0,unknown
3368,unknown,15,may,133,3,-1,0,unknown
3369,unknown,15,may,94,1,-1,0,unknown
3370,unknown,15,may,187,6,-1,0,unknown
3371,unknown,15,may,920,2,-1,0,unknown
3372,unknown,15,may,136,1,-1,0,unknown
3373,unknown,15,may,1244,3,-1,0,unknown
3374,unknown,15,may,225,1,-1,0,unknown
3375,unknown,15,may,80,1,-1,0,unknown
3376,unknown,15,may,431,1,-1,0,unknown
3377,unknown,15,may,78,1,-1,0,unknown
3378,unknown,15,may,500,1,-1,0,unknown
3379,unknown,15,may,301,1,-1,0,unknown
3380,unknown,15,may,30,1,-1,0,unknown
3381,unknown,15,may,133,1,-1,0,unknown
3382,unknown,15,may,270,1,-1,0,unknown
3383,unknown,15,may,218,2,-1,0,unknown
3384,unknown,15,may,215,2,-1,0,unknown
3385,unknown,15,may,299,1,-1,0,unknown
3386,unknown,15,may,160,1,-1,0,unknown
3387,unknown,15,may,172,4,-1,0,unknown
3388,unknown,15,may,49,1,-1,0,unknown
3389,unknown,15,may,68,2,-1,0,unknown
3390,unknown,15,may,117,1,-1,0,unknown
3391,unknown,15,may,477,1,-1,0,unknown
3392,unknown,15,may,99,1,-1,0,unknown
3393,unknown,15,may,100,1,-1,0,unknown
3394,unknown,15,may,200,3,-1,0,unknown
3395,unknown,15,may,187,2,-1,0,unknown
3396,unknown,15,may,236,3,-1,0,unknown
3397,unknown,15,may,50,7,-1,0,unknown
3398,unknown,15,may,104,2,-1,0,unknown
3399,unknown,15,may,51,10,-1,0,unknown
3400,unknown,15,may,51,5,-1,0,unknown
3401,unknown,15,may,140,3,-1,0,unknown
3402,unknown,15,may,221,4,-1,0,unknown
3403,unknown,15,may,98,2,-1,0,unknown
3404,unknown,15,may,253,2,-1,0,unknown
3405,unknown,15,may,71,1,-1,0,unknown
3406,unknown,15,may,127,2,-1,0,unknown
3407,unknown,15,may,74,2,-1,0,unknown
3408,unknown,15,may,126,4,-1,0,unknown
3409,unknown,15,may,122,1,-1,0,unknown
3410,unknown,15,may,657,5,-1,0,unknown
3411,unknown,15,may,173,2,-1,0,unknown
3412,unknown,15,may,918,1,-1,0,unknown
3413,unknown,15,may,544,2,-1,0,unknown
3414,unknown,15,may,309,2,-1,0,unknown
3415,unknown,15,may,138,2,-1,0,unknown
3416,unknown,15,may,73,1,-1,0,unknown
3417,unknown,15,may,71,2,-1,0,unknown
3418,unknown,15,may,29,1,-1,0,unknown
3419,unknown,15,may,193,5,-1,0,unknown
3420,unknown,15,may,198,3,-1,0,unknown
3421,unknown,15,may,57,2,-1,0,unknown
3422,unknown,15,may,49,1,-1,0,unknown
3423,unknown,15,may,197,4,-1,0,unknown
3424,unknown,15,may,98,1,-1,0,unknown
3425,unknown,15,may,59,1,-1,0,unknown
3426,unknown,15,may,196,2,-1,0,unknown
3427,unknown,15,may,243,1,-1,0,unknown
3428,unknown,15,may,344,2,-1,0,unknown
3429,unknown,15,may,570,2,-1,0,unknown
3430,unknown,15,may,597,1,-1,0,unknown
3431,unknown,15,may,43,9,-1,0,unknown
3432,unknown,15,may,525,1,-1,0,unknown
3433,unknown,15,may,759,1,-1,0,unknown
3434,unknown,15,may,147,1,-1,0,unknown
3435,unknown,15,may,236,1,-1,0,unknown
3436,unknown,15,may,122,6,-1,0,unknown
3437,unknown,15,may,152,2,-1,0,unknown
3438,unknown,15,may,133,2,-1,0,unknown
3439,unknown,15,may,504,5,-1,0,unknown
3440,unknown,15,may,272,9,-1,0,unknown
3441,unknown,15,may,164,2,-1,0,unknown
3442,unknown,15,may,51,1,-1,0,unknown
3443,unknown,15,may,75,2,-1,0,unknown
3444,unknown,15,may,178,1,-1,0,unknown
3445,unknown,15,may,99,2,-1,0,unknown
3446,unknown,15,may,224,1,-1,0,unknown
3447,unknown,15,may,34,1,-1,0,unknown
3448,unknown,15,may,236,3,-1,0,unknown
3449,unknown,15,may,815,1,-1,0,unknown
3450,unknown,15,may,282,1,-1,0,unknown
3451,unknown,15,may,134,1,-1,0,unknown
3452,unknown,15,may,318,1,-1,0,unknown
3453,unknown,15,may,118,1,-1,0,unknown
3454,unknown,15,may,911,2,-1,0,unknown
3455,unknown,15,may,238,1,-1,0,unknown
3456,unknown,15,may,225,1,-1,0,unknown
3457,unknown,15,may,490,3,-1,0,unknown
3458,unknown,15,may,644,1,-1,0,unknown
3459,unknown,15,may,76,3,-1,0,unknown
3460,unknown,15,may,286,2,-1,0,unknown
3461,unknown,15,may,176,2,-1,0,unknown
3462,unknown,15,may,422,3,-1,0,unknown
3463,unknown,15,may,328,1,-1,0,unknown
3464,unknown,15,may,22,3,-1,0,unknown
3465,unknown,15,may,71,4,-1,0,unknown
3466,unknown,15,may,106,3,-1,0,unknown
3467,unknown,15,may,465,3,-1,0,unknown
3468,unknown,15,may,973,2,-1,0,unknown
3469,unknown,15,may,56,1,-1,0,unknown
3470,unknown,15,may,190,2,-1,0,unknown
3471,unknown,15,may,323,1,-1,0,unknown
3472,unknown,15,may,113,1,-1,0,unknown
3473,unknown,15,may,228,1,-1,0,unknown
3474,unknown,15,may,110,1,-1,0,unknown
3475,unknown,15,may,84,22,-1,0,unknown
3476,unknown,15,may,59,1,-1,0,unknown
3477,unknown,15,may,294,2,-1,0,unknown
3478,unknown,15,may,144,1,-1,0,unknown
3479,unknown,15,may,251,1,-1,0,unknown
3480,unknown,15,may,444,1,-1,0,unknown
3481,unknown,15,may,237,2,-1,0,unknown
3482,unknown,15,may,399,1,-1,0,unknown
3483,unknown,15,may,132,32,-1,0,unknown
3484,unknown,15,may,995,2,-1,0,unknown
3485,unknown,15,may,334,10,-1,0,unknown
3486,unknown,15,may,59,2,-1,0,unknown
3487,unknown,15,may,579,1,-1,0,unknown
3488,unknown,15,may,387,4,-1,0,unknown
3489,unknown,15,may,279,9,-1,0,unknown
3490,unknown,15,may,352,2,-1,0,unknown
3491,unknown,15,may,484,11,-1,0,unknown
3492,unknown,15,may,95,1,-1,0,unknown
3493,unknown,15,may,461,1,-1,0,unknown
3494,unknown,15,may,30,2,-1,0,unknown
3495,unknown,15,may,561,1,-1,0,unknown
3496,unknown,15,may,468,2,-1,0,unknown
3497,unknown,15,may,920,2,-1,0,unknown
3498,unknown,15,may,388,2,-1,0,unknown
3499,unknown,15,may,100,4,-1,0,unknown
3500,unknown,15,may,1224,2,-1,0,unknown
3501,unknown,15,may,589,1,-1,0,unknown
3502,unknown,15,may,160,1,-1,0,unknown
3503,unknown,15,may,438,2,-1,0,unknown
3504,unknown,15,may,964,2,-1,0,unknown
3505,unknown,15,may,384,4,-1,0,unknown
3506,unknown,15,may,103,1,-1,0,unknown
3507,unknown,15,may,52,1,-1,0,unknown
3508,unknown,15,may,205,2,-1,0,unknown
3509,unknown,15,may,1156,2,-1,0,unknown
3510,unknown,15,may,73,2,-1,0,unknown
3511,unknown,15,may,157,5,-1,0,unknown
3512,unknown,15,may,186,5,-1,0,unknown
3513,unknown,15,may,73,5,-1,0,unknown
3514,unknown,15,may,714,4,-1,0,unknown
3515,unknown,15,may,544,3,-1,0,unknown
3516,unknown,15,may,194,2,-1,0,unknown
3517,unknown,15,may,420,4,-1,0,unknown
3518,unknown,15,may,584,2,-1,0,unknown
3519,unknown,15,may,1052,1,-1,0,unknown
3520,unknown,15,may,192,3,-1,0,unknown
3521,unknown,15,may,155,2,-1,0,unknown
3522,unknown,15,may,226,6,-1,0,unknown
3523,unknown,15,may,1231,2,-1,0,unknown
3524,unknown,15,may,619,4,-1,0,unknown
3525,unknown,15,may,298,3,-1,0,unknown
3526,unknown,15,may,21,6,-1,0,unknown
3527,unknown,15,may,401,7,-1,0,unknown
3528,unknown,15,may,404,7,-1,0,unknown
3529,unknown,15,may,241,32,-1,0,unknown
3530,unknown,15,may,302,1,-1,0,unknown
3531,unknown,15,may,440,2,-1,0,unknown
3532,unknown,15,may,172,2,-1,0,unknown
3533,unknown,15,may,319,7,-1,0,unknown
3534,unknown,15,may,1051,3,-1,0,unknown
3535,unknown,15,may,276,3,-1,0,unknown
3536,unknown,15,may,213,4,-1,0,unknown
3537,unknown,15,may,276,4,-1,0,unknown
3538,unknown,15,may,194,2,-1,0,unknown
3539,unknown,15,may,1392,4,-1,0,unknown
3540,unknown,15,may,19,8,-1,0,unknown
3541,unknown,15,may,146,4,-1,0,unknown
3542,unknown,15,may,253,2,-1,0,unknown
3543,unknown,15,may,226,2,-1,0,unknown
3544,unknown,15,may,57,4,-1,0,unknown
3545,unknown,15,may,419,2,-1,0,unknown
3546,unknown,15,may,546,9,-1,0,unknown
3547,unknown,15,may,150,2,-1,0,unknown
3548,unknown,15,may,1867,6,-1,0,unknown
3549,unknown,15,may,156,5,-1,0,unknown
3550,unknown,15,may,184,2,-1,0,unknown
3551,unknown,15,may,548,1,-1,0,unknown
3552,unknown,15,may,244,2,-1,0,unknown
3553,unknown,15,may,328,4,-1,0,unknown
3554,unknown,15,may,171,2,-1,0,unknown
3555,unknown,15,may,284,5,-1,0,unknown
3556,unknown,15,may,75,8,-1,0,unknown
3557,unknown,15,may,1263,2,-1,0,unknown
3558,unknown,15,may,92,3,-1,0,unknown
3559,unknown,15,may,422,2,-1,0,unknown
3560,unknown,15,may,17,10,-1,0,unknown
3561,unknown,15,may,301,4,-1,0,unknown
3562,unknown,15,may,267,5,-1,0,unknown
3563,unknown,15,may,475,2,-1,0,unknown
3564,unknown,15,may,770,2,-1,0,unknown
3565,unknown,15,may,487,4,-1,0,unknown
3566,unknown,15,may,126,2,-1,0,unknown
3567,unknown,15,may,129,1,-1,0,unknown
3568,unknown,15,may,257,7,-1,0,unknown
3569,unknown,15,may,233,3,-1,0,unknown
3570,unknown,15,may,365,1,-1,0,unknown
3571,unknown,15,may,697,3,-1,0,unknown
3572,unknown,15,may,192,3,-1,0,unknown
3573,unknown,15,may,244,2,-1,0,unknown
3574,unknown,15,may,118,4,-1,0,unknown
3575,unknown,15,may,101,3,-1,0,unknown
3576,unknown,15,may,125,5,-1,0,unknown
3577,unknown,15,may,56,13,-1,0,unknown
3578,unknown,15,may,430,2,-1,0,unknown
3579,unknown,15,may,242,6,-1,0,unknown
3580,unknown,15,may,809,3,-1,0,unknown
3581,unknown,15,may,317,7,-1,0,unknown
3582,unknown,15,may,7,9,-1,0,unknown
3583,unknown,15,may,493,2,-1,0,unknown
3584,unknown,15,may,381,7,-1,0,unknown
3585,unknown,15,may,523,2,-1,0,unknown
3586,unknown,15,may,112,2,-1,0,unknown
3587,unknown,15,may,309,2,-1,0,unknown
3588,unknown,15,may,184,2,-1,0,unknown
3589,unknown,15,may,850,6,-1,0,unknown
3590,unknown,15,may,420,2,-1,0,unknown
3591,unknown,15,may,118,4,-1,0,unknown
3592,unknown,15,may,71,3,-1,0,unknown
3593,unknown,15,may,103,3,-1,0,unknown
3594,unknown,15,may,314,11,-1,0,unknown
3595,unknown,15,may,196,4,-1,0,unknown
3596,unknown,15,may,151,2,-1,0,unknown
3597,unknown,15,may,516,9,-1,0,unknown
3598,unknown,15,may,855,4,-1,0,unknown
3599,unknown,15,may,392,2,-1,0,unknown
3600,unknown,15,may,395,2,-1,0,unknown
3601,unknown,15,may,78,4,-1,0,unknown
3602,unknown,15,may,875,5,-1,0,unknown
3603,unknown,15,may,124,2,-1,0,unknown
3604,unknown,15,may,24,18,-1,0,unknown
3605,unknown,15,may,190,6,-1,0,unknown
3606,unknown,15,may,53,3,-1,0,unknown
3607,unknown,15,may,278,4,-1,0,unknown
3608,unknown,15,may,284,2,-1,0,unknown
3609,unknown,15,may,68,3,-1,0,unknown
3610,unknown,15,may,262,4,-1,0,unknown
3611,unknown,15,may,391,3,-1,0,unknown
3612,unknown,15,may,343,5,-1,0,unknown
3613,unknown,15,may,263,4,-1,0,unknown
3614,unknown,15,may,214,4,-1,0,unknown
3615,unknown,15,may,88,3,-1,0,unknown
3616,unknown,15,may,262,4,-1,0,unknown
3617,unknown,15,may,255,12,-1,0,unknown
3618,unknown,15,may,202,4,-1,0,unknown
3619,unknown,15,may,438,5,-1,0,unknown
3620,unknown,15,may,88,2,-1,0,unknown
3621,unknown,15,may,311,3,-1,0,unknown
3622,unknown,15,may,302,8,-1,0,unknown
3623,unknown,15,may,213,2,-1,0,unknown
3624,unknown,15,may,214,4,-1,0,unknown
3625,unknown,15,may,90,3,-1,0,unknown
3626,unknown,15,may,293,2,-1,0,unknown
3627,unknown,15,may,448,4,-1,0,unknown
3628,unknown,15,may,70,6,-1,0,unknown
3629,unknown,15,may,347,4,-1,0,unknown
3630,unknown,15,may,320,3,-1,0,unknown
3631,unknown,15,may,175,2,-1,0,unknown
3632,unknown,15,may,222,12,-1,0,unknown
3633,unknown,15,may,98,2,-1,0,unknown
3634,unknown,15,may,734,5,-1,0,unknown
3635,unknown,15,may,177,3,-1,0,unknown
3636,unknown,15,may,121,3,-1,0,unknown
3637,unknown,15,may,73,7,-1,0,unknown
3638,unknown,15,may,65,7,-1,0,unknown
3639,unknown,15,may,543,12,-1,0,unknown
3640,unknown,15,may,186,3,-1,0,unknown
3641,unknown,15,may,174,4,-1,0,unknown
3642,unknown,15,may,374,5,-1,0,unknown
3643,unknown,15,may,241,2,-1,0,unknown
3644,unknown,15,may,139,7,-1,0,unknown
3645,unknown,15,may,156,13,-1,0,unknown
3646,unknown,15,may,137,2,-1,0,unknown
3647,unknown,15,may,67,4,-1,0,unknown
3648,unknown,15,may,239,2,-1,0,unknown
3649,unknown,15,may,178,2,-1,0,unknown
3650,unknown,15,may,297,1,-1,0,unknown
3651,unknown,15,may,491,2,-1,0,unknown
3652,unknown,15,may,377,4,-1,0,unknown
3653,unknown,16,may,84,2,-1,0,unknown
3654,unknown,16,may,122,2,-1,0,unknown
3655,unknown,16,may,107,6,-1,0,unknown
3656,unknown,16,may,95,3,-1,0,unknown
3657,unknown,16,may,248,3,-1,0,unknown
3658,unknown,16,may,30,3,-1,0,unknown
3659,unknown,16,may,97,1,-1,0,unknown
3660,unknown,16,may,336,2,-1,0,unknown
3661,unknown,16,may,28,4,-1,0,unknown
3662,unknown,16,may,329,3,-1,0,unknown
3663,unknown,16,may,208,3,-1,0,unknown
3664,unknown,16,may,597,22,-1,0,unknown
3665,unknown,16,may,29,1,-1,0,unknown
3666,unknown,16,may,247,1,-1,0,unknown
3667,unknown,16,may,343,1,-1,0,unknown
3668,unknown,16,may,214,1,-1,0,unknown
3669,unknown,16,may,266,6,-1,0,unknown
3670,unknown,16,may,137,1,-1,0,unknown
3671,unknown,16,may,206,4,-1,0,unknown
3672,unknown,16,may,129,1,-1,0,unknown
3673,unknown,16,may,69,15,-1,0,unknown
3674,unknown,16,may,228,1,-1,0,unknown
3675,unknown,16,may,259,1,-1,0,unknown
3676,unknown,16,may,144,1,-1,0,unknown
3677,unknown,16,may,515,1,-1,0,unknown
3678,unknown,16,may,29,1,-1,0,unknown
3679,unknown,16,may,512,1,-1,0,unknown
3680,unknown,16,may,179,1,-1,0,unknown
3681,unknown,16,may,813,1,-1,0,unknown
3682,unknown,16,may,601,1,-1,0,unknown
3683,unknown,16,may,73,1,-1,0,unknown
3684,unknown,16,may,144,4,-1,0,unknown
3685,unknown,16,may,271,1,-1,0,unknown
3686,unknown,16,may,230,3,-1,0,unknown
3687,unknown,16,may,456,1,-1,0,unknown
3688,unknown,16,may,75,1,-1,0,unknown
3689,unknown,16,may,225,1,-1,0,unknown
3690,unknown,16,may,387,1,-1,0,unknown
3691,unknown,16,may,286,3,-1,0,unknown
3692,unknown,16,may,286,1,-1,0,unknown
3693,unknown,16,may,111,11,-1,0,unknown
3694,unknown,16,may,448,2,-1,0,unknown
3695,unknown,16,may,223,3,-1,0,unknown
3696,unknown,16,may,312,1,-1,0,unknown
3697,unknown,16,may,93,1,-1,0,unknown
3698,unknown,16,may,212,1,-1,0,unknown
3699,unknown,16,may,178,1,-1,0,unknown
3700,unknown,16,may,111,1,-1,0,unknown
3701,unknown,16,may,803,1,-1,0,unknown
3702,unknown,16,may,844,1,-1,0,unknown
3703,unknown,16,may,297,1,-1,0,unknown
3704,unknown,16,may,25,1,-1,0,unknown
3705,unknown,16,may,529,4,-1,0,unknown
3706,unknown,16,may,99,1,-1,0,unknown
3707,unknown,16,may,137,1,-1,0,unknown
3708,unknown,16,may,676,1,-1,0,unknown
3709,unknown,16,may,656,2,-1,0,unknown
3710,unknown,16,may,249,1,-1,0,unknown
3711,unknown,16,may,88,6,-1,0,unknown
3712,unknown,16,may,1252,1,-1,0,unknown
3713,unknown,16,may,228,2,-1,0,unknown
3714,unknown,16,may,1143,3,-1,0,unknown
3715,unknown,16,may,283,1,-1,0,unknown
3716,unknown,16,may,118,2,-1,0,unknown
3717,unknown,16,may,129,1,-1,0,unknown
3718,unknown,16,may,103,1,-1,0,unknown
3719,unknown,16,may,213,1,-1,0,unknown
3720,unknown,16,may,132,1,-1,0,unknown
3721,unknown,16,may,122,1,-1,0,unknown
3722,unknown,16,may,130,4,-1,0,unknown
3723,unknown,16,may,627,1,-1,0,unknown
3724,unknown,16,may,207,1,-1,0,unknown
3725,unknown,16,may,114,2,-1,0,unknown
3726,unknown,16,may,216,1,-1,0,unknown
3727,unknown,16,may,250,1,-1,0,unknown
3728,unknown,16,may,91,1,-1,0,unknown
3729,unknown,16,may,159,1,-1,0,unknown
3730,unknown,16,may,528,1,-1,0,unknown
3731,unknown,16,may,86,1,-1,0,unknown
3732,unknown,16,may,731,4,-1,0,unknown
3733,unknown,16,may,37,1,-1,0,unknown
3734,unknown,16,may,46,1,-1,0,unknown
3735,unknown,16,may,49,1,-1,0,unknown
3736,unknown,16,may,356,2,-1,0,unknown
3737,unknown,16,may,107,2,-1,0,unknown
3738,unknown,16,may,248,1,-1,0,unknown
3739,unknown,16,may,242,7,-1,0,unknown
3740,unknown,16,may,134,3,-1,0,unknown
3741,unknown,16,may,355,2,-1,0,unknown
3742,unknown,16,may,149,1,-1,0,unknown
3743,unknown,16,may,346,1,-1,0,unknown
3744,unknown,16,may,370,1,-1,0,unknown
3745,unknown,16,may,261,1,-1,0,unknown
3746,unknown,16,may,330,4,-1,0,unknown
3747,unknown,16,may,537,1,-1,0,unknown
3748,unknown,16,may,134,1,-1,0,unknown
3749,unknown,16,may,688,1,-1,0,unknown
3750,unknown,16,may,84,1,-1,0,unknown
3751,unknown,16,may,125,1,-1,0,unknown
3752,unknown,16,may,139,2,-1,0,unknown
3753,unknown,16,may,167,1,-1,0,unknown
3754,unknown,16,may,25,1,-1,0,unknown
3755,unknown,16,may,244,1,-1,0,unknown
3756,unknown,16,may,140,1,-1,0,unknown
3757,unknown,16,may,165,1,-1,0,unknown
3758,unknown,16,may,122,1,-1,0,unknown
3759,unknown,16,may,130,2,-1,0,unknown
3760,unknown,16,may,345,1,-1,0,unknown
3761,unknown,16,may,277,6,-1,0,unknown
3762,unknown,16,may,145,1,-1,0,unknown
3763,unknown,16,may,300,1,-1,0,unknown
3764,unknown,16,may,214,1,-1,0,unknown
3765,unknown,16,may,140,1,-1,0,unknown
3766,unknown,16,may,140,1,-1,0,unknown
3767,unknown,16,may,132,1,-1,0,unknown
3768,unknown,16,may,96,2,-1,0,unknown
3769,unknown,16,may,144,2,-1,0,unknown
3770,unknown,16,may,803,1,-1,0,unknown
3771,unknown,16,may,225,4,-1,0,unknown
3772,unknown,16,may,73,1,-1,0,unknown
3773,unknown,16,may,260,1,-1,0,unknown
3774,unknown,16,may,754,1,-1,0,unknown
3775,unknown,16,may,211,2,-1,0,unknown
3776,unknown,16,may,192,1,-1,0,unknown
3777,unknown,16,may,203,1,-1,0,unknown
3778,unknown,16,may,24,1,-1,0,unknown
3779,unknown,16,may,171,2,-1,0,unknown
3780,unknown,16,may,136,1,-1,0,unknown
3781,unknown,16,may,42,10,-1,0,unknown
3782,unknown,16,may,343,1,-1,0,unknown
3783,unknown,16,may,111,1,-1,0,unknown
3784,unknown,16,may,77,1,-1,0,unknown
3785,unknown,16,may,268,6,-1,0,unknown
3786,unknown,16,may,217,2,-1,0,unknown
3787,unknown,16,may,360,1,-1,0,unknown
3788,unknown,16,may,122,3,-1,0,unknown
3789,unknown,16,may,47,1,-1,0,unknown
3790,unknown,16,may,241,1,-1,0,unknown
3791,unknown,16,may,204,1,-1,0,unknown
3792,unknown,16,may,601,1,-1,0,unknown
3793,unknown,16,may,178,2,-1,0,unknown
3794,unknown,16,may,306,1,-1,0,unknown
3795,unknown,16,may,410,1,-1,0,unknown
3796,unknown,16,may,265,1,-1,0,unknown
3797,unknown,16,may,108,2,-1,0,unknown
3798,unknown,16,may,172,4,-1,0,unknown
3799,unknown,16,may,184,2,-1,0,unknown
3800,unknown,16,may,424,1,-1,0,unknown
3801,unknown,16,may,359,1,-1,0,unknown
3802,unknown,16,may,123,1,-1,0,unknown
3803,unknown,16,may,169,1,-1,0,unknown
3804,unknown,16,may,787,1,-1,0,unknown
3805,unknown,16,may,241,1,-1,0,unknown
3806,unknown,16,may,141,1,-1,0,unknown
3807,unknown,16,may,22,4,-1,0,unknown
3808,unknown,16,may,326,1,-1,0,unknown
3809,unknown,16,may,317,1,-1,0,unknown
3810,unknown,16,may,196,3,-1,0,unknown
3811,unknown,16,may,270,1,-1,0,unknown
3812,unknown,16,may,107,1,-1,0,unknown
3813,unknown,16,may,679,17,-1,0,unknown
3814,unknown,16,may,576,1,-1,0,unknown
3815,unknown,16,may,102,1,-1,0,unknown
3816,unknown,16,may,161,3,-1,0,unknown
3817,unknown,16,may,206,2,-1,0,unknown
3818,unknown,16,may,33,1,-1,0,unknown
3819,unknown,16,may,619,2,-1,0,unknown
3820,unknown,16,may,230,1,-1,0,unknown
3821,unknown,16,may,27,2,-1,0,unknown
3822,unknown,16,may,131,1,-1,0,unknown
3823,unknown,16,may,38,2,-1,0,unknown
3824,unknown,16,may,322,2,-1,0,unknown
3825,unknown,16,may,187,1,-1,0,unknown
3826,unknown,16,may,124,1,-1,0,unknown
3827,unknown,16,may,107,2,-1,0,unknown
3828,unknown,16,may,379,1,-1,0,unknown
3829,unknown,16,may,1230,3,-1,0,unknown
3830,unknown,16,may,767,2,-1,0,unknown
3831,unknown,16,may,95,1,-1,0,unknown
3832,unknown,16,may,42,3,-1,0,unknown
3833,unknown,16,may,197,1,-1,0,unknown
3834,unknown,16,may,320,2,-1,0,unknown
3835,unknown,16,may,912,1,-1,0,unknown
3836,unknown,16,may,178,1,-1,0,unknown
3837,unknown,16,may,230,1,-1,0,unknown
3838,unknown,16,may,631,3,-1,0,unknown
3839,unknown,16,may,489,2,-1,0,unknown
3840,unknown,16,may,894,1,-1,0,unknown
3841,unknown,16,may,38,3,-1,0,unknown
3842,unknown,16,may,323,4,-1,0,unknown
3843,unknown,16,may,335,1,-1,0,unknown
3844,unknown,16,may,161,1,-1,0,unknown
3845,unknown,16,may,410,3,-1,0,unknown
3846,unknown,16,may,374,2,-1,0,unknown
3847,unknown,16,may,280,1,-1,0,unknown
3848,unknown,16,may,181,3,-1,0,unknown
3849,unknown,16,may,193,8,-1,0,unknown
3850,unknown,16,may,166,2,-1,0,unknown
3851,unknown,16,may,865,1,-1,0,unknown
3852,unknown,16,may,258,2,-1,0,unknown
3853,unknown,16,may,215,1,-1,0,unknown
3854,unknown,16,may,136,2,-1,0,unknown
3855,unknown,16,may,381,2,-1,0,unknown
3856,unknown,16,may,412,1,-1,0,unknown
3857,unknown,16,may,376,2,-1,0,unknown
3858,unknown,16,may,393,2,-1,0,unknown
3859,unknown,16,may,56,3,-1,0,unknown
3860,unknown,16,may,112,4,-1,0,unknown
3861,unknown,16,may,155,3,-1,0,unknown
3862,unknown,16,may,703,4,-1,0,unknown
3863,unknown,16,may,141,2,-1,0,unknown
3864,unknown,16,may,475,2,-1,0,unknown
3865,unknown,16,may,471,2,-1,0,unknown
3866,unknown,16,may,121,1,-1,0,unknown
3867,unknown,16,may,159,1,-1,0,unknown
3868,unknown,16,may,177,4,-1,0,unknown
3869,unknown,16,may,344,2,-1,0,unknown
3870,unknown,16,may,404,1,-1,0,unknown
3871,unknown,16,may,287,4,-1,0,unknown
3872,unknown,16,may,329,1,-1,0,unknown
3873,unknown,16,may,433,1,-1,0,unknown
3874,unknown,16,may,216,1,-1,0,unknown
3875,unknown,16,may,323,2,-1,0,unknown
3876,unknown,16,may,1340,1,-1,0,unknown
3877,unknown,16,may,132,13,-1,0,unknown
3878,unknown,16,may,199,4,-1,0,unknown
3879,unknown,16,may,558,3,-1,0,unknown
3880,unknown,16,may,221,2,-1,0,unknown
3881,unknown,16,may,897,1,-1,0,unknown
3882,unknown,16,may,80,2,-1,0,unknown
3883,unknown,16,may,90,2,-1,0,unknown
3884,unknown,16,may,123,3,-1,0,unknown
3885,unknown,16,may,461,2,-1,0,unknown
3886,unknown,16,may,213,16,-1,0,unknown
3887,unknown,16,may,193,11,-1,0,unknown
3888,unknown,16,may,428,1,-1,0,unknown
3889,unknown,16,may,411,2,-1,0,unknown
3890,unknown,16,may,291,1,-1,0,unknown
3891,unknown,16,may,136,1,-1,0,unknown
3892,unknown,16,may,112,1,-1,0,unknown
3893,unknown,16,may,270,1,-1,0,unknown
3894,unknown,16,may,124,1,-1,0,unknown
3895,unknown,16,may,214,4,-1,0,unknown
3896,unknown,16,may,239,3,-1,0,unknown
3897,unknown,16,may,323,1,-1,0,unknown
3898,unknown,16,may,94,1,-1,0,unknown
3899,unknown,16,may,74,1,-1,0,unknown
3900,unknown,16,may,107,1,-1,0,unknown
3901,unknown,16,may,51,1,-1,0,unknown
3902,unknown,16,may,109,1,-1,0,unknown
3903,unknown,16,may,378,1,-1,0,unknown
3904,unknown,16,may,217,1,-1,0,unknown
3905,unknown,16,may,136,1,-1,0,unknown
3906,unknown,16,may,1161,3,-1,0,unknown
3907,unknown,16,may,103,1,-1,0,unknown
3908,unknown,16,may,467,1,-1,0,unknown
3909,unknown,16,may,290,1,-1,0,unknown
3910,unknown,16,may,131,1,-1,0,unknown
3911,unknown,16,may,168,2,-1,0,unknown
3912,unknown,16,may,764,7,-1,0,unknown
3913,unknown,16,may,194,3,-1,0,unknown
3914,unknown,16,may,16,25,-1,0,unknown
3915,unknown,16,may,208,5,-1,0,unknown
3916,unknown,16,may,148,18,-1,0,unknown
3917,unknown,16,may,242,3,-1,0,unknown
3918,unknown,16,may,269,2,-1,0,unknown
3919,unknown,16,may,370,2,-1,0,unknown
3920,unknown,16,may,274,8,-1,0,unknown
3921,unknown,16,may,326,1,-1,0,unknown
3922,unknown,16,may,337,2,-1,0,unknown
3923,unknown,16,may,788,2,-1,0,unknown
3924,unknown,16,may,353,4,-1,0,unknown
3925,unknown,16,may,14,15,-1,0,unknown
3926,unknown,16,may,92,1,-1,0,unknown
3927,unknown,16,may,698,9,-1,0,unknown
3928,unknown,16,may,180,1,-1,0,unknown
3929,unknown,16,may,467,1,-1,0,unknown
3930,unknown,16,may,218,2,-1,0,unknown
3931,unknown,16,may,233,1,-1,0,unknown
3932,unknown,16,may,304,2,-1,0,unknown
3933,unknown,16,may,315,3,-1,0,unknown
3934,unknown,16,may,40,5,-1,0,unknown
3935,unknown,16,may,698,1,-1,0,unknown
3936,unknown,16,may,76,21,-1,0,unknown
3937,unknown,16,may,355,2,-1,0,unknown
3938,unknown,16,may,557,4,-1,0,unknown
3939,unknown,16,may,97,3,-1,0,unknown
3940,unknown,16,may,148,2,-1,0,unknown
3941,unknown,16,may,128,2,-1,0,unknown
3942,unknown,16,may,130,3,-1,0,unknown
3943,unknown,16,may,280,2,-1,0,unknown
3944,unknown,16,may,152,2,-1,0,unknown
3945,unknown,16,may,283,2,-1,0,unknown
3946,unknown,16,may,523,3,-1,0,unknown
3947,unknown,16,may,1128,3,-1,0,unknown
3948,unknown,16,may,171,4,-1,0,unknown
3949,unknown,16,may,174,17,-1,0,unknown
3950,unknown,16,may,71,11,-1,0,unknown
3951,unknown,16,may,84,4,-1,0,unknown
3952,unknown,16,may,221,2,-1,0,unknown
3953,unknown,16,may,234,2,-1,0,unknown
3954,unknown,16,may,138,2,-1,0,unknown
3955,unknown,16,may,339,5,-1,0,unknown
3956,unknown,16,may,509,2,-1,0,unknown
3957,unknown,16,may,254,17,-1,0,unknown
3958,unknown,16,may,164,2,-1,0,unknown
3959,unknown,16,may,243,3,-1,0,unknown
3960,unknown,16,may,344,4,-1,0,unknown
3961,unknown,16,may,131,4,-1,0,unknown
3962,unknown,16,may,806,4,-1,0,unknown
3963,unknown,16,may,251,4,-1,0,unknown
3964,unknown,16,may,1135,2,-1,0,unknown
3965,unknown,16,may,312,3,-1,0,unknown
3966,unknown,16,may,302,4,-1,0,unknown
3967,unknown,16,may,292,8,-1,0,unknown
3968,unknown,16,may,279,2,-1,0,unknown
3969,unknown,16,may,187,19,-1,0,unknown
3970,unknown,16,may,198,5,-1,0,unknown
3971,unknown,16,may,1408,2,-1,0,unknown
3972,unknown,16,may,827,2,-1,0,unknown
3973,unknown,16,may,303,5,-1,0,unknown
3974,unknown,16,may,67,2,-1,0,unknown
3975,unknown,16,may,680,3,-1,0,unknown
3976,unknown,16,may,160,6,-1,0,unknown
3977,unknown,16,may,251,3,-1,0,unknown
3978,unknown,16,may,21,3,-1,0,unknown
3979,unknown,16,may,218,2,-1,0,unknown
3980,unknown,16,may,81,6,-1,0,unknown
3981,unknown,16,may,476,3,-1,0,unknown
3982,unknown,16,may,1297,3,-1,0,unknown
3983,unknown,16,may,4,2,-1,0,unknown
3984,unknown,16,may,283,3,-1,0,unknown
3985,unknown,16,may,323,3,-1,0,unknown
3986,unknown,16,may,248,2,-1,0,unknown
3987,unknown,16,may,541,5,-1,0,unknown
3988,unknown,16,may,427,3,-1,0,unknown
3989,unknown,16,may,148,9,-1,0,unknown
3990,unknown,16,may,408,10,-1,0,unknown
3991,unknown,16,may,236,2,-1,0,unknown
3992,unknown,16,may,428,2,-1,0,unknown
3993,unknown,16,may,32,3,-1,0,unknown
3994,unknown,16,may,330,19,-1,0,unknown
3995,unknown,16,may,851,2,-1,0,unknown
3996,unknown,16,may,522,5,-1,0,unknown
3997,unknown,16,may,320,3,-1,0,unknown
3998,unknown,16,may,165,4,-1,0,unknown
3999,unknown,16,may,1193,5,-1,0,unknown
4000,unknown,16,may,730,2,-1,0,unknown
4001,unknown,16,may,1144,3,-1,0,unknown
4002,unknown,16,may,167,2,-1,0,unknown
4003,unknown,16,may,1023,4,-1,0,unknown
4004,unknown,16,may,469,2,-1,0,unknown
4005,unknown,16,may,385,7,-1,0,unknown
4006,unknown,16,may,260,6,-1,0,unknown
4007,unknown,16,may,169,3,-1,0,unknown
4008,unknown,16,may,409,3,-1,0,unknown
4009,unknown,16,may,165,6,-1,0,unknown
4010,unknown,16,may,437,2,-1,0,unknown
4011,unknown,16,may,89,2,-1,0,unknown
4012,unknown,16,may,261,6,-1,0,unknown
4013,unknown,16,may,294,4,-1,0,unknown
4014,unknown,16,may,343,4,-1,0,unknown
4015,unknown,16,may,1245,25,-1,0,unknown
4016,unknown,16,may,498,2,-1,0,unknown
4017,unknown,16,may,148,4,-1,0,unknown
4018,unknown,16,may,134,4,-1,0,unknown
4019,unknown,16,may,230,2,-1,0,unknown
4020,unknown,16,may,192,32,-1,0,unknown
4021,unknown,16,may,65,3,-1,0,unknown
4022,unknown,16,may,237,3,-1,0,unknown
4023,unknown,16,may,239,2,-1,0,unknown
4024,unknown,16,may,196,6,-1,0,unknown
4025,unknown,16,may,243,2,-1,0,unknown
4026,unknown,16,may,393,2,-1,0,unknown
4027,unknown,16,may,512,6,-1,0,unknown
4028,unknown,16,may,218,3,-1,0,unknown
4029,unknown,16,may,215,3,-1,0,unknown
4030,unknown,16,may,186,5,-1,0,unknown
4031,unknown,16,may,299,4,-1,0,unknown
4032,unknown,16,may,107,3,-1,0,unknown
4033,unknown,16,may,103,7,-1,0,unknown
4034,unknown,16,may,297,4,-1,0,unknown
4035,unknown,16,may,1064,4,-1,0,unknown
4036,unknown,16,may,24,4,-1,0,unknown
4037,unknown,16,may,757,6,-1,0,unknown
4038,unknown,16,may,90,7,-1,0,unknown
4039,unknown,16,may,59,5,-1,0,unknown
4040,unknown,16,may,102,4,-1,0,unknown
4041,unknown,16,may,293,7,-1,0,unknown
4042,unknown,16,may,1187,4,-1,0,unknown
4043,unknown,16,may,427,3,-1,0,unknown
4044,unknown,19,may,65,3,-1,0,unknown
4045,unknown,19,may,79,19,-1,0,unknown
4046,unknown,19,may,145,4,-1,0,unknown
4047,unknown,19,may,39,7,-1,0,unknown
4048,unknown,19,may,105,2,-1,0,unknown
4049,unknown,19,may,311,2,-1,0,unknown
4050,unknown,19,may,179,4,-1,0,unknown
4051,unknown,19,may,62,2,-1,0,unknown
4052,unknown,19,may,128,3,-1,0,unknown
4053,unknown,19,may,171,2,-1,0,unknown
4054,unknown,19,may,134,2,-1,0,unknown
4055,unknown,19,may,594,2,-1,0,unknown
4056,unknown,19,may,55,3,-1,0,unknown
4057,unknown,19,may,66,2,-1,0,unknown
4058,unknown,19,may,92,2,-1,0,unknown
4059,unknown,19,may,19,5,-1,0,unknown
4060,unknown,19,may,501,3,-1,0,unknown
4061,unknown,19,may,114,2,-1,0,unknown
4062,unknown,19,may,221,2,-1,0,unknown
4063,unknown,19,may,221,4,-1,0,unknown
4064,unknown,19,may,374,6,-1,0,unknown
4065,unknown,19,may,123,1,-1,0,unknown
4066,unknown,19,may,166,1,-1,0,unknown
4067,unknown,19,may,37,1,-1,0,unknown
4068,unknown,19,may,35,1,-1,0,unknown
4069,unknown,19,may,668,7,-1,0,unknown
4070,unknown,19,may,88,5,-1,0,unknown
4071,unknown,19,may,77,2,-1,0,unknown
4072,unknown,19,may,312,1,-1,0,unknown
4073,unknown,19,may,181,1,-1,0,unknown
4074,unknown,19,may,134,3,-1,0,unknown
4075,unknown,19,may,61,4,-1,0,unknown
4076,unknown,19,may,258,1,-1,0,unknown
4077,unknown,19,may,131,2,-1,0,unknown
4078,unknown,19,may,71,1,-1,0,unknown
4079,unknown,19,may,153,1,-1,0,unknown
4080,unknown,19,may,405,3,-1,0,unknown
4081,unknown,19,may,256,1,-1,0,unknown
4082,unknown,19,may,131,1,-1,0,unknown
4083,unknown,19,may,219,1,-1,0,unknown
4084,unknown,19,may,468,1,-1,0,unknown
4085,unknown,19,may,326,2,-1,0,unknown
4086,unknown,19,may,412,1,-1,0,unknown
4087,unknown,19,may,579,1,-1,0,unknown
4088,unknown,19,may,277,3,-1,0,unknown
4089,unknown,19,may,316,2,-1,0,unknown
4090,unknown,19,may,882,1,-1,0,unknown
4091,unknown,19,may,380,1,-1,0,unknown
4092,unknown,19,may,169,1,-1,0,unknown
4093,unknown,19,may,127,1,-1,0,unknown
4094,unknown,19,may,122,6,-1,0,unknown
4095,unknown,19,may,83,4,-1,0,unknown
4096,unknown,19,may,318,1,-1,0,unknown
4097,unknown,19,may,29,3,-1,0,unknown
4098,unknown,19,may,218,1,-1,0,unknown
4099,unknown,19,may,144,2,-1,0,unknown
4100,unknown,19,may,130,2,-1,0,unknown
4101,unknown,19,may,429,1,-1,0,unknown
4102,unknown,19,may,27,1,-1,0,unknown
4103,unknown,19,may,546,2,-1,0,unknown
4104,unknown,19,may,343,2,-1,0,unknown
4105,unknown,19,may,95,1,-1,0,unknown
4106,unknown,19,may,156,1,-1,0,unknown
4107,unknown,19,may,112,1,-1,0,unknown
4108,unknown,19,may,351,1,-1,0,unknown
4109,unknown,19,may,198,1,-1,0,unknown
4110,unknown,19,may,165,1,-1,0,unknown
4111,unknown,19,may,134,2,-1,0,unknown
4112,unknown,19,may,268,6,-1,0,unknown
4113,unknown,19,may,298,1,-1,0,unknown
4114,unknown,19,may,63,1,-1,0,unknown
4115,unknown,19,may,455,1,-1,0,unknown
4116,unknown,19,may,188,2,-1,0,unknown
4117,unknown,19,may,241,1,-1,0,unknown
4118,unknown,19,may,201,1,-1,0,unknown
4119,unknown,19,may,27,1,-1,0,unknown
4120,unknown,19,may,206,1,-1,0,unknown
4121,unknown,19,may,68,1,-1,0,unknown
4122,unknown,19,may,82,3,-1,0,unknown
4123,unknown,19,may,97,2,-1,0,unknown
4124,unknown,19,may,138,1,-1,0,unknown
4125,unknown,19,may,285,2,-1,0,unknown
4126,unknown,19,may,135,1,-1,0,unknown
4127,unknown,19,may,268,3,-1,0,unknown
4128,unknown,19,may,267,1,-1,0,unknown
4129,unknown,19,may,382,2,-1,0,unknown
4130,unknown,19,may,208,5,-1,0,unknown
4131,unknown,19,may,259,3,-1,0,unknown
4132,unknown,19,may,18,1,-1,0,unknown
4133,unknown,19,may,234,1,-1,0,unknown
4134,unknown,19,may,792,4,-1,0,unknown
4135,unknown,19,may,95,1,-1,0,unknown
4136,unknown,19,may,943,2,-1,0,unknown
4137,unknown,19,may,352,1,-1,0,unknown
4138,unknown,19,may,798,1,-1,0,unknown
4139,unknown,19,may,84,12,-1,0,unknown
4140,unknown,19,may,100,3,-1,0,unknown
4141,unknown,19,may,85,4,-1,0,unknown
4142,unknown,19,may,143,1,-1,0,unknown
4143,unknown,19,may,115,1,-1,0,unknown
4144,unknown,19,may,73,1,-1,0,unknown
4145,unknown,19,may,31,1,-1,0,unknown
4146,unknown,19,may,182,2,-1,0,unknown
4147,unknown,19,may,190,1,-1,0,unknown
4148,unknown,19,may,351,1,-1,0,unknown
4149,unknown,19,may,179,1,-1,0,unknown
4150,unknown,19,may,107,2,-1,0,unknown
4151,unknown,19,may,529,3,-1,0,unknown
4152,unknown,19,may,36,1,-1,0,unknown
4153,unknown,19,may,122,2,-1,0,unknown
4154,unknown,19,may,198,1,-1,0,unknown
4155,unknown,19,may,67,1,-1,0,unknown
4156,unknown,19,may,264,1,-1,0,unknown
4157,unknown,19,may,238,3,-1,0,unknown
4158,unknown,19,may,112,1,-1,0,unknown
4159,unknown,19,may,21,2,-1,0,unknown
4160,unknown,19,may,81,1,-1,0,unknown
4161,unknown,19,may,496,3,-1,0,unknown
4162,unknown,19,may,78,3,-1,0,unknown
4163,unknown,19,may,114,2,-1,0,unknown
4164,unknown,19,may,156,5,-1,0,unknown
4165,unknown,19,may,211,2,-1,0,unknown
4166,unknown,19,may,265,1,-1,0,unknown
4167,unknown,19,may,48,2,-1,0,unknown
4168,unknown,19,may,104,2,-1,0,unknown
4169,unknown,19,may,610,1,-1,0,unknown
4170,unknown,19,may,287,1,-1,0,unknown
4171,unknown,19,may,68,2,-1,0,unknown
4172,unknown,19,may,336,1,-1,0,unknown
4173,unknown,19,may,202,1,-1,0,unknown
4174,unknown,19,may,228,1,-1,0,unknown
4175,unknown,19,may,192,1,-1,0,unknown
4176,unknown,19,may,343,1,-1,0,unknown
4177,unknown,19,may,23,1,-1,0,unknown
4178,unknown,19,may,260,1,-1,0,unknown
4179,unknown,19,may,387,1,-1,0,unknown
4180,unknown,19,may,70,1,-1,0,unknown
4181,unknown,19,may,158,2,-1,0,unknown
4182,unknown,19,may,35,3,-1,0,unknown
4183,unknown,19,may,145,3,-1,0,unknown
4184,unknown,19,may,257,1,-1,0,unknown
4185,unknown,19,may,607,1,-1,0,unknown
4186,unknown,19,may,214,3,-1,0,unknown
4187,unknown,19,may,127,5,-1,0,unknown
4188,unknown,19,may,260,11,-1,0,unknown
4189,unknown,19,may,197,4,-1,0,unknown
4190,unknown,19,may,174,2,-1,0,unknown
4191,unknown,19,may,144,2,-1,0,unknown
4192,unknown,19,may,222,2,-1,0,unknown
4193,unknown,19,may,136,2,-1,0,unknown
4194,unknown,19,may,546,12,-1,0,unknown
4195,unknown,19,may,49,2,-1,0,unknown
4196,unknown,19,may,335,4,-1,0,unknown
4197,unknown,19,may,105,1,-1,0,unknown
4198,unknown,19,may,488,3,-1,0,unknown
4199,unknown,19,may,1203,3,-1,0,unknown
4200,unknown,19,may,1022,4,-1,0,unknown
4201,unknown,19,may,128,1,-1,0,unknown
4202,unknown,19,may,126,3,-1,0,unknown
4203,unknown,19,may,387,1,-1,0,unknown
4204,unknown,19,may,258,1,-1,0,unknown
4205,unknown,19,may,199,1,-1,0,unknown
4206,unknown,19,may,364,1,-1,0,unknown
4207,unknown,19,may,123,1,-1,0,unknown
4208,unknown,19,may,201,14,-1,0,unknown
4209,unknown,19,may,193,3,-1,0,unknown
4210,unknown,19,may,159,3,-1,0,unknown
4211,unknown,19,may,131,6,-1,0,unknown
4212,unknown,19,may,166,3,-1,0,unknown
4213,unknown,19,may,480,1,-1,0,unknown
4214,unknown,19,may,149,4,-1,0,unknown
4215,unknown,19,may,110,1,-1,0,unknown
4216,unknown,19,may,396,3,-1,0,unknown
4217,unknown,19,may,124,3,-1,0,unknown
4218,unknown,19,may,163,3,-1,0,unknown
4219,unknown,19,may,13,1,-1,0,unknown
4220,unknown,19,may,259,1,-1,0,unknown
4221,unknown,19,may,162,1,-1,0,unknown
4222,unknown,19,may,102,2,-1,0,unknown
4223,unknown,19,may,723,1,-1,0,unknown
4224,unknown,19,may,89,1,-1,0,unknown
4225,unknown,19,may,703,1,-1,0,unknown
4226,unknown,19,may,257,2,-1,0,unknown
4227,unknown,19,may,289,1,-1,0,unknown
4228,unknown,19,may,361,2,-1,0,unknown
4229,unknown,19,may,314,1,-1,0,unknown
4230,unknown,19,may,83,1,-1,0,unknown
4231,unknown,19,may,215,1,-1,0,unknown
4232,unknown,19,may,115,4,-1,0,unknown
4233,unknown,19,may,147,3,-1,0,unknown
4234,unknown,19,may,285,1,-1,0,unknown
4235,unknown,19,may,102,1,-1,0,unknown
4236,unknown,19,may,183,7,-1,0,unknown
4237,unknown,19,may,70,1,-1,0,unknown
4238,unknown,19,may,19,1,-1,0,unknown
4239,unknown,19,may,346,1,-1,0,unknown
4240,unknown,19,may,643,1,-1,0,unknown
4241,unknown,19,may,78,1,-1,0,unknown
4242,unknown,19,may,411,1,-1,0,unknown
4243,unknown,19,may,133,1,-1,0,unknown
4244,unknown,19,may,193,6,-1,0,unknown
4245,unknown,19,may,590,2,-1,0,unknown
4246,unknown,19,may,151,1,-1,0,unknown
4247,unknown,19,may,109,2,-1,0,unknown
4248,unknown,19,may,263,1,-1,0,unknown
4249,unknown,19,may,103,4,-1,0,unknown
4250,unknown,19,may,333,1,-1,0,unknown
4251,unknown,19,may,104,1,-1,0,unknown
4252,unknown,19,may,191,4,-1,0,unknown
4253,unknown,19,may,571,1,-1,0,unknown
4254,unknown,19,may,180,1,-1,0,unknown
4255,unknown,19,may,657,2,-1,0,unknown
4256,unknown,19,may,107,2,-1,0,unknown
4257,unknown,19,may,335,3,-1,0,unknown
4258,unknown,19,may,120,3,-1,0,unknown
4259,unknown,19,may,219,2,-1,0,unknown
4260,unknown,19,may,148,1,-1,0,unknown
4261,unknown,19,may,214,1,-1,0,unknown
4262,unknown,19,may,400,2,-1,0,unknown
4263,unknown,19,may,503,2,-1,0,unknown
4264,unknown,19,may,125,5,-1,0,unknown
4265,unknown,19,may,329,1,-1,0,unknown
4266,unknown,19,may,194,3,-1,0,unknown
4267,unknown,19,may,7,1,-1,0,unknown
4268,unknown,19,may,53,1,-1,0,unknown
4269,unknown,19,may,344,2,-1,0,unknown
4270,unknown,19,may,104,1,-1,0,unknown
4271,unknown,19,may,552,3,-1,0,unknown
4272,unknown,19,may,345,1,-1,0,unknown
4273,unknown,19,may,263,1,-1,0,unknown
4274,unknown,19,may,88,6,-1,0,unknown
4275,unknown,19,may,44,43,-1,0,unknown
4276,unknown,19,may,401,2,-1,0,unknown
4277,unknown,19,may,178,5,-1,0,unknown
4278,unknown,19,may,53,5,-1,0,unknown
4279,unknown,19,may,349,2,-1,0,unknown
4280,unknown,19,may,34,9,-1,0,unknown
4281,unknown,19,may,48,3,-1,0,unknown
4282,unknown,19,may,182,11,-1,0,unknown
4283,unknown,19,may,147,1,-1,0,unknown
4284,unknown,19,may,457,5,-1,0,unknown
4285,unknown,19,may,193,1,-1,0,unknown
4286,unknown,19,may,142,3,-1,0,unknown
4287,unknown,19,may,123,2,-1,0,unknown
4288,unknown,19,may,65,3,-1,0,unknown
4289,unknown,19,may,420,1,-1,0,unknown
4290,unknown,19,may,100,2,-1,0,unknown
4291,unknown,19,may,403,2,-1,0,unknown
4292,unknown,19,may,229,3,-1,0,unknown
4293,unknown,19,may,445,2,-1,0,unknown
4294,unknown,19,may,206,4,-1,0,unknown
4295,unknown,19,may,182,2,-1,0,unknown
4296,unknown,19,may,183,2,-1,0,unknown
4297,unknown,19,may,140,2,-1,0,unknown
4298,unknown,19,may,134,3,-1,0,unknown
4299,unknown,19,may,88,51,-1,0,unknown
4300,unknown,19,may,234,13,-1,0,unknown
4301,unknown,19,may,215,3,-1,0,unknown
4302,unknown,19,may,194,5,-1,0,unknown
4303,unknown,19,may,394,2,-1,0,unknown
4304,unknown,19,may,5,2,-1,0,unknown
4305,unknown,19,may,408,2,-1,0,unknown
4306,unknown,19,may,114,2,-1,0,unknown
4307,unknown,19,may,210,2,-1,0,unknown
4308,unknown,19,may,243,6,-1,0,unknown
4309,unknown,19,may,180,9,-1,0,unknown
4310,unknown,19,may,8,2,-1,0,unknown
4311,unknown,19,may,458,4,-1,0,unknown
4312,unknown,19,may,313,2,-1,0,unknown
4313,unknown,19,may,1622,2,-1,0,unknown
4314,unknown,19,may,324,2,-1,0,unknown
4315,unknown,19,may,205,3,-1,0,unknown
4316,unknown,19,may,310,2,-1,0,unknown
4317,unknown,19,may,194,2,-1,0,unknown
4318,unknown,19,may,165,5,-1,0,unknown
4319,unknown,19,may,86,7,-1,0,unknown
4320,unknown,19,may,160,2,-1,0,unknown
4321,unknown,19,may,492,6,-1,0,unknown
4322,unknown,19,may,187,3,-1,0,unknown
4323,unknown,19,may,197,4,-1,0,unknown
4324,unknown,19,may,95,5,-1,0,unknown
4325,unknown,19,may,159,3,-1,0,unknown
4326,unknown,19,may,967,6,-1,0,unknown
4327,unknown,19,may,221,2,-1,0,unknown
4328,unknown,19,may,102,13,-1,0,unknown
4329,unknown,19,may,579,5,-1,0,unknown
4330,unknown,19,may,124,63,-1,0,unknown
4331,unknown,19,may,158,5,-1,0,unknown
4332,unknown,19,may,162,10,-1,0,unknown
4333,unknown,19,may,211,2,-1,0,unknown
4334,unknown,19,may,51,41,-1,0,unknown
4335,unknown,19,may,173,5,-1,0,unknown
4336,unknown,19,may,220,3,-1,0,unknown
4337,unknown,19,may,110,2,-1,0,unknown
4338,unknown,19,may,99,26,-1,0,unknown
4339,unknown,19,may,112,7,-1,0,unknown
4340,unknown,19,may,168,4,-1,0,unknown
4341,unknown,19,may,283,3,-1,0,unknown
4342,unknown,19,may,235,7,-1,0,unknown
4343,unknown,19,may,138,8,-1,0,unknown
4344,unknown,19,may,374,6,-1,0,unknown
4345,unknown,19,may,353,4,-1,0,unknown
4346,unknown,19,may,147,2,-1,0,unknown
4347,unknown,19,may,332,10,-1,0,unknown
4348,unknown,19,may,179,9,-1,0,unknown
4349,unknown,19,may,571,5,-1,0,unknown
4350,unknown,19,may,492,9,-1,0,unknown
4351,unknown,19,may,265,5,-1,0,unknown
4352,unknown,19,may,360,2,-1,0,unknown
4353,unknown,19,may,175,2,-1,0,unknown
4354,unknown,19,may,97,9,-1,0,unknown
4355,unknown,19,may,84,3,-1,0,unknown
4356,unknown,19,may,57,7,-1,0,unknown
4357,unknown,19,may,105,11,-1,0,unknown
4358,unknown,19,may,886,3,-1,0,unknown
4359,unknown,19,may,182,8,-1,0,unknown
4360,unknown,19,may,467,4,-1,0,unknown
4361,unknown,19,may,18,14,-1,0,unknown
4362,unknown,19,may,21,11,-1,0,unknown
4363,unknown,19,may,470,4,-1,0,unknown
4364,unknown,19,may,85,3,-1,0,unknown
4365,unknown,19,may,243,2,-1,0,unknown
4366,unknown,19,may,120,7,-1,0,unknown
4367,unknown,19,may,298,2,-1,0,unknown
4368,unknown,19,may,249,2,-1,0,unknown
4369,unknown,19,may,87,5,-1,0,unknown
4370,unknown,19,may,217,2,-1,0,unknown
4371,unknown,19,may,44,4,-1,0,unknown
4372,unknown,19,may,622,2,-1,0,unknown
4373,unknown,19,may,182,2,-1,0,unknown
4374,unknown,19,may,195,4,-1,0,unknown
4375,unknown,19,may,179,2,-1,0,unknown
4376,unknown,19,may,58,10,-1,0,unknown
4377,unknown,19,may,1218,3,-1,0,unknown
4378,unknown,19,may,500,3,-1,0,unknown
4379,unknown,19,may,66,9,-1,0,unknown
4380,unknown,19,may,248,3,-1,0,unknown
4381,unknown,19,may,110,5,-1,0,unknown
4382,unknown,19,may,3078,4,-1,0,unknown
4383,unknown,20,may,21,9,-1,0,unknown
4384,unknown,20,may,150,1,-1,0,unknown
4385,unknown,20,may,148,5,-1,0,unknown
4386,unknown,20,may,91,1,-1,0,unknown
4387,unknown,20,may,34,1,-1,0,unknown
4388,unknown,20,may,201,1,-1,0,unknown
4389,unknown,20,may,70,1,-1,0,unknown
4390,unknown,20,may,19,15,-1,0,unknown
4391,unknown,20,may,351,1,-1,0,unknown
4392,unknown,20,may,182,1,-1,0,unknown
4393,unknown,20,may,365,4,-1,0,unknown
4394,unknown,20,may,257,1,-1,0,unknown
4395,unknown,20,may,280,1,-1,0,unknown
4396,unknown,20,may,16,10,-1,0,unknown
4397,unknown,20,may,140,1,-1,0,unknown
4398,unknown,20,may,21,11,-1,0,unknown
4399,unknown,20,may,184,1,-1,0,unknown
4400,unknown,20,may,20,14,-1,0,unknown
4401,unknown,20,may,107,2,-1,0,unknown
4402,unknown,20,may,446,1,-1,0,unknown
4403,unknown,20,may,661,1,-1,0,unknown
4404,unknown,20,may,172,1,-1,0,unknown
4405,unknown,20,may,125,4,-1,0,unknown
4406,unknown,20,may,280,1,-1,0,unknown
4407,unknown,20,may,216,1,-1,0,unknown
4408,unknown,20,may,81,1,-1,0,unknown
4409,unknown,20,may,409,2,-1,0,unknown
4410,unknown,20,may,226,1,-1,0,unknown
4411,unknown,20,may,191,1,-1,0,unknown
4412,unknown,20,may,171,1,-1,0,unknown
4413,unknown,20,may,13,12,-1,0,unknown
4414,unknown,20,may,133,1,-1,0,unknown
4415,unknown,20,may,656,1,-1,0,unknown
4416,unknown,20,may,1205,1,-1,0,unknown
4417,unknown,20,may,202,6,-1,0,unknown
4418,unknown,20,may,205,1,-1,0,unknown
4419,unknown,20,may,206,1,-1,0,unknown
4420,unknown,20,may,79,1,-1,0,unknown
4421,unknown,20,may,186,4,-1,0,unknown
4422,unknown,20,may,532,1,-1,0,unknown
4423,unknown,20,may,97,2,-1,0,unknown
4424,unknown,20,may,234,5,-1,0,unknown
4425,unknown,20,may,328,1,-1,0,unknown
4426,unknown,20,may,297,1,-1,0,unknown
4427,unknown,20,may,1882,2,-1,0,unknown
4428,unknown,20,may,243,1,-1,0,unknown
4429,unknown,20,may,81,1,-1,0,unknown
4430,unknown,20,may,142,3,-1,0,unknown
4431,unknown,20,may,1334,1,-1,0,unknown
4432,unknown,20,may,775,1,-1,0,unknown
4433,unknown,20,may,335,1,-1,0,unknown
4434,unknown,20,may,168,1,-1,0,unknown
4435,unknown,20,may,68,2,-1,0,unknown
4436,unknown,20,may,121,2,-1,0,unknown
4437,unknown,20,may,217,1,-1,0,unknown
4438,unknown,20,may,68,1,-1,0,unknown
4439,unknown,20,may,119,1,-1,0,unknown
4440,unknown,20,may,160,1,-1,0,unknown
4441,unknown,20,may,294,15,-1,0,unknown
4442,unknown,20,may,57,1,-1,0,unknown
4443,unknown,20,may,90,1,-1,0,unknown
4444,unknown,20,may,600,1,-1,0,unknown
4445,unknown,20,may,148,1,-1,0,unknown
4446,unknown,20,may,38,1,-1,0,unknown
4447,unknown,20,may,142,1,-1,0,unknown
4448,unknown,20,may,466,1,-1,0,unknown
4449,unknown,20,may,26,1,-1,0,unknown
4450,unknown,20,may,203,2,-1,0,unknown
4451,unknown,20,may,369,1,-1,0,unknown
4452,unknown,20,may,29,1,-1,0,unknown
4453,unknown,20,may,793,2,-1,0,unknown
4454,unknown,20,may,71,1,-1,0,unknown
4455,unknown,20,may,182,2,-1,0,unknown
4456,unknown,20,may,203,1,-1,0,unknown
4457,unknown,20,may,167,1,-1,0,unknown
4458,unknown,20,may,37,1,-1,0,unknown
4459,unknown,20,may,34,1,-1,0,unknown
4460,unknown,20,may,394,1,-1,0,unknown
4461,unknown,20,may,127,1,-1,0,unknown
4462,unknown,20,may,264,1,-1,0,unknown
4463,unknown,20,may,265,1,-1,0,unknown
4464,unknown,20,may,231,1,-1,0,unknown
4465,unknown,20,may,320,1,-1,0,unknown
4466,unknown,20,may,101,1,-1,0,unknown
4467,unknown,20,may,110,1,-1,0,unknown
4468,unknown,20,may,121,3,-1,0,unknown
4469,unknown,20,may,265,1,-1,0,unknown
4470,unknown,20,may,345,1,-1,0,unknown
4471,unknown,20,may,171,1,-1,0,unknown
4472,unknown,20,may,572,1,-1,0,unknown
4473,unknown,20,may,67,1,-1,0,unknown
4474,unknown,20,may,25,1,-1,0,unknown
4475,unknown,20,may,269,1,-1,0,unknown
4476,unknown,20,may,132,1,-1,0,unknown
4477,unknown,20,may,115,1,-1,0,unknown
4478,unknown,20,may,273,1,-1,0,unknown
4479,unknown,20,may,56,1,-1,0,unknown
4480,unknown,20,may,434,1,-1,0,unknown
4481,unknown,20,may,507,1,-1,0,unknown
4482,unknown,20,may,253,1,-1,0,unknown
4483,unknown,20,may,100,1,-1,0,unknown
4484,unknown,20,may,116,1,-1,0,unknown
4485,unknown,20,may,124,1,-1,0,unknown
4486,unknown,20,may,66,2,-1,0,unknown
4487,unknown,20,may,233,2,-1,0,unknown
4488,unknown,20,may,90,1,-1,0,unknown
4489,unknown,20,may,104,1,-1,0,unknown
4490,unknown,20,may,187,1,-1,0,unknown
4491,unknown,20,may,92,2,-1,0,unknown
4492,unknown,20,may,423,1,-1,0,unknown
4493,unknown,20,may,215,2,-1,0,unknown
4494,unknown,20,may,209,1,-1,0,unknown
4495,unknown,20,may,181,1,-1,0,unknown
4496,unknown,20,may,201,1,-1,0,unknown
4497,unknown,20,may,40,1,-1,0,unknown
4498,unknown,20,may,317,1,-1,0,unknown
4499,unknown,20,may,447,1,-1,0,unknown
4500,unknown,20,may,137,1,-1,0,unknown
4501,unknown,20,may,184,1,-1,0,unknown
4502,unknown,20,may,121,1,-1,0,unknown
4503,unknown,20,may,138,4,-1,0,unknown
4504,unknown,20,may,207,6,-1,0,unknown
4505,unknown,20,may,309,1,-1,0,unknown
4506,unknown,20,may,214,1,-1,0,unknown
4507,unknown,20,may,134,1,-1,0,unknown
4508,unknown,20,may,284,1,-1,0,unknown
4509,unknown,20,may,1777,1,-1,0,unknown
4510,unknown,20,may,774,1,-1,0,unknown
4511,unknown,20,may,265,1,-1,0,unknown
4512,unknown,20,may,62,1,-1,0,unknown
4513,unknown,20,may,247,2,-1,0,unknown
4514,unknown,20,may,89,1,-1,0,unknown
4515,unknown,20,may,318,3,-1,0,unknown
4516,unknown,20,may,277,2,-1,0,unknown
4517,unknown,20,may,135,1,-1,0,unknown
4518,unknown,20,may,126,3,-1,0,unknown
4519,unknown,20,may,411,1,-1,0,unknown
4520,unknown,20,may,85,1,-1,0,unknown
4521,unknown,20,may,100,1,-1,0,unknown
4522,unknown,20,may,83,1,-1,0,unknown
4523,unknown,20,may,71,3,-1,0,unknown
4524,unknown,20,may,199,4,-1,0,unknown
4525,unknown,20,may,47,1,-1,0,unknown
4526,unknown,20,may,253,1,-1,0,unknown
4527,unknown,20,may,244,1,-1,0,unknown
4528,unknown,20,may,224,1,-1,0,unknown
4529,unknown,20,may,56,1,-1,0,unknown
4530,unknown,20,may,638,2,-1,0,unknown
4531,unknown,20,may,311,1,-1,0,unknown
4532,unknown,20,may,77,1,-1,0,unknown
4533,unknown,20,may,177,1,-1,0,unknown
4534,unknown,20,may,189,1,-1,0,unknown
4535,unknown,20,may,152,1,-1,0,unknown
4536,unknown,20,may,151,1,-1,0,unknown
4537,unknown,20,may,217,1,-1,0,unknown
4538,unknown,20,may,24,1,-1,0,unknown
4539,unknown,20,may,212,1,-1,0,unknown
4540,unknown,20,may,163,2,-1,0,unknown
4541,unknown,20,may,473,2,-1,0,unknown
4542,unknown,20,may,68,1,-1,0,unknown
4543,unknown,20,may,485,1,-1,0,unknown
4544,unknown,20,may,172,1,-1,0,unknown
4545,unknown,20,may,77,2,-1,0,unknown
4546,unknown,20,may,396,1,-1,0,unknown
4547,unknown,20,may,274,2,-1,0,unknown
4548,unknown,20,may,88,2,-1,0,unknown
4549,unknown,20,may,129,2,-1,0,unknown
4550,unknown,20,may,474,2,-1,0,unknown
4551,unknown,20,may,268,2,-1,0,unknown
4552,unknown,20,may,374,2,-1,0,unknown
4553,unknown,20,may,72,5,-1,0,unknown
4554,unknown,20,may,61,2,-1,0,unknown
4555,unknown,20,may,205,2,-1,0,unknown
4556,unknown,20,may,347,6,-1,0,unknown
4557,unknown,20,may,355,1,-1,0,unknown
4558,unknown,20,may,211,2,-1,0,unknown
4559,unknown,20,may,211,1,-1,0,unknown
4560,unknown,20,may,66,12,-1,0,unknown
4561,unknown,20,may,1452,10,-1,0,unknown
4562,unknown,20,may,341,1,-1,0,unknown
4563,unknown,20,may,14,1,-1,0,unknown
4564,unknown,20,may,610,2,-1,0,unknown
4565,unknown,20,may,120,1,-1,0,unknown
4566,unknown,20,may,407,1,-1,0,unknown
4567,unknown,20,may,464,2,-1,0,unknown
4568,unknown,20,may,547,7,-1,0,unknown
4569,unknown,20,may,152,2,-1,0,unknown
4570,unknown,20,may,522,1,-1,0,unknown
4571,unknown,20,may,227,9,-1,0,unknown
4572,unknown,20,may,1376,2,-1,0,unknown
4573,unknown,20,may,134,5,-1,0,unknown
4574,unknown,20,may,37,1,-1,0,unknown
4575,unknown,20,may,360,1,-1,0,unknown
4576,unknown,20,may,51,1,-1,0,unknown
4577,unknown,20,may,834,6,-1,0,unknown
4578,unknown,20,may,106,1,-1,0,unknown
4579,unknown,20,may,194,1,-1,0,unknown
4580,unknown,20,may,535,1,-1,0,unknown
4581,unknown,20,may,236,2,-1,0,unknown
4582,unknown,20,may,182,1,-1,0,unknown
4583,unknown,20,may,296,1,-1,0,unknown
4584,unknown,20,may,201,1,-1,0,unknown
4585,unknown,20,may,281,1,-1,0,unknown
4586,unknown,20,may,150,1,-1,0,unknown
4587,unknown,20,may,79,1,-1,0,unknown
4588,unknown,20,may,359,2,-1,0,unknown
4589,unknown,20,may,332,2,-1,0,unknown
4590,unknown,20,may,592,1,-1,0,unknown
4591,unknown,20,may,166,1,-1,0,unknown
4592,unknown,20,may,245,1,-1,0,unknown
4593,unknown,20,may,138,8,-1,0,unknown
4594,unknown,20,may,369,1,-1,0,unknown
4595,unknown,20,may,158,1,-1,0,unknown
4596,unknown,20,may,261,1,-1,0,unknown
4597,unknown,20,may,131,1,-1,0,unknown
4598,unknown,20,may,412,1,-1,0,unknown
4599,unknown,20,may,121,11,-1,0,unknown
4600,unknown,20,may,137,2,-1,0,unknown
4601,unknown,20,may,216,2,-1,0,unknown
4602,unknown,20,may,324,1,-1,0,unknown
4603,unknown,20,may,235,2,-1,0,unknown
4604,unknown,20,may,203,1,-1,0,unknown
4605,unknown,20,may,697,2,-1,0,unknown
4606,unknown,20,may,156,2,-1,0,unknown
4607,unknown,20,may,1182,4,-1,0,unknown
4608,unknown,20,may,170,2,-1,0,unknown
4609,unknown,20,may,272,2,-1,0,unknown
4610,unknown,20,may,132,1,-1,0,unknown
4611,unknown,20,may,271,1,-1,0,unknown
4612,unknown,20,may,378,3,-1,0,unknown
4613,unknown,20,may,114,1,-1,0,unknown
4614,unknown,20,may,107,1,-1,0,unknown
4615,unknown,20,may,383,1,-1,0,unknown
4616,unknown,20,may,185,1,-1,0,unknown
4617,unknown,20,may,254,1,-1,0,unknown
4618,unknown,20,may,717,1,-1,0,unknown
4619,unknown,20,may,157,1,-1,0,unknown
4620,unknown,20,may,85,2,-1,0,unknown
4621,unknown,20,may,249,3,-1,0,unknown
4622,unknown,20,may,309,2,-1,0,unknown
4623,unknown,20,may,112,2,-1,0,unknown
4624,unknown,20,may,98,1,-1,0,unknown
4625,unknown,20,may,188,3,-1,0,unknown
4626,unknown,20,may,148,1,-1,0,unknown
4627,unknown,20,may,145,2,-1,0,unknown
4628,unknown,20,may,415,2,-1,0,unknown
4629,unknown,20,may,742,2,-1,0,unknown
4630,unknown,20,may,37,9,-1,0,unknown
4631,unknown,20,may,120,1,-1,0,unknown
4632,unknown,20,may,185,2,-1,0,unknown
4633,unknown,20,may,204,1,-1,0,unknown
4634,unknown,20,may,1045,1,-1,0,unknown
4635,unknown,20,may,205,2,-1,0,unknown
4636,unknown,20,may,74,2,-1,0,unknown
4637,unknown,20,may,51,26,-1,0,unknown
4638,unknown,20,may,190,2,-1,0,unknown
4639,unknown,20,may,325,3,-1,0,unknown
4640,unknown,20,may,650,3,-1,0,unknown
4641,unknown,20,may,148,2,-1,0,unknown
4642,unknown,20,may,212,2,-1,0,unknown
4643,unknown,20,may,625,2,-1,0,unknown
4644,unknown,20,may,134,3,-1,0,unknown
4645,unknown,20,may,97,8,-1,0,unknown
4646,unknown,20,may,438,2,-1,0,unknown
4647,unknown,20,may,999,3,-1,0,unknown
4648,unknown,20,may,127,2,-1,0,unknown
4649,unknown,20,may,446,2,-1,0,unknown
4650,unknown,20,may,217,4,-1,0,unknown
4651,unknown,20,may,169,1,-1,0,unknown
4652,unknown,20,may,247,3,-1,0,unknown
4653,unknown,20,may,140,1,-1,0,unknown
4654,unknown,20,may,60,6,-1,0,unknown
4655,unknown,20,may,99,1,-1,0,unknown
4656,unknown,20,may,26,14,-1,0,unknown
4657,unknown,20,may,128,6,-1,0,unknown
4658,unknown,20,may,215,3,-1,0,unknown
4659,unknown,20,may,64,1,-1,0,unknown
4660,unknown,20,may,52,11,-1,0,unknown
4661,unknown,20,may,413,2,-1,0,unknown
4662,unknown,20,may,216,2,-1,0,unknown
4663,unknown,20,may,292,1,-1,0,unknown
4664,unknown,20,may,129,8,-1,0,unknown
4665,unknown,20,may,201,4,-1,0,unknown
4666,unknown,20,may,210,2,-1,0,unknown
4667,unknown,20,may,114,1,-1,0,unknown
4668,unknown,20,may,657,1,-1,0,unknown
4669,unknown,20,may,88,1,-1,0,unknown
4670,unknown,20,may,147,2,-1,0,unknown
4671,unknown,20,may,443,1,-1,0,unknown
4672,unknown,20,may,73,1,-1,0,unknown
4673,unknown,20,may,134,1,-1,0,unknown
4674,unknown,20,may,127,8,-1,0,unknown
4675,unknown,20,may,1063,2,-1,0,unknown
4676,unknown,20,may,446,2,-1,0,unknown
4677,unknown,20,may,144,2,-1,0,unknown
4678,unknown,20,may,196,6,-1,0,unknown
4679,unknown,20,may,165,2,-1,0,unknown
4680,unknown,20,may,314,2,-1,0,unknown
4681,unknown,20,may,723,2,-1,0,unknown
4682,unknown,20,may,1410,2,-1,0,unknown
4683,unknown,20,may,550,2,-1,0,unknown
4684,unknown,20,may,130,2,-1,0,unknown
4685,unknown,20,may,307,3,-1,0,unknown
4686,unknown,20,may,146,2,-1,0,unknown
4687,unknown,20,may,239,2,-1,0,unknown
4688,unknown,20,may,304,2,-1,0,unknown
4689,unknown,20,may,114,3,-1,0,unknown
4690,unknown,20,may,445,2,-1,0,unknown
4691,unknown,20,may,139,5,-1,0,unknown
4692,unknown,20,may,16,10,-1,0,unknown
4693,unknown,20,may,169,4,-1,0,unknown
4694,unknown,20,may,125,3,-1,0,unknown
4695,unknown,20,may,446,12,-1,0,unknown
4696,unknown,20,may,267,2,-1,0,unknown
4697,unknown,20,may,6,2,-1,0,unknown
4698,unknown,20,may,15,13,-1,0,unknown
4699,unknown,20,may,1287,2,-1,0,unknown
4700,unknown,20,may,172,4,-1,0,unknown
4701,unknown,20,may,268,3,-1,0,unknown
4702,unknown,20,may,89,3,-1,0,unknown
4703,unknown,20,may,102,2,-1,0,unknown
4704,unknown,20,may,91,6,-1,0,unknown
4705,unknown,20,may,465,8,-1,0,unknown
4706,unknown,20,may,274,2,-1,0,unknown
4707,unknown,20,may,191,7,-1,0,unknown
4708,unknown,20,may,300,3,-1,0,unknown
4709,unknown,20,may,236,2,-1,0,unknown
4710,unknown,20,may,614,2,-1,0,unknown
4711,unknown,20,may,363,5,-1,0,unknown
4712,unknown,20,may,418,2,-1,0,unknown
4713,unknown,20,may,229,2,-1,0,unknown
4714,unknown,20,may,221,2,-1,0,unknown
4715,unknown,20,may,130,2,-1,0,unknown
4716,unknown,20,may,96,2,-1,0,unknown
4717,unknown,20,may,119,3,-1,0,unknown
4718,unknown,20,may,103,3,-1,0,unknown
4719,unknown,20,may,843,2,-1,0,unknown
4720,unknown,20,may,484,2,-1,0,unknown
4721,unknown,20,may,485,3,-1,0,unknown
4722,unknown,20,may,175,2,-1,0,unknown
4723,unknown,20,may,138,2,-1,0,unknown
4724,unknown,20,may,243,2,-1,0,unknown
4725,unknown,20,may,919,2,-1,0,unknown
4726,unknown,20,may,203,2,-1,0,unknown
4727,unknown,20,may,247,2,-1,0,unknown
4728,unknown,20,may,89,2,-1,0,unknown
4729,unknown,20,may,185,12,-1,0,unknown
4730,unknown,20,may,777,3,-1,0,unknown
4731,unknown,20,may,340,3,-1,0,unknown
4732,unknown,20,may,135,2,-1,0,unknown
4733,unknown,20,may,241,3,-1,0,unknown
4734,unknown,20,may,165,2,-1,0,unknown
4735,unknown,20,may,26,2,-1,0,unknown
4736,unknown,20,may,109,6,-1,0,unknown
4737,unknown,20,may,350,4,-1,0,unknown
4738,unknown,20,may,51,7,-1,0,unknown
4739,unknown,20,may,226,2,-1,0,unknown
4740,unknown,20,may,47,3,-1,0,unknown
4741,unknown,20,may,167,2,-1,0,unknown
4742,unknown,20,may,214,10,-1,0,unknown
4743,unknown,20,may,446,7,-1,0,unknown
4744,unknown,20,may,414,2,-1,0,unknown
4745,unknown,20,may,153,2,-1,0,unknown
4746,unknown,20,may,181,6,-1,0,unknown
4747,unknown,20,may,747,5,-1,0,unknown
4748,unknown,20,may,214,1,-1,0,unknown
4749,unknown,20,may,270,1,-1,0,unknown
4750,unknown,20,may,37,13,-1,0,unknown
4751,unknown,20,may,129,8,-1,0,unknown
4752,unknown,20,may,72,3,-1,0,unknown
4753,unknown,20,may,1392,2,-1,0,unknown
4754,unknown,20,may,725,1,-1,0,unknown
4755,unknown,20,may,213,3,-1,0,unknown
4756,unknown,20,may,177,10,-1,0,unknown
4757,unknown,20,may,273,4,-1,0,unknown
4758,unknown,20,may,480,4,-1,0,unknown
4759,unknown,20,may,152,1,-1,0,unknown
4760,unknown,20,may,204,2,-1,0,unknown
4761,unknown,20,may,246,3,-1,0,unknown
4762,unknown,20,may,352,5,-1,0,unknown
4763,unknown,20,may,190,1,-1,0,unknown
4764,unknown,20,may,140,1,-1,0,unknown
4765,unknown,20,may,719,1,-1,0,unknown
4766,unknown,20,may,315,1,-1,0,unknown
4767,unknown,21,may,225,1,-1,0,unknown
4768,unknown,21,may,74,1,-1,0,unknown
4769,unknown,21,may,24,1,-1,0,unknown
4770,unknown,21,may,369,1,-1,0,unknown
4771,unknown,21,may,167,1,-1,0,unknown
4772,unknown,21,may,64,3,-1,0,unknown
4773,unknown,21,may,151,1,-1,0,unknown
4774,unknown,21,may,336,1,-1,0,unknown
4775,unknown,21,may,65,1,-1,0,unknown
4776,unknown,21,may,93,1,-1,0,unknown
4777,unknown,21,may,181,1,-1,0,unknown
4778,unknown,21,may,86,6,-1,0,unknown
4779,unknown,21,may,317,1,-1,0,unknown
4780,unknown,21,may,120,1,-1,0,unknown
4781,unknown,21,may,388,1,-1,0,unknown
4782,unknown,21,may,422,2,-1,0,unknown
4783,unknown,21,may,174,1,-1,0,unknown
4784,unknown,21,may,72,1,-1,0,unknown
4785,unknown,21,may,126,1,-1,0,unknown
4786,unknown,21,may,288,1,-1,0,unknown
4787,unknown,21,may,339,1,-1,0,unknown
4788,unknown,21,may,171,5,-1,0,unknown
4789,unknown,21,may,162,1,-1,0,unknown
4790,unknown,21,may,18,28,-1,0,unknown
4791,unknown,21,may,129,1,-1,0,unknown
4792,unknown,21,may,173,1,-1,0,unknown
4793,unknown,21,may,74,1,-1,0,unknown
4794,unknown,21,may,222,1,-1,0,unknown
4795,unknown,21,may,692,1,-1,0,unknown
4796,unknown,21,may,262,2,-1,0,unknown
4797,unknown,21,may,78,1,-1,0,unknown
4798,unknown,21,may,134,5,-1,0,unknown
4799,unknown,21,may,323,1,-1,0,unknown
4800,unknown,21,may,43,1,-1,0,unknown
4801,unknown,21,may,245,1,-1,0,unknown
4802,unknown,21,may,482,1,-1,0,unknown
4803,unknown,21,may,207,2,-1,0,unknown
4804,unknown,21,may,56,1,-1,0,unknown
4805,unknown,21,may,201,1,-1,0,unknown
4806,unknown,21,may,353,1,-1,0,unknown
4807,unknown,21,may,554,3,-1,0,unknown
4808,unknown,21,may,432,1,-1,0,unknown
4809,unknown,21,may,27,2,-1,0,unknown
4810,unknown,21,may,361,1,-1,0,unknown
4811,unknown,21,may,248,1,-1,0,unknown
4812,unknown,21,may,162,1,-1,0,unknown
4813,unknown,21,may,565,1,-1,0,unknown
4814,unknown,21,may,139,1,-1,0,unknown
4815,unknown,21,may,147,1,-1,0,unknown
4816,unknown,21,may,287,3,-1,0,unknown
4817,unknown,21,may,118,1,-1,0,unknown
4818,unknown,21,may,905,1,-1,0,unknown
4819,unknown,21,may,91,1,-1,0,unknown
4820,unknown,21,may,111,5,-1,0,unknown
4821,unknown,21,may,162,1,-1,0,unknown
4822,unknown,21,may,236,1,-1,0,unknown
4823,unknown,21,may,253,3,-1,0,unknown
4824,unknown,21,may,73,1,-1,0,unknown
4825,unknown,21,may,123,1,-1,0,unknown
4826,unknown,21,may,298,2,-1,0,unknown
4827,unknown,21,may,86,1,-1,0,unknown
4828,unknown,21,may,420,1,-1,0,unknown
4829,unknown,21,may,288,1,-1,0,unknown
4830,unknown,21,may,164,1,-1,0,unknown
4831,unknown,21,may,195,1,-1,0,unknown
4832,unknown,21,may,139,1,-1,0,unknown
4833,unknown,21,may,192,1,-1,0,unknown
4834,unknown,21,may,226,1,-1,0,unknown
4835,unknown,21,may,783,2,-1,0,unknown
4836,unknown,21,may,264,2,-1,0,unknown
4837,unknown,21,may,166,1,-1,0,unknown
4838,unknown,21,may,27,1,-1,0,unknown
4839,unknown,21,may,353,1,-1,0,unknown
4840,unknown,21,may,282,2,-1,0,unknown
4841,unknown,21,may,117,1,-1,0,unknown
4842,unknown,21,may,85,1,-1,0,unknown
4843,unknown,21,may,1106,1,-1,0,unknown
4844,unknown,21,may,419,1,-1,0,unknown
4845,unknown,21,may,32,11,-1,0,unknown
4846,unknown,21,may,179,1,-1,0,unknown
4847,unknown,21,may,872,5,-1,0,unknown
4848,unknown,21,may,114,1,-1,0,unknown
4849,unknown,21,may,52,1,-1,0,unknown
4850,unknown,21,may,490,1,-1,0,unknown
4851,unknown,21,may,63,1,-1,0,unknown
4852,unknown,21,may,27,10,-1,0,unknown
4853,unknown,21,may,425,1,-1,0,unknown
4854,unknown,21,may,189,2,-1,0,unknown
4855,unknown,21,may,12,11,-1,0,unknown
4856,unknown,21,may,255,1,-1,0,unknown
4857,unknown,21,may,103,1,-1,0,unknown
4858,unknown,21,may,210,1,-1,0,unknown
4859,unknown,21,may,261,1,-1,0,unknown
4860,unknown,21,may,115,2,-1,0,unknown
4861,unknown,21,may,641,1,-1,0,unknown
4862,unknown,21,may,83,1,-1,0,unknown
4863,unknown,21,may,370,1,-1,0,unknown
4864,unknown,21,may,287,1,-1,0,unknown
4865,unknown,21,may,103,2,-1,0,unknown
4866,unknown,21,may,958,2,-1,0,unknown
4867,unknown,21,may,232,1,-1,0,unknown
4868,unknown,21,may,68,1,-1,0,unknown
4869,unknown,21,may,192,1,-1,0,unknown
4870,unknown,21,may,494,3,-1,0,unknown
4871,unknown,21,may,166,7,-1,0,unknown
4872,unknown,21,may,151,2,-1,0,unknown
4873,unknown,21,may,204,1,-1,0,unknown
4874,unknown,21,may,217,1,-1,0,unknown
4875,unknown,21,may,180,1,-1,0,unknown
4876,unknown,21,may,494,2,-1,0,unknown
4877,unknown,21,may,530,2,-1,0,unknown
4878,unknown,21,may,759,1,-1,0,unknown
4879,unknown,21,may,85,1,-1,0,unknown
4880,unknown,21,may,137,2,-1,0,unknown
4881,unknown,21,may,445,2,-1,0,unknown
4882,unknown,21,may,345,1,-1,0,unknown
4883,unknown,21,may,16,1,-1,0,unknown
4884,unknown,21,may,32,1,-1,0,unknown
4885,unknown,21,may,648,1,-1,0,unknown
4886,unknown,21,may,29,1,-1,0,unknown
4887,unknown,21,may,220,1,-1,0,unknown
4888,unknown,21,may,151,1,-1,0,unknown
4889,unknown,21,may,290,2,-1,0,unknown
4890,unknown,21,may,121,1,-1,0,unknown
4891,unknown,21,may,717,3,-1,0,unknown
4892,unknown,21,may,249,1,-1,0,unknown
4893,unknown,21,may,228,1,-1,0,unknown
4894,unknown,21,may,122,1,-1,0,unknown
4895,unknown,21,may,544,1,-1,0,unknown
4896,unknown,21,may,951,2,-1,0,unknown
4897,unknown,21,may,412,1,-1,0,unknown
4898,unknown,21,may,211,1,-1,0,unknown
4899,unknown,21,may,264,1,-1,0,unknown
4900,unknown,21,may,97,1,-1,0,unknown
4901,unknown,21,may,160,1,-1,0,unknown
4902,unknown,21,may,192,1,-1,0,unknown
4903,unknown,21,may,230,1,-1,0,unknown
4904,unknown,21,may,97,1,-1,0,unknown
4905,unknown,21,may,578,2,-1,0,unknown
4906,unknown,21,may,359,1,-1,0,unknown
4907,unknown,21,may,244,1,-1,0,unknown
4908,unknown,21,may,111,1,-1,0,unknown
4909,unknown,21,may,487,5,-1,0,unknown
4910,unknown,21,may,311,1,-1,0,unknown
4911,unknown,21,may,396,1,-1,0,unknown
4912,unknown,21,may,59,8,-1,0,unknown
4913,unknown,21,may,111,3,-1,0,unknown
4914,unknown,21,may,502,1,-1,0,unknown
4915,unknown,21,may,202,6,-1,0,unknown
4916,unknown,21,may,795,1,-1,0,unknown
4917,unknown,21,may,135,1,-1,0,unknown
4918,unknown,21,may,29,1,-1,0,unknown
4919,unknown,21,may,136,1,-1,0,unknown
4920,unknown,21,may,103,2,-1,0,unknown
4921,unknown,21,may,171,1,-1,0,unknown
4922,unknown,21,may,229,2,-1,0,unknown
4923,unknown,21,may,112,2,-1,0,unknown
4924,unknown,21,may,93,1,-1,0,unknown
4925,unknown,21,may,61,1,-1,0,unknown
4926,unknown,21,may,35,1,-1,0,unknown
4927,unknown,21,may,7,12,-1,0,unknown
4928,unknown,21,may,51,2,-1,0,unknown
4929,unknown,21,may,17,7,-1,0,unknown
4930,unknown,21,may,504,1,-1,0,unknown
4931,unknown,21,may,726,1,-1,0,unknown
4932,unknown,21,may,542,1,-1,0,unknown
4933,unknown,21,may,226,1,-1,0,unknown
4934,unknown,21,may,153,1,-1,0,unknown
4935,unknown,21,may,112,1,-1,0,unknown
4936,unknown,21,may,158,2,-1,0,unknown
4937,unknown,21,may,250,2,-1,0,unknown
4938,unknown,21,may,294,2,-1,0,unknown
4939,unknown,21,may,303,3,-1,0,unknown
4940,unknown,21,may,343,1,-1,0,unknown
4941,unknown,21,may,828,4,-1,0,unknown
4942,unknown,21,may,206,1,-1,0,unknown
4943,unknown,21,may,786,2,-1,0,unknown
4944,unknown,21,may,509,1,-1,0,unknown
4945,unknown,21,may,161,4,-1,0,unknown
4946,unknown,21,may,125,3,-1,0,unknown
4947,unknown,21,may,63,2,-1,0,unknown
4948,unknown,21,may,649,2,-1,0,unknown
4949,unknown,21,may,159,1,-1,0,unknown
4950,unknown,21,may,211,1,-1,0,unknown
4951,unknown,21,may,68,1,-1,0,unknown
4952,unknown,21,may,293,1,-1,0,unknown
4953,unknown,21,may,389,1,-1,0,unknown
4954,unknown,21,may,240,1,-1,0,unknown
4955,unknown,21,may,145,1,-1,0,unknown
4956,unknown,21,may,59,2,-1,0,unknown
4957,unknown,21,may,39,2,-1,0,unknown
4958,unknown,21,may,272,2,-1,0,unknown
4959,unknown,21,may,140,2,-1,0,unknown
4960,unknown,21,may,53,3,-1,0,unknown
4961,unknown,21,may,44,3,-1,0,unknown
4962,unknown,21,may,212,2,-1,0,unknown
4963,unknown,21,may,57,2,-1,0,unknown
4964,unknown,21,may,45,13,-1,0,unknown
4965,unknown,21,may,738,3,-1,0,unknown
4966,unknown,21,may,102,3,-1,0,unknown
4967,unknown,21,may,161,2,-1,0,unknown
4968,unknown,21,may,383,2,-1,0,unknown
4969,unknown,21,may,1091,3,-1,0,unknown
4970,unknown,21,may,122,2,-1,0,unknown
4971,unknown,21,may,137,2,-1,0,unknown
4972,unknown,21,may,189,2,-1,0,unknown
4973,unknown,21,may,88,2,-1,0,unknown
4974,unknown,21,may,364,1,-1,0,unknown
4975,unknown,21,may,418,2,-1,0,unknown
4976,unknown,21,may,17,2,-1,0,unknown
4977,unknown,21,may,233,1,-1,0,unknown
4978,unknown,21,may,373,2,-1,0,unknown
4979,unknown,21,may,445,1,-1,0,unknown
4980,unknown,21,may,623,1,-1,0,unknown
4981,unknown,21,may,260,1,-1,0,unknown
4982,unknown,21,may,316,1,-1,0,unknown
4983,unknown,21,may,42,1,-1,0,unknown
4984,unknown,21,may,650,2,-1,0,unknown
4985,unknown,21,may,207,1,-1,0,unknown
4986,unknown,21,may,226,1,-1,0,unknown
4987,unknown,21,may,1307,1,-1,0,unknown
4988,unknown,21,may,104,1,-1,0,unknown
4989,unknown,21,may,143,1,-1,0,unknown
4990,unknown,21,may,187,5,-1,0,unknown
4991,unknown,21,may,748,1,-1,0,unknown
4992,unknown,21,may,486,2,-1,0,unknown
4993,unknown,21,may,492,1,-1,0,unknown
4994,unknown,21,may,485,1,-1,0,unknown
4995,unknown,21,may,110,2,-1,0,unknown
4996,unknown,21,may,304,1,-1,0,unknown
4997,unknown,21,may,51,2,-1,0,unknown
4998,unknown,21,may,836,12,-1,0,unknown
4999,unknown,21,may,394,2,-1,0,unknown
5000,unknown,21,may,125,1,-1,0,unknown
5001,unknown,21,may,288,1,-1,0,unknown
5002,unknown,21,may,315,1,-1,0,unknown
5003,unknown,21,may,506,2,-1,0,unknown
5004,unknown,21,may,354,5,-1,0,unknown
5005,unknown,21,may,154,4,-1,0,unknown
5006,unknown,21,may,184,2,-1,0,unknown
5007,unknown,21,may,563,2,-1,0,unknown
5008,unknown,21,may,450,1,-1,0,unknown
5009,unknown,21,may,34,3,-1,0,unknown
5010,unknown,21,may,518,1,-1,0,unknown
5011,unknown,21,may,371,1,-1,0,unknown
5012,unknown,21,may,111,4,-1,0,unknown
5013,unknown,21,may,176,4,-1,0,unknown
5014,unknown,21,may,196,1,-1,0,unknown
5015,unknown,21,may,85,1,-1,0,unknown
5016,unknown,21,may,91,2,-1,0,unknown
5017,unknown,21,may,252,2,-1,0,unknown
5018,unknown,21,may,172,2,-1,0,unknown
5019,unknown,21,may,265,1,-1,0,unknown
5020,unknown,21,may,114,2,-1,0,unknown
5021,unknown,21,may,899,1,-1,0,unknown
5022,unknown,21,may,588,2,-1,0,unknown
5023,unknown,21,may,393,1,-1,0,unknown
5024,unknown,21,may,857,1,-1,0,unknown
5025,unknown,21,may,205,2,-1,0,unknown
5026,unknown,21,may,216,1,-1,0,unknown
5027,unknown,21,may,164,2,-1,0,unknown
5028,unknown,21,may,162,1,-1,0,unknown
5029,unknown,21,may,178,1,-1,0,unknown
5030,unknown,21,may,127,1,-1,0,unknown
5031,unknown,21,may,38,12,-1,0,unknown
5032,unknown,21,may,127,2,-1,0,unknown
5033,unknown,21,may,660,1,-1,0,unknown
5034,unknown,21,may,1681,1,-1,0,unknown
5035,unknown,21,may,1409,3,-1,0,unknown
5036,unknown,21,may,208,3,-1,0,unknown
5037,unknown,21,may,171,1,-1,0,unknown
5038,unknown,21,may,272,1,-1,0,unknown
5039,unknown,21,may,143,2,-1,0,unknown
5040,unknown,21,may,150,1,-1,0,unknown
5041,unknown,21,may,572,1,-1,0,unknown
5042,unknown,21,may,573,1,-1,0,unknown
5043,unknown,21,may,244,1,-1,0,unknown
5044,unknown,21,may,384,3,-1,0,unknown
5045,unknown,21,may,240,3,-1,0,unknown
5046,unknown,21,may,641,1,-1,0,unknown
5047,unknown,21,may,269,2,-1,0,unknown
5048,unknown,21,may,488,1,-1,0,unknown
5049,unknown,21,may,83,1,-1,0,unknown
5050,unknown,21,may,811,2,-1,0,unknown
5051,unknown,21,may,44,5,-1,0,unknown
5052,unknown,21,may,681,3,-1,0,unknown
5053,unknown,21,may,443,2,-1,0,unknown
5054,unknown,21,may,1162,2,-1,0,unknown
5055,unknown,21,may,1697,2,-1,0,unknown
5056,unknown,21,may,244,2,-1,0,unknown
5057,unknown,21,may,860,2,-1,0,unknown
5058,unknown,21,may,295,1,-1,0,unknown
5059,unknown,21,may,139,2,-1,0,unknown
5060,unknown,21,may,154,2,-1,0,unknown
5061,unknown,21,may,86,2,-1,0,unknown
5062,unknown,21,may,65,3,-1,0,unknown
5063,unknown,21,may,113,2,-1,0,unknown
5064,unknown,21,may,83,2,-1,0,unknown
5065,unknown,21,may,291,2,-1,0,unknown
5066,unknown,21,may,394,2,-1,0,unknown
5067,unknown,21,may,72,3,-1,0,unknown
5068,unknown,21,may,151,2,-1,0,unknown
5069,unknown,21,may,312,2,-1,0,unknown
5070,unknown,21,may,56,3,-1,0,unknown
5071,unknown,21,may,474,2,-1,0,unknown
5072,unknown,21,may,189,2,-1,0,unknown
5073,unknown,21,may,1094,55,-1,0,unknown
5074,unknown,21,may,155,4,-1,0,unknown
5075,unknown,21,may,91,3,-1,0,unknown
5076,unknown,21,may,232,2,-1,0,unknown
5077,unknown,21,may,446,2,-1,0,unknown
5078,unknown,21,may,153,4,-1,0,unknown
5079,unknown,21,may,111,5,-1,0,unknown
5080,unknown,21,may,210,2,-1,0,unknown
5081,unknown,21,may,72,3,-1,0,unknown
5082,unknown,21,may,213,2,-1,0,unknown
5083,unknown,21,may,205,2,-1,0,unknown
5084,unknown,21,may,166,2,-1,0,unknown
5085,unknown,21,may,142,2,-1,0,unknown
5086,unknown,21,may,237,2,-1,0,unknown
5087,unknown,21,may,230,2,-1,0,unknown
5088,unknown,21,may,96,2,-1,0,unknown
5089,unknown,21,may,162,3,-1,0,unknown
5090,unknown,21,may,239,2,-1,0,unknown
5091,unknown,21,may,222,5,-1,0,unknown
5092,unknown,21,may,127,2,-1,0,unknown
5093,unknown,21,may,69,4,-1,0,unknown
5094,unknown,21,may,501,2,-1,0,unknown
5095,unknown,21,may,192,1,-1,0,unknown
5096,unknown,21,may,273,1,-1,0,unknown
5097,unknown,21,may,281,1,-1,0,unknown
5098,unknown,21,may,175,2,-1,0,unknown
5099,unknown,21,may,465,11,-1,0,unknown
5100,unknown,21,may,175,2,-1,0,unknown
5101,unknown,21,may,116,1,-1,0,unknown
5102,unknown,21,may,87,14,-1,0,unknown
5103,unknown,21,may,206,3,-1,0,unknown
5104,unknown,21,may,292,2,-1,0,unknown
5105,unknown,21,may,49,1,-1,0,unknown
5106,unknown,21,may,198,1,-1,0,unknown
5107,unknown,21,may,23,16,-1,0,unknown
5108,unknown,21,may,575,2,-1,0,unknown
5109,unknown,21,may,67,5,-1,0,unknown
5110,unknown,21,may,248,3,-1,0,unknown
5111,unknown,21,may,108,2,-1,0,unknown
5112,unknown,21,may,373,3,-1,0,unknown
5113,unknown,21,may,112,2,-1,0,unknown
5114,unknown,21,may,395,2,-1,0,unknown
5115,unknown,21,may,229,2,-1,0,unknown
5116,unknown,21,may,163,2,-1,0,unknown
5117,unknown,21,may,27,10,-1,0,unknown
5118,unknown,21,may,135,2,-1,0,unknown
5119,unknown,21,may,357,2,-1,0,unknown
5120,unknown,21,may,965,2,-1,0,unknown
5121,unknown,21,may,379,2,-1,0,unknown
5122,unknown,21,may,152,3,-1,0,unknown
5123,unknown,21,may,36,2,-1,0,unknown
5124,unknown,21,may,206,3,-1,0,unknown
5125,unknown,21,may,389,2,-1,0,unknown
5126,unknown,21,may,314,2,-1,0,unknown
5127,unknown,21,may,66,2,-1,0,unknown
5128,unknown,21,may,86,2,-1,0,unknown
5129,unknown,21,may,489,2,-1,0,unknown
5130,unknown,21,may,85,4,-1,0,unknown
5131,unknown,21,may,117,3,-1,0,unknown
5132,unknown,21,may,149,3,-1,0,unknown
5133,unknown,21,may,634,2,-1,0,unknown
5134,unknown,21,may,173,2,-1,0,unknown
5135,unknown,21,may,175,2,-1,0,unknown
5136,unknown,21,may,151,1,-1,0,unknown
5137,unknown,21,may,987,3,-1,0,unknown
5138,unknown,21,may,66,13,-1,0,unknown
5139,unknown,21,may,139,2,-1,0,unknown
5140,unknown,21,may,281,15,-1,0,unknown
5141,unknown,21,may,132,1,-1,0,unknown
5142,unknown,21,may,369,2,-1,0,unknown
5143,unknown,21,may,88,3,-1,0,unknown
5144,unknown,21,may,799,1,-1,0,unknown
5145,unknown,21,may,671,3,-1,0,unknown
5146,unknown,21,may,397,9,-1,0,unknown
5147,unknown,21,may,703,1,-1,0,unknown
5148,unknown,21,may,935,1,-1,0,unknown
5149,unknown,21,may,189,2,-1,0,unknown
5150,unknown,21,may,165,2,-1,0,unknown
5151,unknown,21,may,144,2,-1,0,unknown
5152,unknown,21,may,21,3,-1,0,unknown
5153,unknown,21,may,234,2,-1,0,unknown
5154,unknown,21,may,81,2,-1,0,unknown
5155,unknown,21,may,59,2,-1,0,unknown
5156,unknown,21,may,97,8,-1,0,unknown
5157,unknown,21,may,233,3,-1,0,unknown
5158,unknown,21,may,1161,4,-1,0,unknown
5159,unknown,21,may,265,2,-1,0,unknown
5160,unknown,21,may,173,3,-1,0,unknown
5161,unknown,21,may,178,3,-1,0,unknown
5162,unknown,21,may,611,2,-1,0,unknown
5163,unknown,21,may,45,10,-1,0,unknown
5164,unknown,21,may,203,2,-1,0,unknown
5165,unknown,21,may,86,2,-1,0,unknown
5166,unknown,21,may,254,3,-1,0,unknown
5167,unknown,21,may,72,5,-1,0,unknown
5168,unknown,21,may,239,4,-1,0,unknown
5169,unknown,21,may,207,3,-1,0,unknown
5170,unknown,21,may,713,4,-1,0,unknown
5171,unknown,21,may,98,5,-1,0,unknown
5172,unknown,21,may,165,2,-1,0,unknown
5173,unknown,21,may,260,5,-1,0,unknown
5174,unknown,21,may,923,3,-1,0,unknown
5175,unknown,21,may,281,3,-1,0,unknown
5176,unknown,21,may,150,3,-1,0,unknown
5177,unknown,21,may,433,3,-1,0,unknown
5178,unknown,21,may,202,3,-1,0,unknown
5179,unknown,21,may,227,3,-1,0,unknown
5180,unknown,21,may,30,12,-1,0,unknown
5181,unknown,21,may,218,7,-1,0,unknown
5182,unknown,21,may,206,6,-1,0,unknown
5183,unknown,21,may,362,5,-1,0,unknown
5184,unknown,21,may,315,3,-1,0,unknown
5185,unknown,21,may,672,6,-1,0,unknown
5186,unknown,21,may,250,4,-1,0,unknown
5187,unknown,21,may,700,3,-1,0,unknown
5188,unknown,21,may,154,5,-1,0,unknown
5189,unknown,21,may,190,5,-1,0,unknown
5190,unknown,21,may,20,8,-1,0,unknown
5191,unknown,21,may,168,3,-1,0,unknown
5192,unknown,21,may,363,6,-1,0,unknown
5193,unknown,21,may,339,3,-1,0,unknown
5194,unknown,21,may,521,3,-1,0,unknown
5195,unknown,21,may,135,2,-1,0,unknown
5196,unknown,21,may,420,2,-1,0,unknown
5197,unknown,21,may,110,4,-1,0,unknown
5198,unknown,21,may,142,10,-1,0,unknown
5199,unknown,21,may,173,6,-1,0,unknown
5200,unknown,21,may,291,4,-1,0,unknown
5201,unknown,21,may,322,2,-1,0,unknown
5202,unknown,21,may,339,10,-1,0,unknown
5203,unknown,21,may,304,2,-1,0,unknown
5204,unknown,21,may,526,8,-1,0,unknown
5205,unknown,23,may,78,10,-1,0,unknown
5206,unknown,23,may,93,4,-1,0,unknown
5207,unknown,23,may,219,4,-1,0,unknown
5208,unknown,23,may,72,5,-1,0,unknown
5209,unknown,23,may,72,3,-1,0,unknown
5210,unknown,23,may,42,3,-1,0,unknown
5211,unknown,23,may,407,14,-1,0,unknown
5212,unknown,23,may,136,2,-1,0,unknown
5213,unknown,23,may,158,3,-1,0,unknown
5214,unknown,23,may,48,5,-1,0,unknown
5215,unknown,23,may,86,2,-1,0,unknown
5216,unknown,23,may,201,2,-1,0,unknown
5217,unknown,23,may,214,3,-1,0,unknown
5218,unknown,23,may,350,5,-1,0,unknown
5219,unknown,23,may,253,2,-1,0,unknown
5220,unknown,23,may,329,2,-1,0,unknown
5221,unknown,23,may,110,3,-1,0,unknown
5222,unknown,23,may,259,9,-1,0,unknown
5223,unknown,23,may,363,2,-1,0,unknown
5224,unknown,23,may,149,1,-1,0,unknown
5225,unknown,23,may,174,1,-1,0,unknown
5226,unknown,23,may,260,3,-1,0,unknown
5227,unknown,23,may,92,1,-1,0,unknown
5228,unknown,23,may,245,1,-1,0,unknown
5229,unknown,23,may,260,1,-1,0,unknown
5230,unknown,23,may,346,1,-1,0,unknown
5231,unknown,23,may,271,1,-1,0,unknown
5232,unknown,23,may,203,1,-1,0,unknown
5233,unknown,23,may,206,1,-1,0,unknown
5234,unknown,23,may,218,1,-1,0,unknown
5235,unknown,23,may,621,1,-1,0,unknown
5236,unknown,23,may,1349,8,-1,0,unknown
5237,unknown,23,may,385,1,-1,0,unknown
5238,unknown,23,may,509,1,-1,0,unknown
5239,unknown,23,may,395,1,-1,0,unknown
5240,unknown,23,may,38,1,-1,0,unknown
5241,unknown,23,may,125,1,-1,0,unknown
5242,unknown,23,may,128,1,-1,0,unknown
5243,unknown,23,may,30,10,-1,0,unknown
5244,unknown,23,may,246,4,-1,0,unknown
5245,unknown,23,may,136,1,-1,0,unknown
5246,unknown,23,may,132,1,-1,0,unknown
5247,unknown,23,may,3,3,-1,0,unknown
5248,unknown,23,may,1171,1,-1,0,unknown
5249,unknown,23,may,107,1,-1,0,unknown
5250,unknown,23,may,217,1,-1,0,unknown
5251,unknown,23,may,736,2,-1,0,unknown
5252,unknown,23,may,121,2,-1,0,unknown
5253,unknown,23,may,154,2,-1,0,unknown
5254,unknown,23,may,98,1,-1,0,unknown
5255,unknown,23,may,189,1,-1,0,unknown
5256,unknown,23,may,89,1,-1,0,unknown
5257,unknown,23,may,164,1,-1,0,unknown
5258,unknown,23,may,412,6,-1,0,unknown
5259,unknown,23,may,302,1,-1,0,unknown
5260,unknown,23,may,192,1,-1,0,unknown
5261,unknown,23,may,90,1,-1,0,unknown
5262,unknown,23,may,145,4,-1,0,unknown
5263,unknown,23,may,350,1,-1,0,unknown
5264,unknown,23,may,203,1,-1,0,unknown
5265,unknown,23,may,254,1,-1,0,unknown
5266,unknown,23,may,230,1,-1,0,unknown
5267,unknown,23,may,373,1,-1,0,unknown
5268,unknown,23,may,183,1,-1,0,unknown
5269,unknown,23,may,72,2,-1,0,unknown
5270,unknown,23,may,534,1,-1,0,unknown
5271,unknown,23,may,445,1,-1,0,unknown
5272,unknown,23,may,193,2,-1,0,unknown
5273,unknown,23,may,76,2,-1,0,unknown
5274,unknown,23,may,268,1,-1,0,unknown
5275,unknown,23,may,154,1,-1,0,unknown
5276,unknown,23,may,785,1,-1,0,unknown
5277,unknown,23,may,298,1,-1,0,unknown
5278,unknown,23,may,157,1,-1,0,unknown
5279,unknown,23,may,286,1,-1,0,unknown
5280,unknown,23,may,442,1,-1,0,unknown
5281,unknown,23,may,206,1,-1,0,unknown
5282,unknown,23,may,299,1,-1,0,unknown
5283,unknown,23,may,1073,1,-1,0,unknown
5284,unknown,23,may,162,1,-1,0,unknown
5285,unknown,23,may,504,1,-1,0,unknown
5286,unknown,23,may,488,1,-1,0,unknown
5287,unknown,23,may,190,1,-1,0,unknown
5288,unknown,23,may,139,1,-1,0,unknown
5289,unknown,23,may,425,1,-1,0,unknown
5290,unknown,23,may,290,1,-1,0,unknown
5291,unknown,23,may,152,1,-1,0,unknown
5292,unknown,23,may,168,1,-1,0,unknown
5293,unknown,23,may,298,1,-1,0,unknown
5294,unknown,23,may,204,1,-1,0,unknown
5295,unknown,23,may,313,1,-1,0,unknown
5296,unknown,23,may,322,1,-1,0,unknown
5297,unknown,23,may,530,1,-1,0,unknown
5298,unknown,23,may,237,1,-1,0,unknown
5299,unknown,23,may,360,1,-1,0,unknown
5300,unknown,23,may,57,1,-1,0,unknown
5301,unknown,23,may,700,1,-1,0,unknown
5302,unknown,23,may,601,1,-1,0,unknown
5303,unknown,23,may,231,1,-1,0,unknown
5304,unknown,23,may,135,1,-1,0,unknown
5305,unknown,23,may,86,2,-1,0,unknown
5306,unknown,23,may,256,1,-1,0,unknown
5307,unknown,23,may,157,1,-1,0,unknown
5308,unknown,23,may,55,1,-1,0,unknown
5309,unknown,23,may,415,1,-1,0,unknown
5310,unknown,23,may,293,1,-1,0,unknown
5311,unknown,23,may,816,2,-1,0,unknown
5312,unknown,23,may,100,1,-1,0,unknown
5313,unknown,23,may,297,1,-1,0,unknown
5314,unknown,23,may,191,1,-1,0,unknown
5315,unknown,23,may,58,1,-1,0,unknown
5316,unknown,23,may,152,1,-1,0,unknown
5317,unknown,23,may,98,1,-1,0,unknown
5318,unknown,23,may,533,1,-1,0,unknown
5319,unknown,23,may,28,3,-1,0,unknown
5320,unknown,23,may,63,1,-1,0,unknown
5321,unknown,23,may,135,2,-1,0,unknown
5322,unknown,23,may,202,2,-1,0,unknown
5323,unknown,23,may,181,1,-1,0,unknown
5324,unknown,23,may,240,2,-1,0,unknown
5325,unknown,23,may,354,4,-1,0,unknown
5326,unknown,23,may,293,2,-1,0,unknown
5327,unknown,23,may,108,5,-1,0,unknown
5328,unknown,23,may,275,2,-1,0,unknown
5329,unknown,23,may,23,1,-1,0,unknown
5330,unknown,23,may,263,2,-1,0,unknown
5331,unknown,23,may,85,1,-1,0,unknown
5332,unknown,23,may,319,3,-1,0,unknown
5333,unknown,23,may,242,3,-1,0,unknown
5334,unknown,23,may,236,2,-1,0,unknown
5335,unknown,23,may,246,3,-1,0,unknown
5336,unknown,23,may,83,1,-1,0,unknown
5337,unknown,23,may,391,1,-1,0,unknown
5338,unknown,23,may,230,2,-1,0,unknown
5339,unknown,23,may,130,1,-1,0,unknown
5340,unknown,23,may,293,1,-1,0,unknown
5341,unknown,23,may,245,1,-1,0,unknown
5342,unknown,23,may,924,1,-1,0,unknown
5343,unknown,23,may,317,1,-1,0,unknown
5344,unknown,23,may,134,2,-1,0,unknown
5345,unknown,23,may,110,2,-1,0,unknown
5346,unknown,23,may,37,1,-1,0,unknown
5347,unknown,23,may,188,1,-1,0,unknown
5348,unknown,23,may,911,2,-1,0,unknown
5349,unknown,23,may,206,1,-1,0,unknown
5350,unknown,23,may,160,2,-1,0,unknown
5351,unknown,23,may,156,2,-1,0,unknown
5352,unknown,23,may,314,3,-1,0,unknown
5353,unknown,23,may,268,1,-1,0,unknown
5354,unknown,23,may,78,1,-1,0,unknown
5355,unknown,23,may,115,2,-1,0,unknown
5356,unknown,23,may,99,3,-1,0,unknown
5357,unknown,23,may,173,1,-1,0,unknown
5358,unknown,23,may,95,1,-1,0,unknown
5359,unknown,23,may,14,2,-1,0,unknown
5360,unknown,23,may,230,1,-1,0,unknown
5361,unknown,23,may,438,1,-1,0,unknown
5362,unknown,23,may,35,1,-1,0,unknown
5363,unknown,23,may,111,2,-1,0,unknown
5364,unknown,23,may,463,2,-1,0,unknown
5365,unknown,23,may,252,1,-1,0,unknown
5366,unknown,23,may,881,2,-1,0,unknown
5367,unknown,23,may,66,1,-1,0,unknown
5368,unknown,23,may,234,2,-1,0,unknown
5369,unknown,23,may,691,1,-1,0,unknown
5370,unknown,23,may,81,1,-1,0,unknown
5371,unknown,23,may,270,1,-1,0,unknown
5372,unknown,23,may,153,1,-1,0,unknown
5373,unknown,23,may,65,1,-1,0,unknown
5374,unknown,23,may,390,1,-1,0,unknown
5375,unknown,23,may,249,1,-1,0,unknown
5376,unknown,23,may,31,1,-1,0,unknown
5377,unknown,23,may,161,1,-1,0,unknown
5378,unknown,23,may,397,1,-1,0,unknown
5379,unknown,23,may,227,1,-1,0,unknown
5380,unknown,23,may,7,1,-1,0,unknown
5381,unknown,23,may,465,1,-1,0,unknown
5382,unknown,23,may,98,1,-1,0,unknown
5383,unknown,23,may,665,1,-1,0,unknown
5384,unknown,23,may,80,1,-1,0,unknown
5385,unknown,23,may,164,1,-1,0,unknown
5386,unknown,23,may,145,1,-1,0,unknown
5387,unknown,23,may,25,2,-1,0,unknown
5388,unknown,23,may,76,2,-1,0,unknown
5389,unknown,23,may,163,3,-1,0,unknown
5390,unknown,23,may,152,2,-1,0,unknown
5391,unknown,23,may,27,1,-1,0,unknown
5392,unknown,23,may,281,2,-1,0,unknown
5393,unknown,23,may,284,2,-1,0,unknown
5394,unknown,23,may,378,2,-1,0,unknown
5395,unknown,23,may,353,1,-1,0,unknown
5396,unknown,23,may,83,2,-1,0,unknown
5397,unknown,23,may,50,3,-1,0,unknown
5398,unknown,23,may,496,4,-1,0,unknown
5399,unknown,23,may,141,6,-1,0,unknown
5400,unknown,23,may,139,2,-1,0,unknown
5401,unknown,23,may,122,5,-1,0,unknown
5402,unknown,23,may,59,3,-1,0,unknown
5403,unknown,23,may,258,5,-1,0,unknown
5404,unknown,23,may,110,1,-1,0,unknown
5405,unknown,23,may,466,2,-1,0,unknown
5406,unknown,23,may,254,1,-1,0,unknown
5407,unknown,23,may,250,1,-1,0,unknown
5408,unknown,23,may,79,1,-1,0,unknown
5409,unknown,23,may,260,4,-1,0,unknown
5410,unknown,23,may,250,3,-1,0,unknown
5411,unknown,23,may,563,1,-1,0,unknown
5412,unknown,23,may,147,14,-1,0,unknown
5413,unknown,23,may,125,3,-1,0,unknown
5414,unknown,23,may,71,1,-1,0,unknown
5415,unknown,23,may,556,1,-1,0,unknown
5416,unknown,23,may,456,2,-1,0,unknown
5417,unknown,23,may,268,1,-1,0,unknown
5418,unknown,23,may,159,2,-1,0,unknown
5419,unknown,23,may,148,2,-1,0,unknown
5420,unknown,23,may,448,1,-1,0,unknown
5421,unknown,23,may,249,3,-1,0,unknown
5422,unknown,23,may,160,1,-1,0,unknown
5423,unknown,23,may,115,4,-1,0,unknown
5424,unknown,23,may,290,3,-1,0,unknown
5425,unknown,23,may,140,2,-1,0,unknown
5426,unknown,23,may,57,4,-1,0,unknown
5427,unknown,23,may,811,1,-1,0,unknown
5428,unknown,23,may,108,3,-1,0,unknown
5429,unknown,23,may,288,3,-1,0,unknown
5430,unknown,23,may,1003,1,-1,0,unknown
5431,unknown,23,may,542,2,-1,0,unknown
5432,unknown,23,may,541,2,-1,0,unknown
5433,unknown,23,may,198,2,-1,0,unknown
5434,unknown,23,may,302,1,-1,0,unknown
5435,unknown,23,may,268,1,-1,0,unknown
5436,unknown,23,may,154,2,-1,0,unknown
5437,unknown,23,may,216,2,-1,0,unknown
5438,unknown,23,may,206,3,-1,0,unknown
5439,unknown,23,may,28,18,-1,0,unknown
5440,unknown,23,may,210,2,-1,0,unknown
5441,unknown,23,may,186,1,-1,0,unknown
5442,unknown,23,may,472,1,-1,0,unknown
5443,unknown,23,may,189,2,-1,0,unknown
5444,unknown,23,may,215,2,-1,0,unknown
5445,unknown,23,may,216,1,-1,0,unknown
5446,unknown,23,may,174,1,-1,0,unknown
5447,unknown,23,may,926,1,-1,0,unknown
5448,unknown,23,may,235,2,-1,0,unknown
5449,unknown,23,may,116,2,-1,0,unknown
5450,unknown,23,may,228,2,-1,0,unknown
5451,unknown,23,may,150,6,-1,0,unknown
5452,unknown,23,may,411,3,-1,0,unknown
5453,unknown,23,may,302,3,-1,0,unknown
5454,unknown,23,may,253,2,-1,0,unknown
5455,unknown,23,may,138,6,-1,0,unknown
5456,unknown,23,may,824,2,-1,0,unknown
5457,unknown,23,may,493,13,-1,0,unknown
5458,unknown,23,may,345,3,-1,0,unknown
5459,unknown,23,may,147,50,-1,0,unknown
5460,unknown,23,may,773,2,-1,0,unknown
5461,unknown,23,may,574,5,-1,0,unknown
5462,unknown,23,may,122,6,-1,0,unknown
5463,unknown,23,may,193,2,-1,0,unknown
5464,unknown,23,may,343,4,-1,0,unknown
5465,unknown,23,may,111,1,-1,0,unknown
5466,unknown,23,may,166,1,-1,0,unknown
5467,unknown,23,may,469,2,-1,0,unknown
5468,unknown,23,may,189,2,-1,0,unknown
5469,unknown,23,may,106,6,-1,0,unknown
5470,unknown,23,may,1030,1,-1,0,unknown
5471,unknown,23,may,178,1,-1,0,unknown
5472,unknown,23,may,364,2,-1,0,unknown
5473,unknown,23,may,101,5,-1,0,unknown
5474,unknown,23,may,224,4,-1,0,unknown
5475,unknown,23,may,187,1,-1,0,unknown
5476,unknown,23,may,451,4,-1,0,unknown
5477,unknown,23,may,226,2,-1,0,unknown
5478,unknown,23,may,301,2,-1,0,unknown
5479,unknown,23,may,97,1,-1,0,unknown
5480,unknown,23,may,24,1,-1,0,unknown
5481,unknown,23,may,922,2,-1,0,unknown
5482,unknown,23,may,232,1,-1,0,unknown
5483,unknown,23,may,893,3,-1,0,unknown
5484,unknown,23,may,201,3,-1,0,unknown
5485,unknown,23,may,83,2,-1,0,unknown
5486,unknown,23,may,339,2,-1,0,unknown
5487,unknown,23,may,13,5,-1,0,unknown
5488,unknown,23,may,54,1,-1,0,unknown
5489,unknown,23,may,242,3,-1,0,unknown
5490,unknown,23,may,55,4,-1,0,unknown
5491,unknown,23,may,229,1,-1,0,unknown
5492,unknown,23,may,208,1,-1,0,unknown
5493,unknown,23,may,210,1,-1,0,unknown
5494,unknown,23,may,423,2,-1,0,unknown
5495,unknown,23,may,109,2,-1,0,unknown
5496,unknown,23,may,233,2,-1,0,unknown
5497,unknown,23,may,209,3,-1,0,unknown
5498,unknown,23,may,114,4,-1,0,unknown
5499,unknown,23,may,588,3,-1,0,unknown
5500,unknown,23,may,274,2,-1,0,unknown
5501,unknown,23,may,353,2,-1,0,unknown
5502,unknown,23,may,83,3,-1,0,unknown
5503,unknown,23,may,539,2,-1,0,unknown
5504,unknown,23,may,123,2,-1,0,unknown
5505,unknown,23,may,327,2,-1,0,unknown
5506,unknown,23,may,167,4,-1,0,unknown
5507,unknown,23,may,20,17,-1,0,unknown
5508,unknown,23,may,208,2,-1,0,unknown
5509,unknown,23,may,117,2,-1,0,unknown
5510,unknown,23,may,304,2,-1,0,unknown
5511,unknown,23,may,82,7,-1,0,unknown
5512,unknown,23,may,131,1,-1,0,unknown
5513,unknown,23,may,25,14,-1,0,unknown
5514,unknown,23,may,76,4,-1,0,unknown
5515,unknown,23,may,777,2,-1,0,unknown
5516,unknown,23,may,178,1,-1,0,unknown
5517,unknown,23,may,29,1,-1,0,unknown
5518,unknown,23,may,199,2,-1,0,unknown
5519,unknown,23,may,488,1,-1,0,unknown
5520,unknown,23,may,173,1,-1,0,unknown
5521,unknown,23,may,157,1,-1,0,unknown
5522,unknown,23,may,700,3,-1,0,unknown
5523,unknown,23,may,281,1,-1,0,unknown
5524,unknown,23,may,132,2,-1,0,unknown
5525,unknown,23,may,328,3,-1,0,unknown
5526,unknown,23,may,339,1,-1,0,unknown
5527,unknown,23,may,211,3,-1,0,unknown
5528,unknown,23,may,160,3,-1,0,unknown
5529,unknown,23,may,138,6,-1,0,unknown
5530,unknown,23,may,128,1,-1,0,unknown
5531,unknown,23,may,553,2,-1,0,unknown
5532,unknown,23,may,247,1,-1,0,unknown
5533,unknown,23,may,50,3,-1,0,unknown
5534,unknown,23,may,169,2,-1,0,unknown
5535,unknown,23,may,253,1,-1,0,unknown
5536,unknown,23,may,153,4,-1,0,unknown
5537,unknown,23,may,373,9,-1,0,unknown
5538,unknown,23,may,241,2,-1,0,unknown
5539,unknown,23,may,211,4,-1,0,unknown
5540,unknown,23,may,316,4,-1,0,unknown
5541,unknown,23,may,493,2,-1,0,unknown
5542,unknown,23,may,597,6,-1,0,unknown
5543,unknown,23,may,107,2,-1,0,unknown
5544,unknown,23,may,164,6,-1,0,unknown
5545,unknown,23,may,1438,2,-1,0,unknown
5546,unknown,23,may,1015,3,-1,0,unknown
5547,unknown,23,may,159,3,-1,0,unknown
5548,unknown,23,may,172,3,-1,0,unknown
5549,unknown,23,may,331,2,-1,0,unknown
5550,unknown,23,may,29,3,-1,0,unknown
5551,unknown,23,may,76,2,-1,0,unknown
5552,unknown,23,may,937,3,-1,0,unknown
5553,unknown,23,may,154,3,-1,0,unknown
5554,unknown,23,may,185,4,-1,0,unknown
5555,unknown,23,may,569,3,-1,0,unknown
5556,unknown,23,may,333,2,-1,0,unknown
5557,unknown,23,may,70,6,-1,0,unknown
5558,unknown,23,may,95,4,-1,0,unknown
5559,unknown,23,may,160,3,-1,0,unknown
5560,unknown,23,may,209,3,-1,0,unknown
5561,unknown,23,may,372,3,-1,0,unknown
5562,unknown,23,may,92,3,-1,0,unknown
5563,unknown,23,may,277,2,-1,0,unknown
5564,unknown,23,may,178,2,-1,0,unknown
5565,unknown,23,may,95,14,-1,0,unknown
5566,unknown,23,may,138,4,-1,0,unknown
5567,unknown,23,may,63,2,-1,0,unknown
5568,unknown,23,may,67,13,-1,0,unknown
5569,unknown,23,may,77,3,-1,0,unknown
5570,unknown,23,may,105,2,-1,0,unknown
5571,unknown,23,may,292,2,-1,0,unknown
5572,unknown,23,may,57,5,-1,0,unknown
5573,unknown,23,may,151,9,-1,0,unknown
5574,unknown,23,may,331,3,-1,0,unknown
5575,unknown,23,may,1392,2,-1,0,unknown
5576,unknown,23,may,59,3,-1,0,unknown
5577,unknown,23,may,98,2,-1,0,unknown
5578,unknown,23,may,100,4,-1,0,unknown
5579,unknown,23,may,358,2,-1,0,unknown
5580,unknown,23,may,181,16,-1,0,unknown
5581,unknown,23,may,188,6,-1,0,unknown
5582,unknown,23,may,368,5,-1,0,unknown
5583,unknown,23,may,203,5,-1,0,unknown
5584,unknown,23,may,146,4,-1,0,unknown
5585,unknown,23,may,61,2,-1,0,unknown
5586,unknown,23,may,129,6,-1,0,unknown
5587,unknown,23,may,247,3,-1,0,unknown
5588,unknown,23,may,266,2,-1,0,unknown
5589,unknown,23,may,559,3,-1,0,unknown
5590,unknown,23,may,162,3,-1,0,unknown
5591,unknown,23,may,75,3,-1,0,unknown
5592,unknown,23,may,204,4,-1,0,unknown
5593,unknown,23,may,84,3,-1,0,unknown
5594,unknown,23,may,248,4,-1,0,unknown
5595,unknown,23,may,82,2,-1,0,unknown
5596,unknown,23,may,259,2,-1,0,unknown
5597,unknown,23,may,146,3,-1,0,unknown
5598,unknown,23,may,703,2,-1,0,unknown
5599,unknown,23,may,100,4,-1,0,unknown
5600,unknown,23,may,348,2,-1,0,unknown
5601,unknown,23,may,146,6,-1,0,unknown
5602,unknown,23,may,34,2,-1,0,unknown
5603,unknown,23,may,297,3,-1,0,unknown
5604,unknown,23,may,22,2,-1,0,unknown
5605,unknown,23,may,106,3,-1,0,unknown
5606,unknown,23,may,253,2,-1,0,unknown
5607,unknown,23,may,465,4,-1,0,unknown
5608,unknown,23,may,163,3,-1,0,unknown
5609,unknown,23,may,104,5,-1,0,unknown
5610,unknown,23,may,213,4,-1,0,unknown
5611,unknown,23,may,74,4,-1,0,unknown
5612,unknown,23,may,245,4,-1,0,unknown
5613,unknown,23,may,252,5,-1,0,unknown
5614,unknown,23,may,118,3,-1,0,unknown
5615,unknown,23,may,146,13,-1,0,unknown
5616,unknown,23,may,317,4,-1,0,unknown
5617,unknown,23,may,93,8,-1,0,unknown
5618,unknown,23,may,116,5,-1,0,unknown
5619,unknown,23,may,386,2,-1,0,unknown
5620,unknown,23,may,283,11,-1,0,unknown
5621,unknown,23,may,146,4,-1,0,unknown
5622,unknown,23,may,215,4,-1,0,unknown
5623,unknown,23,may,90,3,-1,0,unknown
5624,unknown,23,may,260,3,-1,0,unknown
5625,unknown,23,may,427,2,-1,0,unknown
5626,unknown,23,may,164,3,-1,0,unknown
5627,unknown,23,may,1222,5,-1,0,unknown
5628,unknown,23,may,426,9,-1,0,unknown
5629,unknown,23,may,456,4,-1,0,unknown
5630,unknown,23,may,40,7,-1,0,unknown
5631,unknown,23,may,98,17,-1,0,unknown
5632,unknown,23,may,27,7,-1,0,unknown
5633,unknown,23,may,100,4,-1,0,unknown
5634,unknown,23,may,1034,9,-1,0,unknown
5635,unknown,23,may,1066,2,-1,0,unknown
5636,unknown,23,may,159,3,-1,0,unknown
5637,unknown,23,may,353,2,-1,0,unknown
5638,unknown,23,may,331,6,-1,0,unknown
5639,unknown,23,may,159,5,-1,0,unknown
5640,unknown,26,may,52,3,-1,0,unknown
5641,unknown,26,may,70,3,-1,0,unknown
5642,unknown,26,may,159,3,-1,0,unknown
5643,unknown,26,may,117,2,-1,0,unknown
5644,unknown,26,may,146,6,-1,0,unknown
5645,unknown,26,may,49,1,-1,0,unknown
5646,unknown,26,may,260,5,-1,0,unknown
5647,unknown,26,may,60,3,-1,0,unknown
5648,unknown,26,may,193,1,-1,0,unknown
5649,unknown,26,may,373,2,-1,0,unknown
5650,unknown,26,may,336,1,-1,0,unknown
5651,unknown,26,may,200,2,-1,0,unknown
5652,unknown,26,may,79,1,-1,0,unknown
5653,unknown,26,may,501,2,-1,0,unknown
5654,unknown,26,may,206,1,-1,0,unknown
5655,unknown,26,may,80,1,-1,0,unknown
5656,unknown,26,may,299,1,-1,0,unknown
5657,unknown,26,may,185,1,-1,0,unknown
5658,unknown,26,may,207,1,-1,0,unknown
5659,unknown,26,may,104,1,-1,0,unknown
5660,unknown,26,may,185,5,-1,0,unknown
5661,unknown,26,may,224,1,-1,0,unknown
5662,unknown,26,may,63,1,-1,0,unknown
5663,unknown,26,may,897,5,-1,0,unknown
5664,unknown,26,may,322,1,-1,0,unknown
5665,unknown,26,may,245,1,-1,0,unknown
5666,unknown,26,may,317,1,-1,0,unknown
5667,unknown,26,may,511,1,-1,0,unknown
5668,unknown,26,may,155,1,-1,0,unknown
5669,unknown,26,may,414,2,-1,0,unknown
5670,unknown,26,may,368,6,-1,0,unknown
5671,unknown,26,may,258,1,-1,0,unknown
5672,unknown,26,may,247,1,-1,0,unknown
5673,unknown,26,may,140,1,-1,0,unknown
5674,unknown,26,may,31,1,-1,0,unknown
5675,unknown,26,may,118,1,-1,0,unknown
5676,unknown,26,may,142,3,-1,0,unknown
5677,unknown,26,may,129,3,-1,0,unknown
5678,unknown,26,may,136,2,-1,0,unknown
5679,unknown,26,may,82,2,-1,0,unknown
5680,unknown,26,may,122,4,-1,0,unknown
5681,unknown,26,may,120,2,-1,0,unknown
5682,unknown,26,may,180,2,-1,0,unknown
5683,unknown,26,may,204,1,-1,0,unknown
5684,unknown,26,may,120,1,-1,0,unknown
5685,unknown,26,may,181,1,-1,0,unknown
5686,unknown,26,may,19,17,-1,0,unknown
5687,unknown,26,may,460,1,-1,0,unknown
5688,unknown,26,may,437,1,-1,0,unknown
5689,unknown,26,may,76,2,-1,0,unknown
5690,unknown,26,may,95,1,-1,0,unknown
5691,unknown,26,may,30,1,-1,0,unknown
5692,unknown,26,may,422,5,-1,0,unknown
5693,unknown,26,may,109,1,-1,0,unknown
5694,unknown,26,may,50,2,-1,0,unknown
5695,unknown,26,may,41,2,-1,0,unknown
5696,unknown,26,may,581,1,-1,0,unknown
5697,unknown,26,may,131,2,-1,0,unknown
5698,unknown,26,may,227,1,-1,0,unknown
5699,unknown,26,may,165,1,-1,0,unknown
5700,unknown,26,may,80,1,-1,0,unknown
5701,unknown,26,may,470,1,-1,0,unknown
5702,unknown,26,may,281,1,-1,0,unknown
5703,unknown,26,may,141,2,-1,0,unknown
5704,unknown,26,may,24,1,-1,0,unknown
5705,unknown,26,may,788,11,-1,0,unknown
5706,unknown,26,may,210,1,-1,0,unknown
5707,unknown,26,may,367,4,-1,0,unknown
5708,unknown,26,may,266,1,-1,0,unknown
5709,unknown,26,may,228,1,-1,0,unknown
5710,unknown,26,may,135,1,-1,0,unknown
5711,unknown,26,may,85,1,-1,0,unknown
5712,unknown,26,may,290,2,-1,0,unknown
5713,unknown,26,may,153,1,-1,0,unknown
5714,unknown,26,may,76,1,-1,0,unknown
5715,unknown,26,may,111,1,-1,0,unknown
5716,unknown,26,may,168,1,-1,0,unknown
5717,unknown,26,may,109,1,-1,0,unknown
5718,unknown,26,may,1099,1,-1,0,unknown
5719,unknown,26,may,219,1,-1,0,unknown
5720,unknown,26,may,202,1,-1,0,unknown
5721,unknown,26,may,14,38,-1,0,unknown
5722,unknown,26,may,285,1,-1,0,unknown
5723,unknown,26,may,262,1,-1,0,unknown
5724,unknown,26,may,96,2,-1,0,unknown
5725,unknown,26,may,168,4,-1,0,unknown
5726,unknown,26,may,208,2,-1,0,unknown
5727,unknown,26,may,483,1,-1,0,unknown
5728,unknown,26,may,129,1,-1,0,unknown
5729,unknown,26,may,130,1,-1,0,unknown
5730,unknown,26,may,754,1,-1,0,unknown
5731,unknown,26,may,364,1,-1,0,unknown
5732,unknown,26,may,258,1,-1,0,unknown
5733,unknown,26,may,227,1,-1,0,unknown
5734,unknown,26,may,266,3,-1,0,unknown
5735,unknown,26,may,232,1,-1,0,unknown
5736,unknown,26,may,172,1,-1,0,unknown
5737,unknown,26,may,164,1,-1,0,unknown
5738,unknown,26,may,222,5,-1,0,unknown
5739,unknown,26,may,167,1,-1,0,unknown
5740,unknown,26,may,103,1,-1,0,unknown
5741,unknown,26,may,682,1,-1,0,unknown
5742,unknown,26,may,168,1,-1,0,unknown
5743,unknown,26,may,297,1,-1,0,unknown
5744,unknown,26,may,62,1,-1,0,unknown
5745,unknown,26,may,142,1,-1,0,unknown
5746,unknown,26,may,63,1,-1,0,unknown
5747,unknown,26,may,212,1,-1,0,unknown
5748,unknown,26,may,149,1,-1,0,unknown
5749,unknown,26,may,161,3,-1,0,unknown
5750,unknown,26,may,165,2,-1,0,unknown
5751,unknown,26,may,369,1,-1,0,unknown
5752,unknown,26,may,974,1,-1,0,unknown
5753,unknown,26,may,167,1,-1,0,unknown
5754,unknown,26,may,74,1,-1,0,unknown
5755,unknown,26,may,223,1,-1,0,unknown
5756,unknown,26,may,140,2,-1,0,unknown
5757,unknown,26,may,396,1,-1,0,unknown
5758,unknown,26,may,61,1,-1,0,unknown
5759,unknown,26,may,252,1,-1,0,unknown
5760,unknown,26,may,379,1,-1,0,unknown
5761,unknown,26,may,374,1,-1,0,unknown
5762,unknown,26,may,314,1,-1,0,unknown
5763,unknown,26,may,341,2,-1,0,unknown
5764,unknown,26,may,206,1,-1,0,unknown
5765,unknown,26,may,166,12,-1,0,unknown
5766,unknown,26,may,61,1,-1,0,unknown
5767,unknown,26,may,142,1,-1,0,unknown
5768,unknown,26,may,543,2,-1,0,unknown
5769,unknown,26,may,133,1,-1,0,unknown
5770,unknown,26,may,52,1,-1,0,unknown
5771,unknown,26,may,77,1,-1,0,unknown
5772,unknown,26,may,200,1,-1,0,unknown
5773,unknown,26,may,518,1,-1,0,unknown
5774,unknown,26,may,296,1,-1,0,unknown
5775,unknown,26,may,144,1,-1,0,unknown
5776,unknown,26,may,473,5,-1,0,unknown
5777,unknown,26,may,199,1,-1,0,unknown
5778,unknown,26,may,90,4,-1,0,unknown
5779,unknown,26,may,470,1,-1,0,unknown
5780,unknown,26,may,81,8,-1,0,unknown
5781,unknown,26,may,202,2,-1,0,unknown
5782,unknown,26,may,68,1,-1,0,unknown
5783,unknown,26,may,745,4,-1,0,unknown
5784,unknown,26,may,247,1,-1,0,unknown
5785,unknown,26,may,250,1,-1,0,unknown
5786,unknown,26,may,16,11,-1,0,unknown
5787,unknown,26,may,149,2,-1,0,unknown
5788,unknown,26,may,863,1,-1,0,unknown
5789,unknown,26,may,140,5,-1,0,unknown
5790,unknown,26,may,131,4,-1,0,unknown
5791,unknown,26,may,265,9,-1,0,unknown
5792,unknown,26,may,40,1,-1,0,unknown
5793,unknown,26,may,104,1,-1,0,unknown
5794,unknown,26,may,80,2,-1,0,unknown
5795,unknown,26,may,90,2,-1,0,unknown
5796,unknown,26,may,233,1,-1,0,unknown
5797,unknown,26,may,592,4,-1,0,unknown
5798,unknown,26,may,85,1,-1,0,unknown
5799,unknown,26,may,273,2,-1,0,unknown
5800,unknown,26,may,207,2,-1,0,unknown
5801,unknown,26,may,440,1,-1,0,unknown
5802,unknown,26,may,127,1,-1,0,unknown
5803,unknown,26,may,679,2,-1,0,unknown
5804,unknown,26,may,204,1,-1,0,unknown
5805,unknown,26,may,188,1,-1,0,unknown
5806,unknown,26,may,269,1,-1,0,unknown
5807,unknown,26,may,152,2,-1,0,unknown
5808,unknown,26,may,190,2,-1,0,unknown
5809,unknown,26,may,144,3,-1,0,unknown
5810,unknown,26,may,151,1,-1,0,unknown
5811,unknown,26,may,112,1,-1,0,unknown
5812,unknown,26,may,167,3,-1,0,unknown
5813,unknown,26,may,130,1,-1,0,unknown
5814,unknown,26,may,228,2,-1,0,unknown
5815,unknown,26,may,314,2,-1,0,unknown
5816,unknown,26,may,193,2,-1,0,unknown
5817,unknown,26,may,153,1,-1,0,unknown
5818,unknown,26,may,136,1,-1,0,unknown
5819,unknown,26,may,293,1,-1,0,unknown
5820,unknown,26,may,97,3,-1,0,unknown
5821,unknown,26,may,145,1,-1,0,unknown
5822,unknown,26,may,162,2,-1,0,unknown
5823,unknown,26,may,127,1,-1,0,unknown
5824,unknown,26,may,105,1,-1,0,unknown
5825,unknown,26,may,117,1,-1,0,unknown
5826,unknown,26,may,596,1,-1,0,unknown
5827,unknown,26,may,134,1,-1,0,unknown
5828,unknown,26,may,283,1,-1,0,unknown
5829,unknown,26,may,161,1,-1,0,unknown
5830,unknown,26,may,664,1,-1,0,unknown
5831,unknown,26,may,188,1,-1,0,unknown
5832,unknown,26,may,312,1,-1,0,unknown
5833,unknown,26,may,237,1,-1,0,unknown
5834,unknown,26,may,130,1,-1,0,unknown
5835,unknown,26,may,175,2,-1,0,unknown
5836,unknown,26,may,143,2,-1,0,unknown
5837,unknown,26,may,87,2,-1,0,unknown
5838,unknown,26,may,123,14,-1,0,unknown
5839,unknown,26,may,157,5,-1,0,unknown
5840,unknown,26,may,204,2,-1,0,unknown
5841,unknown,26,may,150,2,-1,0,unknown
5842,unknown,26,may,240,2,-1,0,unknown
5843,unknown,26,may,109,7,-1,0,unknown
5844,unknown,26,may,243,6,-1,0,unknown
5845,unknown,26,may,536,1,-1,0,unknown
5846,unknown,26,may,1560,2,-1,0,unknown
5847,unknown,26,may,182,5,-1,0,unknown
5848,unknown,26,may,120,1,-1,0,unknown
5849,unknown,26,may,45,4,-1,0,unknown
5850,unknown,26,may,70,3,-1,0,unknown
5851,unknown,26,may,280,3,-1,0,unknown
5852,unknown,26,may,880,3,-1,0,unknown
5853,unknown,26,may,147,3,-1,0,unknown
5854,unknown,26,may,222,2,-1,0,unknown
5855,unknown,26,may,404,1,-1,0,unknown
5856,unknown,26,may,1234,3,-1,0,unknown
5857,unknown,26,may,306,3,-1,0,unknown
5858,unknown,26,may,506,2,-1,0,unknown
5859,unknown,26,may,255,1,-1,0,unknown
5860,unknown,26,may,252,2,-1,0,unknown
5861,unknown,26,may,182,3,-1,0,unknown
5862,unknown,26,may,127,2,-1,0,unknown
5863,unknown,26,may,89,2,-1,0,unknown
5864,unknown,26,may,140,2,-1,0,unknown
5865,unknown,26,may,200,2,-1,0,unknown
5866,unknown,26,may,642,2,-1,0,unknown
5867,unknown,26,may,181,2,-1,0,unknown
5868,unknown,26,may,127,3,-1,0,unknown
5869,unknown,26,may,171,1,-1,0,unknown
5870,unknown,26,may,916,2,-1,0,unknown
5871,unknown,26,may,629,2,-1,0,unknown
5872,unknown,26,may,155,6,-1,0,unknown
5873,unknown,26,may,290,2,-1,0,unknown
5874,unknown,26,may,159,3,-1,0,unknown
5875,unknown,26,may,111,1,-1,0,unknown
5876,unknown,26,may,729,2,-1,0,unknown
5877,unknown,26,may,434,4,-1,0,unknown
5878,unknown,26,may,107,3,-1,0,unknown
5879,unknown,26,may,272,6,-1,0,unknown
5880,unknown,26,may,574,3,-1,0,unknown
5881,unknown,26,may,89,3,-1,0,unknown
5882,unknown,26,may,133,3,-1,0,unknown
5883,unknown,26,may,91,3,-1,0,unknown
5884,unknown,26,may,114,3,-1,0,unknown
5885,unknown,26,may,175,3,-1,0,unknown
5886,unknown,26,may,257,3,-1,0,unknown
5887,unknown,26,may,208,3,-1,0,unknown
5888,unknown,26,may,895,4,-1,0,unknown
5889,unknown,26,may,225,1,-1,0,unknown
5890,unknown,26,may,327,1,-1,0,unknown
5891,unknown,26,may,99,3,-1,0,unknown
5892,unknown,26,may,293,4,-1,0,unknown
5893,unknown,26,may,68,3,-1,0,unknown
5894,unknown,26,may,150,1,-1,0,unknown
5895,unknown,26,may,504,2,-1,0,unknown
5896,unknown,26,may,175,1,-1,0,unknown
5897,unknown,26,may,289,1,-1,0,unknown
5898,unknown,26,may,16,1,-1,0,unknown
5899,unknown,26,may,321,1,-1,0,unknown
5900,unknown,26,may,239,3,-1,0,unknown
5901,unknown,26,may,614,2,-1,0,unknown
5902,unknown,26,may,248,2,-1,0,unknown
5903,unknown,26,may,93,2,-1,0,unknown
5904,unknown,26,may,245,3,-1,0,unknown
5905,unknown,26,may,121,1,-1,0,unknown
5906,unknown,26,may,192,6,-1,0,unknown
5907,unknown,26,may,110,2,-1,0,unknown
5908,unknown,26,may,160,3,-1,0,unknown
5909,unknown,26,may,249,2,-1,0,unknown
5910,unknown,26,may,270,2,-1,0,unknown
5911,unknown,26,may,140,2,-1,0,unknown
5912,unknown,26,may,147,1,-1,0,unknown
5913,unknown,26,may,16,1,-1,0,unknown
5914,unknown,26,may,240,1,-1,0,unknown
5915,unknown,26,may,131,1,-1,0,unknown
5916,unknown,26,may,115,2,-1,0,unknown
5917,unknown,26,may,349,2,-1,0,unknown
5918,unknown,26,may,445,2,-1,0,unknown
5919,unknown,26,may,420,2,-1,0,unknown
5920,unknown,26,may,144,3,-1,0,unknown
5921,unknown,26,may,796,1,-1,0,unknown
5922,unknown,26,may,126,2,-1,0,unknown
5923,unknown,26,may,152,2,-1,0,unknown
5924,unknown,26,may,101,2,-1,0,unknown
5925,unknown,26,may,91,2,-1,0,unknown
5926,unknown,26,may,52,3,-1,0,unknown
5927,unknown,26,may,172,2,-1,0,unknown
5928,unknown,26,may,471,1,-1,0,unknown
5929,unknown,26,may,724,1,-1,0,unknown
5930,unknown,26,may,99,1,-1,0,unknown
5931,unknown,26,may,293,1,-1,0,unknown
5932,unknown,26,may,431,2,-1,0,unknown
5933,unknown,26,may,523,2,-1,0,unknown
5934,unknown,26,may,147,2,-1,0,unknown
5935,unknown,26,may,470,2,-1,0,unknown
5936,unknown,26,may,95,2,-1,0,unknown
5937,unknown,26,may,695,4,-1,0,unknown
5938,unknown,26,may,741,6,-1,0,unknown
5939,unknown,26,may,151,3,-1,0,unknown
5940,unknown,26,may,135,2,-1,0,unknown
5941,unknown,26,may,70,6,-1,0,unknown
5942,unknown,26,may,472,3,-1,0,unknown
5943,unknown,26,may,113,4,-1,0,unknown
5944,unknown,26,may,372,14,-1,0,unknown
5945,unknown,26,may,360,6,-1,0,unknown
5946,unknown,26,may,603,1,-1,0,unknown
5947,unknown,26,may,76,2,-1,0,unknown
5948,unknown,26,may,399,2,-1,0,unknown
5949,unknown,26,may,402,2,-1,0,unknown
5950,unknown,26,may,129,3,-1,0,unknown
5951,unknown,26,may,535,6,-1,0,unknown
5952,unknown,26,may,181,3,-1,0,unknown
5953,unknown,26,may,48,2,-1,0,unknown
5954,unknown,26,may,912,4,-1,0,unknown
5955,unknown,26,may,114,2,-1,0,unknown
5956,unknown,26,may,218,2,-1,0,unknown
5957,unknown,26,may,163,2,-1,0,unknown
5958,unknown,26,may,169,4,-1,0,unknown
5959,unknown,26,may,1272,4,-1,0,unknown
5960,unknown,26,may,116,4,-1,0,unknown
5961,unknown,26,may,100,2,-1,0,unknown
5962,unknown,26,may,271,4,-1,0,unknown
5963,unknown,26,may,304,4,-1,0,unknown
5964,unknown,26,may,114,2,-1,0,unknown
5965,unknown,26,may,102,2,-1,0,unknown
5966,unknown,26,may,112,2,-1,0,unknown
5967,unknown,26,may,85,3,-1,0,unknown
5968,unknown,26,may,197,2,-1,0,unknown
5969,unknown,26,may,118,2,-1,0,unknown
5970,unknown,26,may,103,2,-1,0,unknown
5971,unknown,26,may,340,2,-1,0,unknown
5972,unknown,26,may,45,5,-1,0,unknown
5973,unknown,26,may,1446,7,-1,0,unknown
5974,unknown,26,may,125,6,-1,0,unknown
5975,unknown,26,may,114,2,-1,0,unknown
5976,unknown,26,may,414,2,-1,0,unknown
5977,unknown,26,may,346,2,-1,0,unknown
5978,unknown,26,may,86,3,-1,0,unknown
5979,unknown,26,may,160,11,-1,0,unknown
5980,unknown,26,may,157,3,-1,0,unknown
5981,unknown,26,may,98,4,-1,0,unknown
5982,unknown,26,may,265,4,-1,0,unknown
5983,unknown,26,may,34,3,-1,0,unknown
5984,unknown,26,may,79,5,-1,0,unknown
5985,unknown,26,may,109,2,-1,0,unknown
5986,unknown,26,may,454,3,-1,0,unknown
5987,unknown,26,may,238,2,-1,0,unknown
5988,unknown,26,may,166,2,-1,0,unknown
5989,unknown,26,may,816,2,-1,0,unknown
5990,unknown,26,may,87,2,-1,0,unknown
5991,unknown,26,may,81,6,-1,0,unknown
5992,unknown,26,may,109,5,-1,0,unknown
5993,unknown,26,may,375,2,-1,0,unknown
5994,unknown,26,may,51,2,-1,0,unknown
5995,unknown,26,may,118,4,-1,0,unknown
5996,unknown,26,may,178,5,-1,0,unknown
5997,unknown,26,may,165,5,-1,0,unknown
5998,unknown,26,may,155,2,-1,0,unknown
5999,unknown,26,may,304,4,-1,0,unknown
6000,unknown,26,may,138,2,-1,0,unknown
6001,unknown,26,may,250,2,-1,0,unknown
6002,unknown,26,may,103,2,-1,0,unknown
6003,unknown,26,may,223,2,-1,0,unknown
6004,unknown,26,may,14,11,-1,0,unknown
6005,unknown,26,may,748,3,-1,0,unknown
6006,unknown,26,may,896,3,-1,0,unknown
6007,unknown,26,may,221,2,-1,0,unknown
6008,unknown,26,may,83,1,-1,0,unknown
6009,unknown,26,may,192,4,-1,0,unknown
6010,unknown,26,may,543,4,-1,0,unknown
6011,unknown,26,may,398,7,-1,0,unknown
6012,unknown,26,may,158,4,-1,0,unknown
6013,unknown,26,may,59,2,-1,0,unknown
6014,unknown,26,may,304,3,-1,0,unknown
6015,unknown,26,may,185,4,-1,0,unknown
6016,unknown,26,may,118,6,-1,0,unknown
6017,unknown,26,may,469,2,-1,0,unknown
6018,unknown,26,may,425,4,-1,0,unknown
6019,unknown,26,may,488,3,-1,0,unknown
6020,unknown,26,may,232,3,-1,0,unknown
6021,unknown,26,may,764,2,-1,0,unknown
6022,unknown,26,may,149,7,-1,0,unknown
6023,unknown,26,may,63,3,-1,0,unknown
6024,unknown,26,may,125,3,-1,0,unknown
6025,unknown,26,may,207,4,-1,0,unknown
6026,unknown,26,may,29,2,-1,0,unknown
6027,unknown,26,may,162,4,-1,0,unknown
6028,unknown,26,may,159,2,-1,0,unknown
6029,unknown,26,may,23,10,-1,0,unknown
6030,unknown,26,may,174,3,-1,0,unknown
6031,unknown,26,may,147,6,-1,0,unknown
6032,unknown,26,may,90,5,-1,0,unknown
6033,unknown,26,may,409,2,-1,0,unknown
6034,unknown,26,may,118,6,-1,0,unknown
6035,unknown,26,may,219,4,-1,0,unknown
6036,unknown,26,may,96,5,-1,0,unknown
6037,unknown,26,may,76,5,-1,0,unknown
6038,unknown,26,may,104,7,-1,0,unknown
6039,unknown,26,may,172,3,-1,0,unknown
6040,unknown,26,may,66,3,-1,0,unknown
6041,unknown,26,may,113,5,-1,0,unknown
6042,unknown,26,may,129,3,-1,0,unknown
6043,unknown,26,may,405,4,-1,0,unknown
6044,unknown,26,may,251,11,-1,0,unknown
6045,unknown,26,may,128,5,-1,0,unknown
6046,unknown,26,may,245,3,-1,0,unknown
6047,unknown,26,may,253,2,-1,0,unknown
6048,unknown,26,may,188,7,-1,0,unknown
6049,unknown,26,may,118,2,-1,0,unknown
6050,unknown,26,may,140,2,-1,0,unknown
6051,unknown,26,may,102,23,-1,0,unknown
6052,unknown,26,may,435,3,-1,0,unknown
6053,unknown,26,may,763,6,-1,0,unknown
6054,unknown,26,may,97,4,-1,0,unknown
6055,unknown,26,may,329,2,-1,0,unknown
6056,unknown,26,may,51,5,-1,0,unknown
6057,unknown,26,may,85,5,-1,0,unknown
6058,unknown,26,may,130,3,-1,0,unknown
6059,unknown,26,may,282,8,-1,0,unknown
6060,unknown,26,may,777,5,-1,0,unknown
6061,unknown,26,may,249,1,-1,0,unknown
6062,unknown,26,may,279,5,-1,0,unknown
6063,unknown,26,may,241,2,-1,0,unknown
6064,unknown,26,may,308,4,-1,0,unknown
6065,unknown,26,may,118,2,-1,0,unknown
6066,unknown,26,may,14,20,-1,0,unknown
6067,unknown,26,may,125,4,-1,0,unknown
6068,unknown,26,may,193,5,-1,0,unknown
6069,unknown,26,may,200,3,-1,0,unknown
6070,unknown,26,may,349,4,-1,0,unknown
6071,unknown,26,may,336,3,-1,0,unknown
6072,unknown,26,may,282,3,-1,0,unknown
6073,unknown,26,may,633,1,-1,0,unknown
6074,unknown,26,may,102,2,-1,0,unknown
6075,unknown,26,may,560,4,-1,0,unknown
6076,unknown,27,may,114,3,-1,0,unknown
6077,unknown,27,may,172,7,-1,0,unknown
6078,unknown,27,may,85,16,-1,0,unknown
6079,unknown,27,may,292,7,-1,0,unknown
6080,unknown,27,may,269,3,-1,0,unknown
6081,unknown,27,may,220,6,-1,0,unknown
6082,unknown,27,may,73,6,-1,0,unknown
6083,unknown,27,may,121,2,-1,0,unknown
6084,unknown,27,may,59,4,-1,0,unknown
6085,unknown,27,may,151,7,-1,0,unknown
6086,unknown,27,may,166,2,-1,0,unknown
6087,unknown,27,may,64,3,-1,0,unknown
6088,unknown,27,may,353,3,-1,0,unknown
6089,unknown,27,may,322,5,-1,0,unknown
6090,unknown,27,may,67,3,-1,0,unknown
6091,unknown,27,may,163,2,-1,0,unknown
6092,unknown,27,may,27,2,-1,0,unknown
6093,unknown,27,may,119,2,-1,0,unknown
6094,unknown,27,may,148,4,-1,0,unknown
6095,unknown,27,may,222,4,-1,0,unknown
6096,unknown,27,may,265,2,-1,0,unknown
6097,unknown,27,may,214,2,-1,0,unknown
6098,unknown,27,may,75,2,-1,0,unknown
6099,unknown,27,may,62,4,-1,0,unknown
6100,unknown,27,may,112,3,-1,0,unknown
6101,unknown,27,may,145,2,-1,0,unknown
6102,unknown,27,may,220,6,-1,0,unknown
6103,unknown,27,may,204,3,-1,0,unknown
6104,unknown,27,may,328,11,-1,0,unknown
6105,unknown,27,may,160,6,-1,0,unknown
6106,unknown,27,may,233,1,-1,0,unknown
6107,unknown,27,may,129,1,-1,0,unknown
6108,unknown,27,may,578,2,-1,0,unknown
6109,unknown,27,may,33,1,-1,0,unknown
6110,unknown,27,may,183,9,-1,0,unknown
6111,unknown,27,may,565,2,-1,0,unknown
6112,unknown,27,may,1063,5,-1,0,unknown
6113,unknown,27,may,125,3,-1,0,unknown
6114,unknown,27,may,193,5,-1,0,unknown
6115,unknown,27,may,160,2,-1,0,unknown
6116,unknown,27,may,287,4,-1,0,unknown
6117,unknown,27,may,277,4,-1,0,unknown
6118,unknown,27,may,84,4,-1,0,unknown
6119,unknown,27,may,47,5,-1,0,unknown
6120,unknown,27,may,285,1,-1,0,unknown
6121,unknown,27,may,130,2,-1,0,unknown
6122,unknown,27,may,146,1,-1,0,unknown
6123,unknown,27,may,24,1,-1,0,unknown
6124,unknown,27,may,955,1,-1,0,unknown
6125,unknown,27,may,236,1,-1,0,unknown
6126,unknown,27,may,336,2,-1,0,unknown
6127,unknown,27,may,150,1,-1,0,unknown
6128,unknown,27,may,180,1,-1,0,unknown
6129,unknown,27,may,163,2,-1,0,unknown
6130,unknown,27,may,197,1,-1,0,unknown
6131,unknown,27,may,218,1,-1,0,unknown
6132,unknown,27,may,386,11,-1,0,unknown
6133,unknown,27,may,154,1,-1,0,unknown
6134,unknown,27,may,159,2,-1,0,unknown
6135,unknown,27,may,157,2,-1,0,unknown
6136,unknown,27,may,227,3,-1,0,unknown
6137,unknown,27,may,116,1,-1,0,unknown
6138,unknown,27,may,1297,1,-1,0,unknown
6139,unknown,27,may,57,5,-1,0,unknown
6140,unknown,27,may,205,3,-1,0,unknown
6141,unknown,27,may,1205,1,-1,0,unknown
6142,unknown,27,may,133,1,-1,0,unknown
6143,unknown,27,may,59,1,-1,0,unknown
6144,unknown,27,may,229,2,-1,0,unknown
6145,unknown,27,may,147,1,-1,0,unknown
6146,unknown,27,may,147,1,-1,0,unknown
6147,unknown,27,may,78,1,-1,0,unknown
6148,unknown,27,may,185,1,-1,0,unknown
6149,unknown,27,may,427,1,-1,0,unknown
6150,unknown,27,may,237,1,-1,0,unknown
6151,unknown,27,may,228,1,-1,0,unknown
6152,unknown,27,may,269,1,-1,0,unknown
6153,unknown,27,may,156,2,-1,0,unknown
6154,unknown,27,may,143,1,-1,0,unknown
6155,unknown,27,may,162,1,-1,0,unknown
6156,unknown,27,may,130,1,-1,0,unknown
6157,unknown,27,may,674,1,-1,0,unknown
6158,unknown,27,may,123,1,-1,0,unknown
6159,unknown,27,may,275,1,-1,0,unknown
6160,unknown,27,may,232,1,-1,0,unknown
6161,unknown,27,may,115,1,-1,0,unknown
6162,unknown,27,may,1051,1,-1,0,unknown
6163,unknown,27,may,142,1,-1,0,unknown
6164,unknown,27,may,99,1,-1,0,unknown
6165,unknown,27,may,340,1,-1,0,unknown
6166,unknown,27,may,47,1,-1,0,unknown
6167,unknown,27,may,138,1,-1,0,unknown
6168,unknown,27,may,182,2,-1,0,unknown
6169,unknown,27,may,260,1,-1,0,unknown
6170,unknown,27,may,121,1,-1,0,unknown
6171,unknown,27,may,143,1,-1,0,unknown
6172,unknown,27,may,472,1,-1,0,unknown
6173,unknown,27,may,207,2,-1,0,unknown
6174,unknown,27,may,597,3,-1,0,unknown
6175,unknown,27,may,265,1,-1,0,unknown
6176,unknown,27,may,274,1,-1,0,unknown
6177,unknown,27,may,420,1,-1,0,unknown
6178,unknown,27,may,532,2,-1,0,unknown
6179,unknown,27,may,128,1,-1,0,unknown
6180,unknown,27,may,62,4,-1,0,unknown
6181,unknown,27,may,185,1,-1,0,unknown
6182,unknown,27,may,275,4,-1,0,unknown
6183,unknown,27,may,111,10,-1,0,unknown
6184,unknown,27,may,740,1,-1,0,unknown
6185,unknown,27,may,271,3,-1,0,unknown
6186,unknown,27,may,776,1,-1,0,unknown
6187,unknown,27,may,90,2,-1,0,unknown
6188,unknown,27,may,78,2,-1,0,unknown
6189,unknown,27,may,330,2,-1,0,unknown
6190,unknown,27,may,518,2,-1,0,unknown
6191,unknown,27,may,243,2,-1,0,unknown
6192,unknown,27,may,472,1,-1,0,unknown
6193,unknown,27,may,148,1,-1,0,unknown
6194,unknown,27,may,514,1,-1,0,unknown
6195,unknown,27,may,388,2,-1,0,unknown
6196,unknown,27,may,224,1,-1,0,unknown
6197,unknown,27,may,118,1,-1,0,unknown
6198,unknown,27,may,255,1,-1,0,unknown
6199,unknown,27,may,70,3,-1,0,unknown
6200,unknown,27,may,296,2,-1,0,unknown
6201,unknown,27,may,257,1,-1,0,unknown
6202,unknown,27,may,243,2,-1,0,unknown
6203,unknown,27,may,77,1,-1,0,unknown
6204,unknown,27,may,114,1,-1,0,unknown
6205,unknown,27,may,73,2,-1,0,unknown
6206,unknown,27,may,290,1,-1,0,unknown
6207,unknown,27,may,86,1,-1,0,unknown
6208,unknown,27,may,168,1,-1,0,unknown
6209,unknown,27,may,188,1,-1,0,unknown
6210,unknown,27,may,106,2,-1,0,unknown
6211,unknown,27,may,45,1,-1,0,unknown
6212,unknown,27,may,25,1,-1,0,unknown
6213,unknown,27,may,21,5,-1,0,unknown
6214,unknown,27,may,224,1,-1,0,unknown
6215,unknown,27,may,114,1,-1,0,unknown
6216,unknown,27,may,82,1,-1,0,unknown
6217,unknown,27,may,33,1,-1,0,unknown
6218,unknown,27,may,322,2,-1,0,unknown
6219,unknown,27,may,446,1,-1,0,unknown
6220,unknown,27,may,121,4,-1,0,unknown
6221,unknown,27,may,99,1,-1,0,unknown
6222,unknown,27,may,78,1,-1,0,unknown
6223,unknown,27,may,70,2,-1,0,unknown
6224,unknown,27,may,213,2,-1,0,unknown
6225,unknown,27,may,115,1,-1,0,unknown
6226,unknown,27,may,305,1,-1,0,unknown
6227,unknown,27,may,306,2,-1,0,unknown
6228,unknown,27,may,643,2,-1,0,unknown
6229,unknown,27,may,371,2,-1,0,unknown
6230,unknown,27,may,363,3,-1,0,unknown
6231,unknown,27,may,179,1,-1,0,unknown
6232,unknown,27,may,492,2,-1,0,unknown
6233,unknown,27,may,222,2,-1,0,unknown
6234,unknown,27,may,144,1,-1,0,unknown
6235,unknown,27,may,426,2,-1,0,unknown
6236,unknown,27,may,241,1,-1,0,unknown
6237,unknown,27,may,181,1,-1,0,unknown
6238,unknown,27,may,39,7,-1,0,unknown
6239,unknown,27,may,293,2,-1,0,unknown
6240,unknown,27,may,316,2,-1,0,unknown
6241,unknown,27,may,151,1,-1,0,unknown
6242,unknown,27,may,132,1,-1,0,unknown
6243,unknown,27,may,129,1,-1,0,unknown
6244,unknown,27,may,106,1,-1,0,unknown
6245,unknown,27,may,68,5,-1,0,unknown
6246,unknown,27,may,173,3,-1,0,unknown
6247,unknown,27,may,161,2,-1,0,unknown
6248,unknown,27,may,155,1,-1,0,unknown
6249,unknown,27,may,109,2,-1,0,unknown
6250,unknown,27,may,36,3,-1,0,unknown
6251,unknown,27,may,62,4,-1,0,unknown
6252,unknown,27,may,137,2,-1,0,unknown
6253,unknown,27,may,310,1,-1,0,unknown
6254,unknown,27,may,195,2,-1,0,unknown
6255,unknown,27,may,139,1,-1,0,unknown
6256,unknown,27,may,470,2,-1,0,unknown
6257,unknown,27,may,169,1,-1,0,unknown
6258,unknown,27,may,223,1,-1,0,unknown
6259,unknown,27,may,104,3,-1,0,unknown
6260,unknown,27,may,201,2,-1,0,unknown
6261,unknown,27,may,596,1,-1,0,unknown
6262,unknown,27,may,90,1,-1,0,unknown
6263,unknown,27,may,157,1,-1,0,unknown
6264,unknown,27,may,253,16,-1,0,unknown
6265,unknown,27,may,88,2,-1,0,unknown
6266,unknown,27,may,600,2,-1,0,unknown
6267,unknown,27,may,133,1,-1,0,unknown
6268,unknown,27,may,138,2,-1,0,unknown
6269,unknown,27,may,43,1,-1,0,unknown
6270,unknown,27,may,731,3,-1,0,unknown
6271,unknown,27,may,659,4,-1,0,unknown
6272,unknown,27,may,112,1,-1,0,unknown
6273,unknown,27,may,124,1,-1,0,unknown
6274,unknown,27,may,217,1,-1,0,unknown
6275,unknown,27,may,59,1,-1,0,unknown
6276,unknown,27,may,121,1,-1,0,unknown
6277,unknown,27,may,112,1,-1,0,unknown
6278,unknown,27,may,98,1,-1,0,unknown
6279,unknown,27,may,125,1,-1,0,unknown
6280,unknown,27,may,175,1,-1,0,unknown
6281,unknown,27,may,202,1,-1,0,unknown
6282,unknown,27,may,185,1,-1,0,unknown
6283,unknown,27,may,170,1,-1,0,unknown
6284,unknown,27,may,98,1,-1,0,unknown
6285,unknown,27,may,184,1,-1,0,unknown
6286,unknown,27,may,261,1,-1,0,unknown
6287,unknown,27,may,103,1,-1,0,unknown
6288,unknown,27,may,190,1,-1,0,unknown
6289,unknown,27,may,46,1,-1,0,unknown
6290,unknown,27,may,198,1,-1,0,unknown
6291,unknown,27,may,170,1,-1,0,unknown
6292,unknown,27,may,235,5,-1,0,unknown
6293,unknown,27,may,169,2,-1,0,unknown
6294,unknown,27,may,125,1,-1,0,unknown
6295,unknown,27,may,272,3,-1,0,unknown
6296,unknown,27,may,265,2,-1,0,unknown
6297,unknown,27,may,233,2,-1,0,unknown
6298,unknown,27,may,307,2,-1,0,unknown
6299,unknown,27,may,246,1,-1,0,unknown
6300,unknown,27,may,290,4,-1,0,unknown
6301,unknown,27,may,56,2,-1,0,unknown
6302,unknown,27,may,259,1,-1,0,unknown
6303,unknown,27,may,375,1,-1,0,unknown
6304,unknown,27,may,74,5,-1,0,unknown
6305,unknown,27,may,290,1,-1,0,unknown
6306,unknown,27,may,148,3,-1,0,unknown
6307,unknown,27,may,174,1,-1,0,unknown
6308,unknown,27,may,32,1,-1,0,unknown
6309,unknown,27,may,316,1,-1,0,unknown
6310,unknown,27,may,332,1,-1,0,unknown
6311,unknown,27,may,35,1,-1,0,unknown
6312,unknown,27,may,935,1,-1,0,unknown
6313,unknown,27,may,173,1,-1,0,unknown
6314,unknown,27,may,144,1,-1,0,unknown
6315,unknown,27,may,474,1,-1,0,unknown
6316,unknown,27,may,313,1,-1,0,unknown
6317,unknown,27,may,147,1,-1,0,unknown
6318,unknown,27,may,123,2,-1,0,unknown
6319,unknown,27,may,395,2,-1,0,unknown
6320,unknown,27,may,93,10,-1,0,unknown
6321,unknown,27,may,421,3,-1,0,unknown
6322,unknown,27,may,166,9,-1,0,unknown
6323,unknown,27,may,410,1,-1,0,unknown
6324,unknown,27,may,89,2,-1,0,unknown
6325,unknown,27,may,755,1,-1,0,unknown
6326,unknown,27,may,139,2,-1,0,unknown
6327,unknown,27,may,145,2,-1,0,unknown
6328,unknown,27,may,95,1,-1,0,unknown
6329,unknown,27,may,191,1,-1,0,unknown
6330,unknown,27,may,211,1,-1,0,unknown
6331,unknown,27,may,193,1,-1,0,unknown
6332,unknown,27,may,220,2,-1,0,unknown
6333,unknown,27,may,88,1,-1,0,unknown
6334,unknown,27,may,120,2,-1,0,unknown
6335,unknown,27,may,318,1,-1,0,unknown
6336,unknown,27,may,405,1,-1,0,unknown
6337,unknown,27,may,751,1,-1,0,unknown
6338,unknown,27,may,207,1,-1,0,unknown
6339,unknown,27,may,95,4,-1,0,unknown
6340,unknown,27,may,319,1,-1,0,unknown
6341,unknown,27,may,272,2,-1,0,unknown
6342,unknown,27,may,142,2,-1,0,unknown
6343,unknown,27,may,233,3,-1,0,unknown
6344,unknown,27,may,498,1,-1,0,unknown
6345,unknown,27,may,27,1,-1,0,unknown
6346,unknown,27,may,127,1,-1,0,unknown
6347,unknown,27,may,237,2,-1,0,unknown
6348,unknown,27,may,193,1,-1,0,unknown
6349,unknown,27,may,129,2,-1,0,unknown
6350,unknown,27,may,116,3,-1,0,unknown
6351,unknown,27,may,99,1,-1,0,unknown
6352,unknown,27,may,345,1,-1,0,unknown
6353,unknown,27,may,151,1,-1,0,unknown
6354,unknown,27,may,376,2,-1,0,unknown
6355,unknown,27,may,99,1,-1,0,unknown
6356,unknown,27,may,210,2,-1,0,unknown
6357,unknown,27,may,277,1,-1,0,unknown
6358,unknown,27,may,326,2,-1,0,unknown
6359,unknown,27,may,305,2,-1,0,unknown
6360,unknown,27,may,320,1,-1,0,unknown
6361,unknown,27,may,298,1,-1,0,unknown
6362,unknown,27,may,219,1,-1,0,unknown
6363,unknown,27,may,222,1,-1,0,unknown
6364,unknown,27,may,513,1,-1,0,unknown
6365,unknown,27,may,345,1,-1,0,unknown
6366,unknown,27,may,321,1,-1,0,unknown
6367,unknown,27,may,355,1,-1,0,unknown
6368,unknown,27,may,240,2,-1,0,unknown
6369,unknown,27,may,383,2,-1,0,unknown
6370,unknown,27,may,301,1,-1,0,unknown
6371,unknown,27,may,179,3,-1,0,unknown
6372,unknown,27,may,160,1,-1,0,unknown
6373,unknown,27,may,236,4,-1,0,unknown
6374,unknown,27,may,89,1,-1,0,unknown
6375,unknown,27,may,181,1,-1,0,unknown
6376,unknown,27,may,377,1,-1,0,unknown
6377,unknown,27,may,240,6,-1,0,unknown
6378,unknown,27,may,174,2,-1,0,unknown
6379,unknown,27,may,125,4,-1,0,unknown
6380,unknown,27,may,446,1,-1,0,unknown
6381,unknown,27,may,518,2,-1,0,unknown
6382,unknown,27,may,280,3,-1,0,unknown
6383,unknown,27,may,269,2,-1,0,unknown
6384,unknown,27,may,394,1,-1,0,unknown
6385,unknown,27,may,280,1,-1,0,unknown
6386,unknown,27,may,228,1,-1,0,unknown
6387,unknown,27,may,247,1,-1,0,unknown
6388,unknown,27,may,66,1,-1,0,unknown
6389,unknown,27,may,88,1,-1,0,unknown
6390,unknown,27,may,312,2,-1,0,unknown
6391,unknown,27,may,709,1,-1,0,unknown
6392,unknown,27,may,33,6,-1,0,unknown
6393,unknown,27,may,212,2,-1,0,unknown
6394,unknown,27,may,107,2,-1,0,unknown
6395,unknown,27,may,140,2,-1,0,unknown
6396,unknown,27,may,299,1,-1,0,unknown
6397,unknown,27,may,62,13,-1,0,unknown
6398,unknown,27,may,548,1,-1,0,unknown
6399,unknown,27,may,574,5,-1,0,unknown
6400,unknown,27,may,182,1,-1,0,unknown
6401,unknown,27,may,318,3,-1,0,unknown
6402,unknown,27,may,68,9,-1,0,unknown
6403,unknown,27,may,217,2,-1,0,unknown
6404,unknown,27,may,211,1,-1,0,unknown
6405,unknown,27,may,245,2,-1,0,unknown
6406,unknown,27,may,363,2,-1,0,unknown
6407,unknown,27,may,347,1,-1,0,unknown
6408,unknown,27,may,137,2,-1,0,unknown
6409,unknown,27,may,749,2,-1,0,unknown
6410,unknown,27,may,498,1,-1,0,unknown
6411,unknown,27,may,142,1,-1,0,unknown
6412,unknown,27,may,570,1,-1,0,unknown
6413,unknown,27,may,172,1,-1,0,unknown
6414,unknown,27,may,64,1,-1,0,unknown
6415,unknown,27,may,492,8,-1,0,unknown
6416,unknown,27,may,198,1,-1,0,unknown
6417,unknown,27,may,389,1,-1,0,unknown
6418,unknown,27,may,120,2,-1,0,unknown
6419,unknown,27,may,389,2,-1,0,unknown
6420,unknown,27,may,92,2,-1,0,unknown
6421,unknown,27,may,436,1,-1,0,unknown
6422,unknown,27,may,59,4,-1,0,unknown
6423,unknown,27,may,100,2,-1,0,unknown
6424,unknown,27,may,0,4,-1,0,unknown
6425,unknown,27,may,93,2,-1,0,unknown
6426,unknown,27,may,364,2,-1,0,unknown
6427,unknown,27,may,111,3,-1,0,unknown
6428,unknown,27,may,171,4,-1,0,unknown
6429,unknown,27,may,466,2,-1,0,unknown
6430,unknown,27,may,345,2,-1,0,unknown
6431,unknown,27,may,241,2,-1,0,unknown
6432,unknown,27,may,233,2,-1,0,unknown
6433,unknown,27,may,149,2,-1,0,unknown
6434,unknown,27,may,304,2,-1,0,unknown
6435,unknown,27,may,134,2,-1,0,unknown
6436,unknown,27,may,355,2,-1,0,unknown
6437,unknown,27,may,953,3,-1,0,unknown
6438,unknown,27,may,100,2,-1,0,unknown
6439,unknown,27,may,121,2,-1,0,unknown
6440,unknown,27,may,22,2,-1,0,unknown
6441,unknown,27,may,30,8,-1,0,unknown
6442,unknown,27,may,160,3,-1,0,unknown
6443,unknown,27,may,723,2,-1,0,unknown
6444,unknown,27,may,136,2,-1,0,unknown
6445,unknown,27,may,305,2,-1,0,unknown
6446,unknown,27,may,103,2,-1,0,unknown
6447,unknown,27,may,123,1,-1,0,unknown
6448,unknown,27,may,8,2,-1,0,unknown
6449,unknown,27,may,267,1,-1,0,unknown
6450,unknown,27,may,315,2,-1,0,unknown
6451,unknown,27,may,3094,2,-1,0,unknown
6452,unknown,27,may,21,1,-1,0,unknown
6453,unknown,27,may,269,11,-1,0,unknown
6454,unknown,27,may,159,5,-1,0,unknown
6455,unknown,27,may,182,3,-1,0,unknown
6456,unknown,27,may,185,2,-1,0,unknown
6457,unknown,27,may,359,6,-1,0,unknown
6458,unknown,27,may,220,2,-1,0,unknown
6459,unknown,27,may,179,5,-1,0,unknown
6460,unknown,27,may,66,2,-1,0,unknown
6461,unknown,27,may,135,5,-1,0,unknown
6462,unknown,27,may,166,2,-1,0,unknown
6463,unknown,27,may,152,11,-1,0,unknown
6464,unknown,27,may,256,2,-1,0,unknown
6465,unknown,27,may,141,3,-1,0,unknown
6466,unknown,27,may,265,2,-1,0,unknown
6467,unknown,27,may,87,3,-1,0,unknown
6468,unknown,27,may,452,2,-1,0,unknown
6469,unknown,27,may,62,2,-1,0,unknown
6470,unknown,27,may,348,2,-1,0,unknown
6471,unknown,27,may,153,2,-1,0,unknown
6472,unknown,27,may,89,5,-1,0,unknown
6473,unknown,27,may,132,3,-1,0,unknown
6474,unknown,27,may,580,2,-1,0,unknown
6475,unknown,27,may,34,3,-1,0,unknown
6476,unknown,27,may,72,3,-1,0,unknown
6477,unknown,27,may,175,5,-1,0,unknown
6478,unknown,27,may,99,2,-1,0,unknown
6479,unknown,27,may,591,5,-1,0,unknown
6480,unknown,27,may,290,2,-1,0,unknown
6481,unknown,27,may,336,10,-1,0,unknown
6482,unknown,27,may,29,2,-1,0,unknown
6483,unknown,27,may,266,4,-1,0,unknown
6484,unknown,27,may,47,5,-1,0,unknown
6485,unknown,27,may,298,3,-1,0,unknown
6486,unknown,27,may,282,2,-1,0,unknown
6487,unknown,27,may,209,2,-1,0,unknown
6488,unknown,27,may,67,4,-1,0,unknown
6489,unknown,27,may,106,2,-1,0,unknown
6490,unknown,27,may,111,2,-1,0,unknown
6491,unknown,27,may,157,2,-1,0,unknown
6492,unknown,27,may,197,2,-1,0,unknown
6493,unknown,27,may,257,2,-1,0,unknown
6494,unknown,27,may,42,4,-1,0,unknown
6495,unknown,27,may,492,3,-1,0,unknown
6496,unknown,27,may,319,5,-1,0,unknown
6497,unknown,27,may,371,2,-1,0,unknown
6498,unknown,27,may,383,3,-1,0,unknown
6499,unknown,27,may,110,2,-1,0,unknown
6500,unknown,27,may,88,2,-1,0,unknown
6501,unknown,27,may,3,4,-1,0,unknown
6502,unknown,27,may,97,5,-1,0,unknown
6503,unknown,27,may,335,3,-1,0,unknown
6504,unknown,27,may,15,10,-1,0,unknown
6505,unknown,27,may,4,4,-1,0,unknown
6506,unknown,27,may,5,3,-1,0,unknown
6507,unknown,27,may,284,1,-1,0,unknown
6508,unknown,27,may,264,1,-1,0,unknown
6509,unknown,27,may,239,1,-1,0,unknown
6510,unknown,27,may,21,5,-1,0,unknown
6511,unknown,27,may,15,13,-1,0,unknown
6512,unknown,27,may,350,3,-1,0,unknown
6513,unknown,27,may,201,5,-1,0,unknown
6514,unknown,27,may,112,4,-1,0,unknown
6515,unknown,27,may,350,4,-1,0,unknown
6516,unknown,27,may,240,3,-1,0,unknown
6517,unknown,27,may,127,2,-1,0,unknown
6518,unknown,27,may,157,2,-1,0,unknown
6519,unknown,27,may,337,2,-1,0,unknown
6520,unknown,27,may,662,7,-1,0,unknown
6521,unknown,27,may,124,2,-1,0,unknown
6522,unknown,27,may,165,2,-1,0,unknown
6523,unknown,27,may,63,9,-1,0,unknown
6524,unknown,27,may,101,3,-1,0,unknown
6525,unknown,27,may,133,2,-1,0,unknown
6526,unknown,27,may,145,5,-1,0,unknown
6527,unknown,27,may,374,9,-1,0,unknown
6528,unknown,27,may,550,7,-1,0,unknown
6529,unknown,27,may,350,3,-1,0,unknown
6530,unknown,27,may,349,3,-1,0,unknown
6531,unknown,27,may,371,2,-1,0,unknown
6532,unknown,27,may,676,6,-1,0,unknown
6533,unknown,27,may,205,8,-1,0,unknown
6534,unknown,27,may,132,2,-1,0,unknown
6535,unknown,27,may,165,3,-1,0,unknown
6536,unknown,27,may,177,2,-1,0,unknown
6537,unknown,27,may,62,2,-1,0,unknown
6538,unknown,27,may,398,3,-1,0,unknown
6539,unknown,27,may,92,4,-1,0,unknown
6540,unknown,27,may,342,4,-1,0,unknown
6541,unknown,27,may,198,2,-1,0,unknown
6542,unknown,27,may,77,4,-1,0,unknown
6543,unknown,27,may,112,3,-1,0,unknown
6544,unknown,27,may,22,16,-1,0,unknown
6545,unknown,27,may,206,2,-1,0,unknown
6546,unknown,27,may,87,3,-1,0,unknown
6547,unknown,27,may,143,8,-1,0,unknown
6548,unknown,27,may,102,3,-1,0,unknown
6549,unknown,27,may,224,3,-1,0,unknown
6550,unknown,27,may,50,5,-1,0,unknown
6551,unknown,27,may,73,5,-1,0,unknown
6552,unknown,27,may,42,3,-1,0,unknown
6553,unknown,27,may,144,7,-1,0,unknown
6554,unknown,27,may,1224,8,-1,0,unknown
6555,unknown,27,may,50,3,-1,0,unknown
6556,unknown,27,may,268,4,-1,0,unknown
6557,unknown,27,may,132,8,-1,0,unknown
6558,unknown,27,may,108,3,-1,0,unknown
6559,unknown,27,may,265,4,-1,0,unknown
6560,unknown,27,may,107,2,-1,0,unknown
6561,unknown,27,may,167,3,-1,0,unknown
6562,unknown,27,may,20,4,-1,0,unknown
6563,unknown,27,may,141,2,-1,0,unknown
6564,unknown,27,may,346,3,-1,0,unknown
6565,unknown,27,may,1168,2,-1,0,unknown
6566,unknown,28,may,17,13,-1,0,unknown
6567,unknown,28,may,166,3,-1,0,unknown
6568,unknown,28,may,74,3,-1,0,unknown
6569,unknown,28,may,78,2,-1,0,unknown
6570,unknown,28,may,153,3,-1,0,unknown
6571,unknown,28,may,61,2,-1,0,unknown
6572,unknown,28,may,318,6,-1,0,unknown
6573,unknown,28,may,228,9,-1,0,unknown
6574,unknown,28,may,59,1,-1,0,unknown
6575,unknown,28,may,189,7,-1,0,unknown
6576,unknown,28,may,121,1,-1,0,unknown
6577,unknown,28,may,110,2,-1,0,unknown
6578,unknown,28,may,397,1,-1,0,unknown
6579,unknown,28,may,87,1,-1,0,unknown
6580,unknown,28,may,372,2,-1,0,unknown
6581,unknown,28,may,223,1,-1,0,unknown
6582,unknown,28,may,117,6,-1,0,unknown
6583,unknown,28,may,219,3,-1,0,unknown
6584,unknown,28,may,64,1,-1,0,unknown
6585,unknown,28,may,138,1,-1,0,unknown
6586,unknown,28,may,507,2,-1,0,unknown
6587,unknown,28,may,91,3,-1,0,unknown
6588,unknown,28,may,230,8,-1,0,unknown
6589,unknown,28,may,249,2,-1,0,unknown
6590,unknown,28,may,152,1,-1,0,unknown
6591,unknown,28,may,126,2,-1,0,unknown
6592,unknown,28,may,551,1,-1,0,unknown
6593,unknown,28,may,83,4,-1,0,unknown
6594,unknown,28,may,151,8,-1,0,unknown
6595,unknown,28,may,215,2,-1,0,unknown
6596,unknown,28,may,332,1,-1,0,unknown
6597,unknown,28,may,198,1,-1,0,unknown
6598,unknown,28,may,938,2,-1,0,unknown
6599,unknown,28,may,385,1,-1,0,unknown
6600,unknown,28,may,193,1,-1,0,unknown
6601,unknown,28,may,195,4,-1,0,unknown
6602,unknown,28,may,254,1,-1,0,unknown
6603,unknown,28,may,198,3,-1,0,unknown
6604,unknown,28,may,79,6,-1,0,unknown
6605,unknown,28,may,130,2,-1,0,unknown
6606,unknown,28,may,190,3,-1,0,unknown
6607,unknown,28,may,454,1,-1,0,unknown
6608,unknown,28,may,102,1,-1,0,unknown
6609,unknown,28,may,185,1,-1,0,unknown
6610,unknown,28,may,231,2,-1,0,unknown
6611,unknown,28,may,176,2,-1,0,unknown
6612,unknown,28,may,189,1,-1,0,unknown
6613,unknown,28,may,132,1,-1,0,unknown
6614,unknown,28,may,103,4,-1,0,unknown
6615,unknown,28,may,114,3,-1,0,unknown
6616,unknown,28,may,176,2,-1,0,unknown
6617,unknown,28,may,738,1,-1,0,unknown
6618,unknown,28,may,283,3,-1,0,unknown
6619,unknown,28,may,39,4,-1,0,unknown
6620,unknown,28,may,224,2,-1,0,unknown
6621,unknown,28,may,593,1,-1,0,unknown
6622,unknown,28,may,128,2,-1,0,unknown
6623,unknown,28,may,480,2,-1,0,unknown
6624,unknown,28,may,177,2,-1,0,unknown
6625,unknown,28,may,102,1,-1,0,unknown
6626,unknown,28,may,1560,2,-1,0,unknown
6627,unknown,28,may,49,3,-1,0,unknown
6628,unknown,28,may,124,1,-1,0,unknown
6629,unknown,28,may,58,1,-1,0,unknown
6630,unknown,28,may,199,3,-1,0,unknown
6631,unknown,28,may,576,3,-1,0,unknown
6632,unknown,28,may,168,1,-1,0,unknown
6633,unknown,28,may,261,6,-1,0,unknown
6634,unknown,28,may,430,1,-1,0,unknown
6635,unknown,28,may,674,2,-1,0,unknown
6636,unknown,28,may,112,7,-1,0,unknown
6637,unknown,28,may,248,6,-1,0,unknown
6638,unknown,28,may,350,1,-1,0,unknown
6639,unknown,28,may,252,1,-1,0,unknown
6640,unknown,28,may,147,1,-1,0,unknown
6641,unknown,28,may,256,2,-1,0,unknown
6642,unknown,28,may,255,1,-1,0,unknown
6643,unknown,28,may,141,2,-1,0,unknown
6644,unknown,28,may,163,1,-1,0,unknown
6645,unknown,28,may,125,1,-1,0,unknown
6646,unknown,28,may,195,3,-1,0,unknown
6647,unknown,28,may,61,1,-1,0,unknown
6648,unknown,28,may,95,3,-1,0,unknown
6649,unknown,28,may,166,1,-1,0,unknown
6650,unknown,28,may,39,1,-1,0,unknown
6651,unknown,28,may,861,2,-1,0,unknown
6652,unknown,28,may,247,1,-1,0,unknown
6653,unknown,28,may,212,1,-1,0,unknown
6654,unknown,28,may,55,1,-1,0,unknown
6655,unknown,28,may,209,2,-1,0,unknown
6656,unknown,28,may,68,1,-1,0,unknown
6657,unknown,28,may,181,1,-1,0,unknown
6658,unknown,28,may,136,1,-1,0,unknown
6659,unknown,28,may,390,1,-1,0,unknown
6660,unknown,28,may,373,1,-1,0,unknown
6661,unknown,28,may,44,1,-1,0,unknown
6662,unknown,28,may,199,2,-1,0,unknown
6663,unknown,28,may,582,1,-1,0,unknown
6664,unknown,28,may,210,1,-1,0,unknown
6665,unknown,28,may,222,1,-1,0,unknown
6666,unknown,28,may,217,1,-1,0,unknown
6667,unknown,28,may,135,1,-1,0,unknown
6668,unknown,28,may,85,1,-1,0,unknown
6669,unknown,28,may,396,1,-1,0,unknown
6670,unknown,28,may,58,1,-1,0,unknown
6671,unknown,28,may,94,1,-1,0,unknown
6672,unknown,28,may,210,1,-1,0,unknown
6673,unknown,28,may,64,4,-1,0,unknown
6674,unknown,28,may,418,1,-1,0,unknown
6675,unknown,28,may,140,1,-1,0,unknown
6676,unknown,28,may,171,6,-1,0,unknown
6677,unknown,28,may,223,1,-1,0,unknown
6678,unknown,28,may,204,1,-1,0,unknown
6679,unknown,28,may,199,1,-1,0,unknown
6680,unknown,28,may,195,1,-1,0,unknown
6681,unknown,28,may,139,1,-1,0,unknown
6682,unknown,28,may,63,2,-1,0,unknown
6683,unknown,28,may,543,2,-1,0,unknown
6684,unknown,28,may,290,1,-1,0,unknown
6685,unknown,28,may,154,3,-1,0,unknown
6686,unknown,28,may,226,10,-1,0,unknown
6687,unknown,28,may,141,1,-1,0,unknown
6688,unknown,28,may,165,1,-1,0,unknown
6689,unknown,28,may,156,1,-1,0,unknown
6690,unknown,28,may,99,5,-1,0,unknown
6691,unknown,28,may,297,1,-1,0,unknown
6692,unknown,28,may,174,1,-1,0,unknown
6693,unknown,28,may,62,3,-1,0,unknown
6694,unknown,28,may,221,1,-1,0,unknown
6695,unknown,28,may,104,4,-1,0,unknown
6696,unknown,28,may,136,1,-1,0,unknown
6697,unknown,28,may,21,24,-1,0,unknown
6698,unknown,28,may,72,18,-1,0,unknown
6699,unknown,28,may,125,2,-1,0,unknown
6700,unknown,28,may,307,1,-1,0,unknown
6701,unknown,28,may,154,2,-1,0,unknown
6702,unknown,28,may,357,1,-1,0,unknown
6703,unknown,28,may,236,1,-1,0,unknown
6704,unknown,28,may,202,2,-1,0,unknown
6705,unknown,28,may,227,2,-1,0,unknown
6706,unknown,28,may,166,1,-1,0,unknown
6707,unknown,28,may,143,2,-1,0,unknown
6708,unknown,28,may,119,5,-1,0,unknown
6709,unknown,28,may,154,1,-1,0,unknown
6710,unknown,28,may,268,1,-1,0,unknown
6711,unknown,28,may,507,1,-1,0,unknown
6712,unknown,28,may,126,4,-1,0,unknown
6713,unknown,28,may,102,2,-1,0,unknown
6714,unknown,28,may,268,1,-1,0,unknown
6715,unknown,28,may,386,1,-1,0,unknown
6716,unknown,28,may,63,1,-1,0,unknown
6717,unknown,28,may,313,2,-1,0,unknown
6718,unknown,28,may,75,1,-1,0,unknown
6719,unknown,28,may,89,1,-1,0,unknown
6720,unknown,28,may,209,1,-1,0,unknown
6721,unknown,28,may,181,1,-1,0,unknown
6722,unknown,28,may,173,4,-1,0,unknown
6723,unknown,28,may,439,2,-1,0,unknown
6724,unknown,28,may,119,1,-1,0,unknown
6725,unknown,28,may,713,1,-1,0,unknown
6726,unknown,28,may,678,1,-1,0,unknown
6727,unknown,28,may,202,1,-1,0,unknown
6728,unknown,28,may,96,1,-1,0,unknown
6729,unknown,28,may,72,1,-1,0,unknown
6730,unknown,28,may,78,4,-1,0,unknown
6731,unknown,28,may,82,1,-1,0,unknown
6732,unknown,28,may,392,1,-1,0,unknown
6733,unknown,28,may,217,1,-1,0,unknown
6734,unknown,28,may,188,1,-1,0,unknown
6735,unknown,28,may,130,1,-1,0,unknown
6736,unknown,28,may,231,1,-1,0,unknown
6737,unknown,28,may,151,3,-1,0,unknown
6738,unknown,28,may,211,2,-1,0,unknown
6739,unknown,28,may,249,11,-1,0,unknown
6740,unknown,28,may,204,3,-1,0,unknown
6741,unknown,28,may,1210,1,-1,0,unknown
6742,unknown,28,may,27,1,-1,0,unknown
6743,unknown,28,may,680,1,-1,0,unknown
6744,unknown,28,may,206,1,-1,0,unknown
6745,unknown,28,may,227,1,-1,0,unknown
6746,unknown,28,may,124,1,-1,0,unknown
6747,unknown,28,may,66,7,-1,0,unknown
6748,unknown,28,may,821,2,-1,0,unknown
6749,unknown,28,may,565,2,-1,0,unknown
6750,unknown,28,may,126,1,-1,0,unknown
6751,unknown,28,may,615,2,-1,0,unknown
6752,unknown,28,may,167,3,-1,0,unknown
6753,unknown,28,may,211,4,-1,0,unknown
6754,unknown,28,may,742,3,-1,0,unknown
6755,unknown,28,may,134,1,-1,0,unknown
6756,unknown,28,may,615,1,-1,0,unknown
6757,unknown,28,may,497,2,-1,0,unknown
6758,unknown,28,may,69,2,-1,0,unknown
6759,unknown,28,may,105,4,-1,0,unknown
6760,unknown,28,may,213,1,-1,0,unknown
6761,unknown,28,may,143,2,-1,0,unknown
6762,unknown,28,may,294,1,-1,0,unknown
6763,unknown,28,may,289,1,-1,0,unknown
6764,unknown,28,may,461,1,-1,0,unknown
6765,unknown,28,may,162,1,-1,0,unknown
6766,unknown,28,may,207,1,-1,0,unknown
6767,unknown,28,may,216,1,-1,0,unknown
6768,unknown,28,may,185,1,-1,0,unknown
6769,unknown,28,may,399,1,-1,0,unknown
6770,unknown,28,may,67,2,-1,0,unknown
6771,unknown,28,may,85,2,-1,0,unknown
6772,unknown,28,may,317,1,-1,0,unknown
6773,unknown,28,may,507,1,-1,0,unknown
6774,unknown,28,may,1183,1,-1,0,unknown
6775,unknown,28,may,302,1,-1,0,unknown
6776,unknown,28,may,344,2,-1,0,unknown
6777,unknown,28,may,270,4,-1,0,unknown
6778,unknown,28,may,8,4,-1,0,unknown
6779,unknown,28,may,489,1,-1,0,unknown
6780,unknown,28,may,328,1,-1,0,unknown
6781,unknown,28,may,114,1,-1,0,unknown
6782,unknown,28,may,122,1,-1,0,unknown
6783,unknown,28,may,201,1,-1,0,unknown
6784,unknown,28,may,117,2,-1,0,unknown
6785,unknown,28,may,226,1,-1,0,unknown
6786,unknown,28,may,93,1,-1,0,unknown
6787,unknown,28,may,97,2,-1,0,unknown
6788,unknown,28,may,438,1,-1,0,unknown
6789,unknown,28,may,174,1,-1,0,unknown
6790,unknown,28,may,675,1,-1,0,unknown
6791,unknown,28,may,123,18,-1,0,unknown
6792,unknown,28,may,266,2,-1,0,unknown
6793,unknown,28,may,195,2,-1,0,unknown
6794,unknown,28,may,145,3,-1,0,unknown
6795,unknown,28,may,150,2,-1,0,unknown
6796,unknown,28,may,232,4,-1,0,unknown
6797,unknown,28,may,91,3,-1,0,unknown
6798,unknown,28,may,83,2,-1,0,unknown
6799,unknown,28,may,314,2,-1,0,unknown
6800,unknown,28,may,694,2,-1,0,unknown
6801,unknown,28,may,149,2,-1,0,unknown
6802,unknown,28,may,146,1,-1,0,unknown
6803,unknown,28,may,591,2,-1,0,unknown
6804,unknown,28,may,116,9,-1,0,unknown
6805,unknown,28,may,288,3,-1,0,unknown
6806,unknown,28,may,36,1,-1,0,unknown
6807,unknown,28,may,191,2,-1,0,unknown
6808,unknown,28,may,97,1,-1,0,unknown
6809,unknown,28,may,71,2,-1,0,unknown
6810,unknown,28,may,275,2,-1,0,unknown
6811,unknown,28,may,187,4,-1,0,unknown
6812,unknown,28,may,170,5,-1,0,unknown
6813,unknown,28,may,24,1,-1,0,unknown
6814,unknown,28,may,251,1,-1,0,unknown
6815,unknown,28,may,152,1,-1,0,unknown
6816,unknown,28,may,463,1,-1,0,unknown
6817,unknown,28,may,157,1,-1,0,unknown
6818,unknown,28,may,408,1,-1,0,unknown
6819,unknown,28,may,74,2,-1,0,unknown
6820,unknown,28,may,62,2,-1,0,unknown
6821,unknown,28,may,806,1,-1,0,unknown
6822,unknown,28,may,179,2,-1,0,unknown
6823,unknown,28,may,796,1,-1,0,unknown
6824,unknown,28,may,160,3,-1,0,unknown
6825,unknown,28,may,272,2,-1,0,unknown
6826,unknown,28,may,125,2,-1,0,unknown
6827,unknown,28,may,81,2,-1,0,unknown
6828,unknown,28,may,296,1,-1,0,unknown
6829,unknown,28,may,189,3,-1,0,unknown
6830,unknown,28,may,597,3,-1,0,unknown
6831,unknown,28,may,61,1,-1,0,unknown
6832,unknown,28,may,158,2,-1,0,unknown
6833,unknown,28,may,159,2,-1,0,unknown
6834,unknown,28,may,53,1,-1,0,unknown
6835,unknown,28,may,198,2,-1,0,unknown
6836,unknown,28,may,45,1,-1,0,unknown
6837,unknown,28,may,132,1,-1,0,unknown
6838,unknown,28,may,664,2,-1,0,unknown
6839,unknown,28,may,290,1,-1,0,unknown
6840,unknown,28,may,184,2,-1,0,unknown
6841,unknown,28,may,51,1,-1,0,unknown
6842,unknown,28,may,67,2,-1,0,unknown
6843,unknown,28,may,119,1,-1,0,unknown
6844,unknown,28,may,260,1,-1,0,unknown
6845,unknown,28,may,68,1,-1,0,unknown
6846,unknown,28,may,99,2,-1,0,unknown
6847,unknown,28,may,285,2,-1,0,unknown
6848,unknown,28,may,81,4,-1,0,unknown
6849,unknown,28,may,244,6,-1,0,unknown
6850,unknown,28,may,227,1,-1,0,unknown
6851,unknown,28,may,183,1,-1,0,unknown
6852,unknown,28,may,100,2,-1,0,unknown
6853,unknown,28,may,228,2,-1,0,unknown
6854,unknown,28,may,648,1,-1,0,unknown
6855,unknown,28,may,198,3,-1,0,unknown
6856,unknown,28,may,536,7,-1,0,unknown
6857,unknown,28,may,173,1,-1,0,unknown
6858,unknown,28,may,184,2,-1,0,unknown
6859,unknown,28,may,282,2,-1,0,unknown
6860,unknown,28,may,269,2,-1,0,unknown
6861,unknown,28,may,333,2,-1,0,unknown
6862,unknown,28,may,121,1,-1,0,unknown
6863,unknown,28,may,216,1,-1,0,unknown
6864,unknown,28,may,347,2,-1,0,unknown
6865,unknown,28,may,88,3,-1,0,unknown
6866,unknown,28,may,279,2,-1,0,unknown
6867,unknown,28,may,294,3,-1,0,unknown
6868,unknown,28,may,188,2,-1,0,unknown
6869,unknown,28,may,116,6,-1,0,unknown
6870,unknown,28,may,60,6,-1,0,unknown
6871,unknown,28,may,860,2,-1,0,unknown
6872,unknown,28,may,217,2,-1,0,unknown
6873,unknown,28,may,298,5,-1,0,unknown
6874,unknown,28,may,864,2,-1,0,unknown
6875,unknown,28,may,469,3,-1,0,unknown
6876,unknown,28,may,139,2,-1,0,unknown
6877,unknown,28,may,80,9,-1,0,unknown
6878,unknown,28,may,129,2,-1,0,unknown
6879,unknown,28,may,346,2,-1,0,unknown
6880,unknown,28,may,103,2,-1,0,unknown
6881,unknown,28,may,47,1,-1,0,unknown
6882,unknown,28,may,244,3,-1,0,unknown
6883,unknown,28,may,136,1,-1,0,unknown
6884,unknown,28,may,110,5,-1,0,unknown
6885,unknown,28,may,433,3,-1,0,unknown
6886,unknown,28,may,66,2,-1,0,unknown
6887,unknown,28,may,140,2,-1,0,unknown
6888,unknown,28,may,333,2,-1,0,unknown
6889,unknown,28,may,89,1,-1,0,unknown
6890,unknown,28,may,54,1,-1,0,unknown
6891,unknown,28,may,198,1,-1,0,unknown
6892,unknown,28,may,72,3,-1,0,unknown
6893,unknown,28,may,124,1,-1,0,unknown
6894,unknown,28,may,118,1,-1,0,unknown
6895,unknown,28,may,109,1,-1,0,unknown
6896,unknown,28,may,24,1,-1,0,unknown
6897,unknown,28,may,157,3,-1,0,unknown
6898,unknown,28,may,489,2,-1,0,unknown
6899,unknown,28,may,84,3,-1,0,unknown
6900,unknown,28,may,239,2,-1,0,unknown
6901,unknown,28,may,357,1,-1,0,unknown
6902,unknown,28,may,383,1,-1,0,unknown
6903,unknown,28,may,101,2,-1,0,unknown
6904,unknown,28,may,344,1,-1,0,unknown
6905,unknown,28,may,360,1,-1,0,unknown
6906,unknown,28,may,310,2,-1,0,unknown
6907,unknown,28,may,314,2,-1,0,unknown
6908,unknown,28,may,79,2,-1,0,unknown
6909,unknown,28,may,315,2,-1,0,unknown
6910,unknown,28,may,117,2,-1,0,unknown
6911,unknown,28,may,229,2,-1,0,unknown
6912,unknown,28,may,94,1,-1,0,unknown
6913,unknown,28,may,612,2,-1,0,unknown
6914,unknown,28,may,83,4,-1,0,unknown
6915,unknown,28,may,338,2,-1,0,unknown
6916,unknown,28,may,491,1,-1,0,unknown
6917,unknown,28,may,882,1,-1,0,unknown
6918,unknown,28,may,1730,1,-1,0,unknown
6919,unknown,28,may,83,1,-1,0,unknown
6920,unknown,28,may,193,2,-1,0,unknown
6921,unknown,28,may,249,2,-1,0,unknown
6922,unknown,28,may,629,2,-1,0,unknown
6923,unknown,28,may,260,2,-1,0,unknown
6924,unknown,28,may,202,2,-1,0,unknown
6925,unknown,28,may,217,5,-1,0,unknown
6926,unknown,28,may,300,3,-1,0,unknown
6927,unknown,28,may,94,3,-1,0,unknown
6928,unknown,28,may,157,2,-1,0,unknown
6929,unknown,28,may,238,8,-1,0,unknown
6930,unknown,28,may,50,2,-1,0,unknown
6931,unknown,28,may,121,3,-1,0,unknown
6932,unknown,28,may,389,4,-1,0,unknown
6933,unknown,28,may,667,3,-1,0,unknown
6934,unknown,28,may,376,4,-1,0,unknown
6935,unknown,28,may,23,16,-1,0,unknown
6936,unknown,28,may,404,1,-1,0,unknown
6937,unknown,28,may,27,2,-1,0,unknown
6938,unknown,28,may,124,1,-1,0,unknown
6939,unknown,28,may,96,1,-1,0,unknown
6940,unknown,28,may,87,2,-1,0,unknown
6941,unknown,28,may,126,2,-1,0,unknown
6942,unknown,28,may,330,5,-1,0,unknown
6943,unknown,28,may,198,3,-1,0,unknown
6944,unknown,28,may,259,2,-1,0,unknown
6945,unknown,28,may,429,10,-1,0,unknown
6946,unknown,28,may,545,1,-1,0,unknown
6947,unknown,28,may,44,7,-1,0,unknown
6948,unknown,28,may,279,2,-1,0,unknown
6949,unknown,28,may,172,2,-1,0,unknown
6950,unknown,28,may,136,2,-1,0,unknown
6951,unknown,28,may,82,6,-1,0,unknown
6952,unknown,28,may,324,4,-1,0,unknown
6953,unknown,28,may,107,7,-1,0,unknown
6954,unknown,28,may,48,2,-1,0,unknown
6955,unknown,28,may,449,4,-1,0,unknown
6956,unknown,28,may,362,3,-1,0,unknown
6957,unknown,28,may,99,2,-1,0,unknown
6958,unknown,28,may,207,3,-1,0,unknown
6959,unknown,28,may,297,14,-1,0,unknown
6960,unknown,28,may,172,1,-1,0,unknown
6961,unknown,28,may,158,10,-1,0,unknown
6962,unknown,28,may,180,2,-1,0,unknown
6963,unknown,28,may,453,2,-1,0,unknown
6964,unknown,28,may,410,1,-1,0,unknown
6965,unknown,28,may,424,3,-1,0,unknown
6966,unknown,28,may,74,2,-1,0,unknown
6967,unknown,28,may,96,4,-1,0,unknown
6968,unknown,28,may,109,2,-1,0,unknown
6969,unknown,28,may,52,2,-1,0,unknown
6970,unknown,28,may,26,5,-1,0,unknown
6971,unknown,28,may,506,2,-1,0,unknown
6972,unknown,28,may,173,3,-1,0,unknown
6973,unknown,28,may,106,3,-1,0,unknown
6974,unknown,28,may,77,3,-1,0,unknown
6975,unknown,28,may,95,2,-1,0,unknown
6976,unknown,28,may,463,2,-1,0,unknown
6977,unknown,28,may,25,1,-1,0,unknown
6978,unknown,28,may,116,1,-1,0,unknown
6979,unknown,28,may,104,2,-1,0,unknown
6980,unknown,28,may,267,2,-1,0,unknown
6981,unknown,28,may,64,1,-1,0,unknown
6982,unknown,28,may,340,3,-1,0,unknown
6983,unknown,28,may,33,2,-1,0,unknown
6984,unknown,28,may,325,2,-1,0,unknown
6985,unknown,28,may,528,2,-1,0,unknown
6986,unknown,28,may,1277,2,-1,0,unknown
6987,unknown,28,may,153,2,-1,0,unknown
6988,unknown,28,may,363,4,-1,0,unknown
6989,unknown,28,may,411,3,-1,0,unknown
6990,unknown,28,may,245,2,-1,0,unknown
6991,unknown,28,may,160,2,-1,0,unknown
6992,unknown,28,may,140,5,-1,0,unknown
6993,unknown,28,may,25,2,-1,0,unknown
6994,unknown,28,may,179,3,-1,0,unknown
6995,unknown,28,may,157,3,-1,0,unknown
6996,unknown,28,may,361,4,-1,0,unknown
6997,unknown,28,may,157,2,-1,0,unknown
6998,unknown,28,may,65,11,-1,0,unknown
6999,unknown,28,may,386,3,-1,0,unknown
7000,unknown,28,may,593,2,-1,0,unknown
7001,unknown,28,may,176,2,-1,0,unknown
7002,unknown,28,may,189,2,-1,0,unknown
7003,unknown,28,may,302,2,-1,0,unknown
7004,unknown,28,may,48,5,-1,0,unknown
7005,unknown,28,may,51,4,-1,0,unknown
7006,unknown,28,may,471,2,-1,0,unknown
7007,unknown,28,may,99,2,-1,0,unknown
7008,unknown,28,may,452,2,-1,0,unknown
7009,unknown,28,may,187,3,-1,0,unknown
7010,unknown,28,may,22,7,-1,0,unknown
7011,unknown,28,may,335,2,-1,0,unknown
7012,unknown,28,may,110,8,-1,0,unknown
7013,unknown,28,may,299,3,-1,0,unknown
7014,unknown,28,may,85,3,-1,0,unknown
7015,unknown,28,may,234,3,-1,0,unknown
7016,unknown,28,may,264,2,-1,0,unknown
7017,unknown,28,may,233,4,-1,0,unknown
7018,unknown,28,may,239,4,-1,0,unknown
7019,unknown,28,may,611,3,-1,0,unknown
7020,unknown,28,may,600,2,-1,0,unknown
7021,unknown,28,may,266,4,-1,0,unknown
7022,unknown,28,may,478,2,-1,0,unknown
7023,unknown,28,may,92,5,-1,0,unknown
7024,unknown,28,may,158,2,-1,0,unknown
7025,unknown,28,may,198,2,-1,0,unknown
7026,unknown,28,may,438,2,-1,0,unknown
7027,unknown,28,may,75,6,-1,0,unknown
7028,unknown,28,may,225,4,-1,0,unknown
7029,unknown,28,may,342,2,-1,0,unknown
7030,unknown,28,may,116,12,-1,0,unknown
7031,unknown,28,may,88,3,-1,0,unknown
7032,unknown,28,may,109,3,-1,0,unknown
7033,unknown,28,may,252,2,-1,0,unknown
7034,unknown,28,may,456,2,-1,0,unknown
7035,unknown,28,may,92,5,-1,0,unknown
7036,unknown,28,may,223,5,-1,0,unknown
7037,unknown,28,may,148,3,-1,0,unknown
7038,unknown,28,may,205,3,-1,0,unknown
7039,unknown,28,may,80,3,-1,0,unknown
7040,unknown,28,may,97,4,-1,0,unknown
7041,unknown,28,may,95,5,-1,0,unknown
7042,unknown,28,may,357,3,-1,0,unknown
7043,unknown,28,may,23,17,-1,0,unknown
7044,unknown,28,may,513,2,-1,0,unknown
7045,unknown,28,may,171,5,-1,0,unknown
7046,unknown,28,may,90,8,-1,0,unknown
7047,unknown,28,may,51,2,-1,0,unknown
7048,unknown,28,may,560,9,-1,0,unknown
7049,unknown,28,may,245,2,-1,0,unknown
7050,unknown,28,may,318,2,-1,0,unknown
7051,unknown,28,may,105,2,-1,0,unknown
7052,unknown,28,may,261,2,-1,0,unknown
7053,unknown,28,may,200,4,-1,0,unknown
7054,unknown,28,may,267,4,-1,0,unknown
7055,unknown,28,may,191,5,-1,0,unknown
7056,unknown,28,may,300,4,-1,0,unknown
7057,unknown,28,may,82,4,-1,0,unknown
7058,unknown,28,may,153,3,-1,0,unknown
7059,unknown,28,may,504,3,-1,0,unknown
7060,unknown,28,may,104,3,-1,0,unknown
7061,unknown,28,may,194,3,-1,0,unknown
7062,unknown,28,may,212,4,-1,0,unknown
7063,unknown,28,may,122,4,-1,0,unknown
7064,unknown,28,may,185,6,-1,0,unknown
7065,unknown,28,may,87,5,-1,0,unknown
7066,unknown,28,may,145,2,-1,0,unknown
7067,unknown,28,may,30,2,-1,0,unknown
7068,unknown,28,may,585,3,-1,0,unknown
7069,unknown,28,may,136,2,-1,0,unknown
7070,unknown,28,may,146,2,-1,0,unknown
7071,unknown,28,may,90,8,-1,0,unknown
7072,unknown,28,may,180,2,-1,0,unknown
7073,unknown,28,may,376,3,-1,0,unknown
7074,unknown,29,may,100,2,-1,0,unknown
7075,unknown,29,may,31,2,-1,0,unknown
7076,unknown,29,may,154,4,-1,0,unknown
7077,unknown,29,may,93,1,-1,0,unknown
7078,unknown,29,may,334,2,-1,0,unknown
7079,unknown,29,may,92,1,-1,0,unknown
7080,unknown,29,may,750,2,-1,0,unknown
7081,unknown,29,may,332,1,-1,0,unknown
7082,unknown,29,may,333,3,-1,0,unknown
7083,unknown,29,may,118,2,-1,0,unknown
7084,unknown,29,may,620,1,-1,0,unknown
7085,unknown,29,may,276,1,-1,0,unknown
7086,unknown,29,may,193,6,-1,0,unknown
7087,unknown,29,may,138,1,-1,0,unknown
7088,unknown,29,may,233,1,-1,0,unknown
7089,unknown,29,may,144,1,-1,0,unknown
7090,unknown,29,may,543,1,-1,0,unknown
7091,unknown,29,may,155,1,-1,0,unknown
7092,unknown,29,may,140,1,-1,0,unknown
7093,unknown,29,may,42,7,-1,0,unknown
7094,unknown,29,may,127,4,-1,0,unknown
7095,unknown,29,may,103,2,-1,0,unknown
7096,unknown,29,may,205,5,-1,0,unknown
7097,unknown,29,may,286,3,-1,0,unknown
7098,unknown,29,may,37,1,-1,0,unknown
7099,unknown,29,may,54,1,-1,0,unknown
7100,unknown,29,may,132,3,-1,0,unknown
7101,unknown,29,may,95,1,-1,0,unknown
7102,unknown,29,may,177,1,-1,0,unknown
7103,unknown,29,may,179,1,-1,0,unknown
7104,unknown,29,may,242,1,-1,0,unknown
7105,unknown,29,may,128,7,-1,0,unknown
7106,unknown,29,may,184,1,-1,0,unknown
7107,unknown,29,may,284,1,-1,0,unknown
7108,unknown,29,may,148,1,-1,0,unknown
7109,unknown,29,may,244,2,-1,0,unknown
7110,unknown,29,may,107,2,-1,0,unknown
7111,unknown,29,may,381,1,-1,0,unknown
7112,unknown,29,may,140,3,-1,0,unknown
7113,unknown,29,may,217,5,-1,0,unknown
7114,unknown,29,may,1196,1,-1,0,unknown
7115,unknown,29,may,102,1,-1,0,unknown
7116,unknown,29,may,129,2,-1,0,unknown
7117,unknown,29,may,52,1,-1,0,unknown
7118,unknown,29,may,41,1,-1,0,unknown
7119,unknown,29,may,285,1,-1,0,unknown
7120,unknown,29,may,134,1,-1,0,unknown
7121,unknown,29,may,14,1,-1,0,unknown
7122,unknown,29,may,182,2,-1,0,unknown
7123,unknown,29,may,539,1,-1,0,unknown
7124,unknown,29,may,37,3,-1,0,unknown
7125,unknown,29,may,162,5,-1,0,unknown
7126,unknown,29,may,184,1,-1,0,unknown
7127,unknown,29,may,285,1,-1,0,unknown
7128,unknown,29,may,456,1,-1,0,unknown
7129,unknown,29,may,361,1,-1,0,unknown
7130,unknown,29,may,74,1,-1,0,unknown
7131,unknown,29,may,130,1,-1,0,unknown
7132,unknown,29,may,203,1,-1,0,unknown
7133,unknown,29,may,186,1,-1,0,unknown
7134,unknown,29,may,37,1,-1,0,unknown
7135,unknown,29,may,206,2,-1,0,unknown
7136,unknown,29,may,230,4,-1,0,unknown
7137,unknown,29,may,283,1,-1,0,unknown
7138,unknown,29,may,44,1,-1,0,unknown
7139,unknown,29,may,205,1,-1,0,unknown
7140,unknown,29,may,291,1,-1,0,unknown
7141,unknown,29,may,159,1,-1,0,unknown
7142,unknown,29,may,148,1,-1,0,unknown
7143,unknown,29,may,150,1,-1,0,unknown
7144,unknown,29,may,57,3,-1,0,unknown
7145,unknown,29,may,733,1,-1,0,unknown
7146,unknown,29,may,193,1,-1,0,unknown
7147,unknown,29,may,705,1,-1,0,unknown
7148,unknown,29,may,52,3,-1,0,unknown
7149,unknown,29,may,744,1,-1,0,unknown
7150,unknown,29,may,84,1,-1,0,unknown
7151,unknown,29,may,23,1,-1,0,unknown
7152,unknown,29,may,578,3,-1,0,unknown
7153,unknown,29,may,358,1,-1,0,unknown
7154,unknown,29,may,119,1,-1,0,unknown
7155,unknown,29,may,619,1,-1,0,unknown
7156,unknown,29,may,364,2,-1,0,unknown
7157,unknown,29,may,418,8,-1,0,unknown
7158,unknown,29,may,111,1,-1,0,unknown
7159,unknown,29,may,56,2,-1,0,unknown
7160,unknown,29,may,456,1,-1,0,unknown
7161,unknown,29,may,109,1,-1,0,unknown
7162,unknown,29,may,413,2,-1,0,unknown
7163,unknown,29,may,278,1,-1,0,unknown
7164,unknown,29,may,791,2,-1,0,unknown
7165,unknown,29,may,146,1,-1,0,unknown
7166,unknown,29,may,202,1,-1,0,unknown
7167,unknown,29,may,154,1,-1,0,unknown
7168,unknown,29,may,257,1,-1,0,unknown
7169,unknown,29,may,208,1,-1,0,unknown
7170,unknown,29,may,360,5,-1,0,unknown
7171,unknown,29,may,131,1,-1,0,unknown
7172,unknown,29,may,137,1,-1,0,unknown
7173,unknown,29,may,155,1,-1,0,unknown
7174,unknown,29,may,66,2,-1,0,unknown
7175,unknown,29,may,103,7,-1,0,unknown
7176,unknown,29,may,656,1,-1,0,unknown
7177,unknown,29,may,358,10,-1,0,unknown
7178,unknown,29,may,514,3,-1,0,unknown
7179,unknown,29,may,27,1,-1,0,unknown
7180,unknown,29,may,544,4,-1,0,unknown
7181,unknown,29,may,346,6,-1,0,unknown
7182,unknown,29,may,54,2,-1,0,unknown
7183,unknown,29,may,134,6,-1,0,unknown
7184,unknown,29,may,135,2,-1,0,unknown
7185,unknown,29,may,633,6,-1,0,unknown
7186,unknown,29,may,48,1,-1,0,unknown
7187,unknown,29,may,359,2,-1,0,unknown
7188,unknown,29,may,1236,2,-1,0,unknown
7189,unknown,29,may,574,1,-1,0,unknown
7190,unknown,29,may,322,1,-1,0,unknown
7191,unknown,29,may,746,1,-1,0,unknown
7192,unknown,29,may,315,1,-1,0,unknown
7193,unknown,29,may,126,1,-1,0,unknown
7194,unknown,29,may,122,1,-1,0,unknown
7195,unknown,29,may,90,1,-1,0,unknown
7196,unknown,29,may,125,2,-1,0,unknown
7197,unknown,29,may,144,2,-1,0,unknown
7198,unknown,29,may,401,1,-1,0,unknown
7199,unknown,29,may,60,1,-1,0,unknown
7200,unknown,29,may,65,1,-1,0,unknown
7201,unknown,29,may,356,2,-1,0,unknown
7202,unknown,29,may,128,1,-1,0,unknown
7203,unknown,29,may,102,4,-1,0,unknown
7204,unknown,29,may,46,1,-1,0,unknown
7205,unknown,29,may,187,3,-1,0,unknown
7206,unknown,29,may,79,3,-1,0,unknown
7207,unknown,29,may,390,3,-1,0,unknown
7208,unknown,29,may,306,1,-1,0,unknown
7209,unknown,29,may,152,1,-1,0,unknown
7210,unknown,29,may,223,4,-1,0,unknown
7211,unknown,29,may,177,1,-1,0,unknown
7212,unknown,29,may,77,1,-1,0,unknown
7213,unknown,29,may,106,1,-1,0,unknown
7214,unknown,29,may,146,1,-1,0,unknown
7215,unknown,29,may,125,1,-1,0,unknown
7216,unknown,29,may,404,1,-1,0,unknown
7217,unknown,29,may,244,1,-1,0,unknown
7218,unknown,29,may,413,1,-1,0,unknown
7219,unknown,29,may,177,2,-1,0,unknown
7220,unknown,29,may,118,1,-1,0,unknown
7221,unknown,29,may,201,1,-1,0,unknown
7222,unknown,29,may,135,1,-1,0,unknown
7223,unknown,29,may,609,2,-1,0,unknown
7224,unknown,29,may,35,1,-1,0,unknown
7225,unknown,29,may,473,1,-1,0,unknown
7226,unknown,29,may,596,1,-1,0,unknown
7227,unknown,29,may,370,1,-1,0,unknown
7228,unknown,29,may,691,1,-1,0,unknown
7229,unknown,29,may,70,2,-1,0,unknown
7230,unknown,29,may,125,2,-1,0,unknown
7231,unknown,29,may,245,4,-1,0,unknown
7232,unknown,29,may,544,1,-1,0,unknown
7233,unknown,29,may,49,3,-1,0,unknown
7234,unknown,29,may,117,1,-1,0,unknown
7235,unknown,29,may,410,5,-1,0,unknown
7236,unknown,29,may,150,1,-1,0,unknown
7237,unknown,29,may,513,3,-1,0,unknown
7238,unknown,29,may,179,2,-1,0,unknown
7239,unknown,29,may,169,4,-1,0,unknown
7240,unknown,29,may,365,2,-1,0,unknown
7241,unknown,29,may,158,1,-1,0,unknown
7242,unknown,29,may,1207,1,-1,0,unknown
7243,unknown,29,may,159,1,-1,0,unknown
7244,unknown,29,may,82,1,-1,0,unknown
7245,unknown,29,may,42,3,-1,0,unknown
7246,unknown,29,may,206,1,-1,0,unknown
7247,unknown,29,may,92,1,-1,0,unknown
7248,unknown,29,may,162,2,-1,0,unknown
7249,unknown,29,may,347,1,-1,0,unknown
7250,unknown,29,may,68,1,-1,0,unknown
7251,unknown,29,may,117,1,-1,0,unknown
7252,unknown,29,may,936,1,-1,0,unknown
7253,unknown,29,may,162,2,-1,0,unknown
7254,unknown,29,may,285,2,-1,0,unknown
7255,unknown,29,may,71,5,-1,0,unknown
7256,unknown,29,may,178,1,-1,0,unknown
7257,unknown,29,may,89,2,-1,0,unknown
7258,unknown,29,may,52,5,-1,0,unknown
7259,unknown,29,may,409,3,-1,0,unknown
7260,unknown,29,may,87,7,-1,0,unknown
7261,unknown,29,may,202,1,-1,0,unknown
7262,unknown,29,may,117,1,-1,0,unknown
7263,unknown,29,may,441,1,-1,0,unknown
7264,unknown,29,may,175,1,-1,0,unknown
7265,unknown,29,may,164,3,-1,0,unknown
7266,unknown,29,may,80,3,-1,0,unknown
7267,unknown,29,may,141,9,-1,0,unknown
7268,unknown,29,may,932,3,-1,0,unknown
7269,unknown,29,may,13,1,-1,0,unknown
7270,unknown,29,may,139,3,-1,0,unknown
7271,unknown,29,may,882,2,-1,0,unknown
7272,unknown,29,may,263,3,-1,0,unknown
7273,unknown,29,may,440,2,-1,0,unknown
7274,unknown,29,may,174,2,-1,0,unknown
7275,unknown,29,may,76,3,-1,0,unknown
7276,unknown,29,may,26,3,-1,0,unknown
7277,unknown,29,may,455,2,-1,0,unknown
7278,unknown,29,may,180,2,-1,0,unknown
7279,unknown,29,may,200,2,-1,0,unknown
7280,unknown,29,may,51,1,-1,0,unknown
7281,unknown,29,may,535,2,-1,0,unknown
7282,unknown,29,may,313,2,-1,0,unknown
7283,unknown,29,may,101,1,-1,0,unknown
7284,unknown,29,may,125,2,-1,0,unknown
7285,unknown,29,may,364,3,-1,0,unknown
7286,unknown,29,may,153,1,-1,0,unknown
7287,unknown,29,may,158,1,-1,0,unknown
7288,unknown,29,may,617,2,-1,0,unknown
7289,unknown,29,may,99,1,-1,0,unknown
7290,unknown,29,may,165,1,-1,0,unknown
7291,unknown,29,may,121,1,-1,0,unknown
7292,unknown,29,may,217,1,-1,0,unknown
7293,unknown,29,may,129,2,-1,0,unknown
7294,unknown,29,may,200,4,-1,0,unknown
7295,unknown,29,may,431,2,-1,0,unknown
7296,unknown,29,may,417,2,-1,0,unknown
7297,unknown,29,may,480,2,-1,0,unknown
7298,unknown,29,may,331,4,-1,0,unknown
7299,unknown,29,may,359,3,-1,0,unknown
7300,unknown,29,may,332,2,-1,0,unknown
7301,unknown,29,may,535,2,-1,0,unknown
7302,unknown,29,may,147,2,-1,0,unknown
7303,unknown,29,may,13,3,-1,0,unknown
7304,unknown,29,may,689,2,-1,0,unknown
7305,unknown,29,may,242,3,-1,0,unknown
7306,unknown,29,may,122,10,-1,0,unknown
7307,unknown,29,may,665,1,-1,0,unknown
7308,unknown,29,may,97,1,-1,0,unknown
7309,unknown,29,may,322,1,-1,0,unknown
7310,unknown,29,may,144,1,-1,0,unknown
7311,unknown,29,may,376,1,-1,0,unknown
7312,unknown,29,may,480,10,-1,0,unknown
7313,unknown,29,may,158,1,-1,0,unknown
7314,unknown,29,may,609,1,-1,0,unknown
7315,unknown,29,may,161,1,-1,0,unknown
7316,unknown,29,may,116,1,-1,0,unknown
7317,unknown,29,may,76,1,-1,0,unknown
7318,unknown,29,may,217,1,-1,0,unknown
7319,unknown,29,may,112,1,-1,0,unknown
7320,unknown,29,may,607,2,-1,0,unknown
7321,unknown,29,may,726,1,-1,0,unknown
7322,unknown,29,may,148,4,-1,0,unknown
7323,unknown,29,may,135,4,-1,0,unknown
7324,unknown,29,may,1059,2,-1,0,unknown
7325,unknown,29,may,184,2,-1,0,unknown
7326,unknown,29,may,245,3,-1,0,unknown
7327,unknown,29,may,253,2,-1,0,unknown
7328,unknown,29,may,293,2,-1,0,unknown
7329,unknown,29,may,246,2,-1,0,unknown
7330,unknown,29,may,195,2,-1,0,unknown
7331,unknown,29,may,221,2,-1,0,unknown
7332,unknown,29,may,166,3,-1,0,unknown
7333,unknown,29,may,385,2,-1,0,unknown
7334,unknown,29,may,789,3,-1,0,unknown
7335,unknown,29,may,85,6,-1,0,unknown
7336,unknown,29,may,173,1,-1,0,unknown
7337,unknown,29,may,48,5,-1,0,unknown
7338,unknown,29,may,410,3,-1,0,unknown
7339,unknown,29,may,311,3,-1,0,unknown
7340,unknown,29,may,81,1,-1,0,unknown
7341,unknown,29,may,558,13,-1,0,unknown
7342,unknown,29,may,109,4,-1,0,unknown
7343,unknown,29,may,77,3,-1,0,unknown
7344,unknown,29,may,70,7,-1,0,unknown
7345,unknown,29,may,229,4,-1,0,unknown
7346,unknown,29,may,565,1,-1,0,unknown
7347,unknown,29,may,145,2,-1,0,unknown
7348,unknown,29,may,792,3,-1,0,unknown
7349,unknown,29,may,199,2,-1,0,unknown
7350,unknown,29,may,488,1,-1,0,unknown
7351,unknown,29,may,176,3,-1,0,unknown
7352,unknown,29,may,123,4,-1,0,unknown
7353,unknown,29,may,88,2,-1,0,unknown
7354,unknown,29,may,768,4,-1,0,unknown
7355,unknown,29,may,105,3,-1,0,unknown
7356,unknown,29,may,101,4,-1,0,unknown
7357,unknown,29,may,33,2,-1,0,unknown
7358,unknown,29,may,122,2,-1,0,unknown
7359,unknown,29,may,52,2,-1,0,unknown
7360,unknown,29,may,150,4,-1,0,unknown
7361,unknown,29,may,399,1,-1,0,unknown
7362,unknown,29,may,58,1,-1,0,unknown
7363,unknown,29,may,199,3,-1,0,unknown
7364,unknown,29,may,260,1,-1,0,unknown
7365,unknown,29,may,241,4,-1,0,unknown
7366,unknown,29,may,399,5,-1,0,unknown
7367,unknown,29,may,40,2,-1,0,unknown
7368,unknown,29,may,167,1,-1,0,unknown
7369,unknown,29,may,637,3,-1,0,unknown
7370,unknown,29,may,107,2,-1,0,unknown
7371,unknown,29,may,68,1,-1,0,unknown
7372,unknown,29,may,137,1,-1,0,unknown
7373,unknown,29,may,182,1,-1,0,unknown
7374,unknown,29,may,553,1,-1,0,unknown
7375,unknown,29,may,310,3,-1,0,unknown
7376,unknown,29,may,206,3,-1,0,unknown
7377,unknown,29,may,119,2,-1,0,unknown
7378,unknown,29,may,764,2,-1,0,unknown
7379,unknown,29,may,833,2,-1,0,unknown
7380,unknown,29,may,126,2,-1,0,unknown
7381,unknown,29,may,91,2,-1,0,unknown
7382,unknown,29,may,251,4,-1,0,unknown
7383,unknown,29,may,166,5,-1,0,unknown
7384,unknown,29,may,188,6,-1,0,unknown
7385,unknown,29,may,60,2,-1,0,unknown
7386,unknown,29,may,368,2,-1,0,unknown
7387,unknown,29,may,414,2,-1,0,unknown
7388,unknown,29,may,128,3,-1,0,unknown
7389,unknown,29,may,685,2,-1,0,unknown
7390,unknown,29,may,512,5,-1,0,unknown
7391,unknown,29,may,102,3,-1,0,unknown
7392,unknown,29,may,1611,2,-1,0,unknown
7393,unknown,29,may,44,15,-1,0,unknown
7394,unknown,29,may,162,2,-1,0,unknown
7395,unknown,29,may,74,2,-1,0,unknown
7396,unknown,29,may,118,3,-1,0,unknown
7397,unknown,29,may,725,3,-1,0,unknown
7398,unknown,29,may,100,5,-1,0,unknown
7399,unknown,29,may,124,3,-1,0,unknown
7400,unknown,29,may,752,2,-1,0,unknown
7401,unknown,29,may,233,5,-1,0,unknown
7402,unknown,29,may,241,3,-1,0,unknown
7403,unknown,29,may,430,1,-1,0,unknown
7404,unknown,29,may,219,3,-1,0,unknown
7405,unknown,29,may,67,2,-1,0,unknown
7406,unknown,29,may,294,3,-1,0,unknown
7407,unknown,29,may,318,2,-1,0,unknown
7408,unknown,29,may,428,1,-1,0,unknown
7409,unknown,29,may,1185,3,-1,0,unknown
7410,unknown,29,may,110,3,-1,0,unknown
7411,unknown,29,may,323,3,-1,0,unknown
7412,unknown,29,may,58,2,-1,0,unknown
7413,unknown,29,may,386,2,-1,0,unknown
7414,unknown,29,may,218,2,-1,0,unknown
7415,unknown,29,may,153,2,-1,0,unknown
7416,unknown,29,may,84,2,-1,0,unknown
7417,unknown,29,may,130,2,-1,0,unknown
7418,unknown,29,may,113,2,-1,0,unknown
7419,unknown,29,may,744,6,-1,0,unknown
7420,unknown,29,may,76,4,-1,0,unknown
7421,unknown,29,may,187,3,-1,0,unknown
7422,unknown,29,may,587,4,-1,0,unknown
7423,unknown,29,may,336,3,-1,0,unknown
7424,unknown,29,may,59,3,-1,0,unknown
7425,unknown,29,may,72,12,-1,0,unknown
7426,unknown,29,may,216,2,-1,0,unknown
7427,unknown,29,may,273,2,-1,0,unknown
7428,unknown,29,may,198,3,-1,0,unknown
7429,unknown,29,may,347,2,-1,0,unknown
7430,unknown,29,may,286,2,-1,0,unknown
7431,unknown,29,may,668,2,-1,0,unknown
7432,unknown,29,may,211,6,-1,0,unknown
7433,unknown,29,may,175,3,-1,0,unknown
7434,unknown,29,may,324,3,-1,0,unknown
7435,unknown,29,may,228,3,-1,0,unknown
7436,unknown,29,may,38,9,-1,0,unknown
7437,unknown,29,may,128,2,-1,0,unknown
7438,unknown,29,may,96,2,-1,0,unknown
7439,unknown,29,may,18,16,-1,0,unknown
7440,unknown,29,may,147,4,-1,0,unknown
7441,unknown,29,may,135,2,-1,0,unknown
7442,unknown,29,may,56,3,-1,0,unknown
7443,unknown,29,may,39,22,-1,0,unknown
7444,unknown,29,may,144,5,-1,0,unknown
7445,unknown,29,may,249,2,-1,0,unknown
7446,unknown,29,may,286,3,-1,0,unknown
7447,unknown,29,may,230,4,-1,0,unknown
7448,unknown,29,may,183,3,-1,0,unknown
7449,unknown,29,may,240,2,-1,0,unknown
7450,unknown,29,may,238,3,-1,0,unknown
7451,unknown,29,may,225,3,-1,0,unknown
7452,unknown,29,may,151,2,-1,0,unknown
7453,unknown,29,may,194,2,-1,0,unknown
7454,unknown,29,may,273,3,-1,0,unknown
7455,unknown,29,may,431,2,-1,0,unknown
7456,unknown,29,may,57,2,-1,0,unknown
7457,unknown,29,may,814,2,-1,0,unknown
7458,unknown,29,may,859,2,-1,0,unknown
7459,unknown,29,may,184,3,-1,0,unknown
7460,unknown,29,may,1363,2,-1,0,unknown
7461,unknown,29,may,313,2,-1,0,unknown
7462,unknown,29,may,142,7,-1,0,unknown
7463,unknown,29,may,442,3,-1,0,unknown
7464,unknown,29,may,751,3,-1,0,unknown
7465,unknown,29,may,260,2,-1,0,unknown
7466,unknown,29,may,164,3,-1,0,unknown
7467,unknown,29,may,238,2,-1,0,unknown
7468,unknown,29,may,53,3,-1,0,unknown
7469,unknown,29,may,364,2,-1,0,unknown
7470,unknown,29,may,35,24,-1,0,unknown
7471,unknown,29,may,106,4,-1,0,unknown
7472,unknown,29,may,382,3,-1,0,unknown
7473,unknown,29,may,191,5,-1,0,unknown
7474,unknown,29,may,483,2,-1,0,unknown
7475,unknown,29,may,253,3,-1,0,unknown
7476,unknown,29,may,328,2,-1,0,unknown
7477,unknown,29,may,82,2,-1,0,unknown
7478,unknown,29,may,348,3,-1,0,unknown
7479,unknown,29,may,155,2,-1,0,unknown
7480,unknown,29,may,1109,3,-1,0,unknown
7481,unknown,29,may,828,3,-1,0,unknown
7482,unknown,29,may,134,4,-1,0,unknown
7483,unknown,29,may,96,5,-1,0,unknown
7484,unknown,29,may,197,9,-1,0,unknown
7485,unknown,29,may,645,2,-1,0,unknown
7486,unknown,29,may,209,3,-1,0,unknown
7487,unknown,29,may,81,4,-1,0,unknown
7488,unknown,29,may,201,3,-1,0,unknown
7489,unknown,29,may,69,3,-1,0,unknown
7490,unknown,29,may,42,3,-1,0,unknown
7491,unknown,29,may,248,3,-1,0,unknown
7492,unknown,29,may,2260,2,-1,0,unknown
7493,unknown,29,may,54,22,-1,0,unknown
7494,unknown,29,may,91,7,-1,0,unknown
7495,unknown,29,may,660,2,-1,0,unknown
7496,unknown,29,may,182,6,-1,0,unknown
7497,unknown,29,may,30,2,-1,0,unknown
7498,unknown,29,may,101,23,-1,0,unknown
7499,unknown,29,may,54,15,-1,0,unknown
7500,unknown,29,may,374,4,-1,0,unknown
7501,unknown,29,may,447,4,-1,0,unknown
7502,unknown,29,may,216,7,-1,0,unknown
7503,unknown,29,may,76,4,-1,0,unknown
7504,unknown,29,may,62,6,-1,0,unknown
7505,unknown,29,may,86,4,-1,0,unknown
7506,unknown,29,may,23,15,-1,0,unknown
7507,unknown,29,may,516,4,-1,0,unknown
7508,unknown,29,may,151,7,-1,0,unknown
7509,unknown,29,may,52,8,-1,0,unknown
7510,unknown,29,may,95,3,-1,0,unknown
7511,unknown,29,may,52,3,-1,0,unknown
7512,unknown,29,may,421,3,-1,0,unknown
7513,unknown,29,may,52,4,-1,0,unknown
7514,unknown,29,may,340,7,-1,0,unknown
7515,unknown,29,may,139,2,-1,0,unknown
7516,unknown,30,may,288,3,-1,0,unknown
7517,unknown,30,may,231,3,-1,0,unknown
7518,unknown,30,may,203,2,-1,0,unknown
7519,unknown,30,may,105,2,-1,0,unknown
7520,unknown,30,may,67,3,-1,0,unknown
7521,unknown,30,may,63,3,-1,0,unknown
7522,unknown,30,may,311,4,-1,0,unknown
7523,unknown,30,may,50,2,-1,0,unknown
7524,unknown,30,may,86,3,-1,0,unknown
7525,unknown,30,may,139,3,-1,0,unknown
7526,unknown,30,may,287,12,-1,0,unknown
7527,unknown,30,may,396,3,-1,0,unknown
7528,unknown,30,may,235,1,-1,0,unknown
7529,unknown,30,may,43,1,-1,0,unknown
7530,unknown,30,may,233,1,-1,0,unknown
7531,unknown,30,may,177,1,-1,0,unknown
7532,unknown,30,may,149,1,-1,0,unknown
7533,unknown,30,may,422,1,-1,0,unknown
7534,unknown,30,may,83,1,-1,0,unknown
7535,unknown,30,may,324,1,-1,0,unknown
7536,unknown,30,may,287,1,-1,0,unknown
7537,unknown,30,may,58,2,-1,0,unknown
7538,unknown,30,may,226,1,-1,0,unknown
7539,unknown,30,may,153,1,-1,0,unknown
7540,unknown,30,may,151,3,-1,0,unknown
7541,unknown,30,may,31,1,-1,0,unknown
7542,unknown,30,may,118,6,-1,0,unknown
7543,unknown,30,may,917,1,-1,0,unknown
7544,unknown,30,may,171,1,-1,0,unknown
7545,unknown,30,may,62,3,-1,0,unknown
7546,unknown,30,may,133,4,-1,0,unknown
7547,unknown,30,may,184,4,-1,0,unknown
7548,unknown,30,may,91,9,-1,0,unknown
7549,unknown,30,may,498,4,-1,0,unknown
7550,unknown,30,may,85,7,-1,0,unknown
7551,unknown,30,may,224,2,-1,0,unknown
7552,unknown,30,may,242,3,-1,0,unknown
7553,unknown,30,may,192,6,-1,0,unknown
7554,unknown,30,may,207,4,-1,0,unknown
7555,unknown,30,may,553,3,-1,0,unknown
7556,unknown,30,may,711,1,-1,0,unknown
7557,unknown,30,may,147,9,-1,0,unknown
7558,unknown,30,may,87,1,-1,0,unknown
7559,unknown,30,may,199,2,-1,0,unknown
7560,unknown,30,may,34,2,-1,0,unknown
7561,unknown,30,may,65,7,-1,0,unknown
7562,unknown,30,may,150,1,-1,0,unknown
7563,unknown,30,may,57,1,-1,0,unknown
7564,unknown,30,may,234,1,-1,0,unknown
7565,unknown,30,may,521,2,-1,0,unknown
7566,unknown,30,may,555,1,-1,0,unknown
7567,unknown,30,may,86,1,-1,0,unknown
7568,unknown,30,may,204,4,-1,0,unknown
7569,unknown,30,may,162,1,-1,0,unknown
7570,unknown,30,may,648,5,-1,0,unknown
7571,unknown,30,may,659,1,-1,0,unknown
7572,unknown,30,may,867,3,-1,0,unknown
7573,unknown,30,may,96,2,-1,0,unknown
7574,unknown,30,may,123,1,-1,0,unknown
7575,unknown,30,may,56,1,-1,0,unknown
7576,unknown,30,may,54,3,-1,0,unknown
7577,unknown,30,may,152,4,-1,0,unknown
7578,unknown,30,may,25,4,-1,0,unknown
7579,unknown,30,may,139,2,-1,0,unknown
7580,unknown,30,may,120,6,-1,0,unknown
7581,unknown,30,may,491,1,-1,0,unknown
7582,unknown,30,may,379,17,-1,0,unknown
7583,unknown,30,may,289,2,-1,0,unknown
7584,unknown,30,may,574,1,-1,0,unknown
7585,unknown,30,may,343,3,-1,0,unknown
7586,unknown,30,may,98,2,-1,0,unknown
7587,unknown,30,may,110,1,-1,0,unknown
7588,unknown,30,may,319,1,-1,0,unknown
7589,unknown,30,may,108,1,-1,0,unknown
7590,unknown,30,may,762,3,-1,0,unknown
7591,unknown,30,may,80,3,-1,0,unknown
7592,unknown,30,may,449,1,-1,0,unknown
7593,unknown,30,may,306,1,-1,0,unknown
7594,unknown,30,may,198,1,-1,0,unknown
7595,unknown,30,may,135,2,-1,0,unknown
7596,unknown,30,may,69,1,-1,0,unknown
7597,unknown,30,may,55,1,-1,0,unknown
7598,unknown,30,may,138,1,-1,0,unknown
7599,unknown,30,may,135,1,-1,0,unknown
7600,unknown,30,may,70,1,-1,0,unknown
7601,unknown,30,may,652,2,-1,0,unknown
7602,unknown,30,may,327,1,-1,0,unknown
7603,unknown,30,may,246,1,-1,0,unknown
7604,unknown,30,may,295,1,-1,0,unknown
7605,unknown,30,may,255,1,-1,0,unknown
7606,unknown,30,may,523,1,-1,0,unknown
7607,unknown,30,may,130,1,-1,0,unknown
7608,unknown,30,may,103,5,-1,0,unknown
7609,unknown,30,may,205,2,-1,0,unknown
7610,unknown,30,may,92,1,-1,0,unknown
7611,unknown,30,may,1133,2,-1,0,unknown
7612,unknown,30,may,107,1,-1,0,unknown
7613,unknown,30,may,65,1,-1,0,unknown
7614,unknown,30,may,556,1,-1,0,unknown
7615,unknown,30,may,115,1,-1,0,unknown
7616,unknown,30,may,180,1,-1,0,unknown
7617,unknown,30,may,87,1,-1,0,unknown
7618,unknown,30,may,70,2,-1,0,unknown
7619,unknown,30,may,132,1,-1,0,unknown
7620,unknown,30,may,312,1,-1,0,unknown
7621,unknown,30,may,283,1,-1,0,unknown
7622,unknown,30,may,182,1,-1,0,unknown
7623,unknown,30,may,127,1,-1,0,unknown
7624,unknown,30,may,126,1,-1,0,unknown
7625,unknown,30,may,91,2,-1,0,unknown
7626,unknown,30,may,78,1,-1,0,unknown
7627,unknown,30,may,417,1,-1,0,unknown
7628,unknown,30,may,407,1,-1,0,unknown
7629,unknown,30,may,160,1,-1,0,unknown
7630,unknown,30,may,171,1,-1,0,unknown
7631,unknown,30,may,210,1,-1,0,unknown
7632,unknown,30,may,638,1,-1,0,unknown
7633,unknown,30,may,135,3,-1,0,unknown
7634,unknown,30,may,461,1,-1,0,unknown
7635,unknown,30,may,763,1,-1,0,unknown
7636,unknown,30,may,171,1,-1,0,unknown
7637,unknown,30,may,682,1,-1,0,unknown
7638,unknown,30,may,68,2,-1,0,unknown
7639,unknown,30,may,120,3,-1,0,unknown
7640,unknown,30,may,67,2,-1,0,unknown
7641,unknown,30,may,381,2,-1,0,unknown
7642,unknown,30,may,278,2,-1,0,unknown
7643,unknown,30,may,126,1,-1,0,unknown
7644,unknown,30,may,149,1,-1,0,unknown
7645,unknown,30,may,95,1,-1,0,unknown
7646,unknown,30,may,197,1,-1,0,unknown
7647,unknown,30,may,38,3,-1,0,unknown
7648,unknown,30,may,61,2,-1,0,unknown
7649,unknown,30,may,176,4,-1,0,unknown
7650,unknown,30,may,275,2,-1,0,unknown
7651,unknown,30,may,201,4,-1,0,unknown
7652,unknown,30,may,724,1,-1,0,unknown
7653,unknown,30,may,143,4,-1,0,unknown
7654,unknown,30,may,197,3,-1,0,unknown
7655,unknown,30,may,143,2,-1,0,unknown
7656,unknown,30,may,197,12,-1,0,unknown
7657,unknown,30,may,536,2,-1,0,unknown
7658,unknown,30,may,120,2,-1,0,unknown
7659,unknown,30,may,604,2,-1,0,unknown
7660,unknown,30,may,254,1,-1,0,unknown
7661,unknown,30,may,121,1,-1,0,unknown
7662,unknown,30,may,118,2,-1,0,unknown
7663,unknown,30,may,447,1,-1,0,unknown
7664,unknown,30,may,151,2,-1,0,unknown
7665,unknown,30,may,114,2,-1,0,unknown
7666,unknown,30,may,854,2,-1,0,unknown
7667,unknown,30,may,115,1,-1,0,unknown
7668,unknown,30,may,855,2,-1,0,unknown
7669,unknown,30,may,274,1,-1,0,unknown
7670,unknown,30,may,43,2,-1,0,unknown
7671,unknown,30,may,153,1,-1,0,unknown
7672,unknown,30,may,264,1,-1,0,unknown
7673,unknown,30,may,251,1,-1,0,unknown
7674,unknown,30,may,1269,1,-1,0,unknown
7675,unknown,30,may,119,1,-1,0,unknown
7676,unknown,30,may,104,3,-1,0,unknown
7677,unknown,30,may,65,14,-1,0,unknown
7678,unknown,30,may,53,2,-1,0,unknown
7679,unknown,30,may,63,2,-1,0,unknown
7680,unknown,30,may,199,3,-1,0,unknown
7681,unknown,30,may,75,1,-1,0,unknown
7682,unknown,30,may,157,3,-1,0,unknown
7683,unknown,30,may,565,2,-1,0,unknown
7684,unknown,30,may,165,1,-1,0,unknown
7685,unknown,30,may,150,1,-1,0,unknown
7686,unknown,30,may,109,1,-1,0,unknown
7687,unknown,30,may,60,1,-1,0,unknown
7688,unknown,30,may,385,2,-1,0,unknown
7689,unknown,30,may,868,1,-1,0,unknown
7690,unknown,30,may,161,1,-1,0,unknown
7691,unknown,30,may,448,1,-1,0,unknown
7692,unknown,30,may,137,1,-1,0,unknown
7693,unknown,30,may,155,1,-1,0,unknown
7694,unknown,30,may,633,1,-1,0,unknown
7695,unknown,30,may,510,1,-1,0,unknown
7696,unknown,30,may,309,1,-1,0,unknown
7697,unknown,30,may,58,1,-1,0,unknown
7698,unknown,30,may,127,1,-1,0,unknown
7699,unknown,30,may,170,4,-1,0,unknown
7700,unknown,30,may,208,2,-1,0,unknown
7701,unknown,30,may,129,2,-1,0,unknown
7702,unknown,30,may,134,3,-1,0,unknown
7703,unknown,30,may,129,3,-1,0,unknown
7704,unknown,30,may,184,2,-1,0,unknown
7705,unknown,30,may,371,2,-1,0,unknown
7706,unknown,30,may,145,2,-1,0,unknown
7707,unknown,30,may,136,2,-1,0,unknown
7708,unknown,30,may,63,2,-1,0,unknown
7709,unknown,30,may,143,1,-1,0,unknown
7710,unknown,30,may,151,1,-1,0,unknown
7711,unknown,30,may,56,2,-1,0,unknown
7712,unknown,30,may,35,1,-1,0,unknown
7713,unknown,30,may,298,3,-1,0,unknown
7714,unknown,30,may,158,1,-1,0,unknown
7715,unknown,30,may,47,8,-1,0,unknown
7716,unknown,30,may,827,5,-1,0,unknown
7717,unknown,30,may,83,2,-1,0,unknown
7718,unknown,30,may,570,2,-1,0,unknown
7719,unknown,30,may,557,2,-1,0,unknown
7720,unknown,30,may,59,1,-1,0,unknown
7721,unknown,30,may,38,5,-1,0,unknown
7722,unknown,30,may,170,1,-1,0,unknown
7723,unknown,30,may,45,4,-1,0,unknown
7724,unknown,30,may,422,2,-1,0,unknown
7725,unknown,30,may,230,2,-1,0,unknown
7726,unknown,30,may,141,9,-1,0,unknown
7727,unknown,30,may,76,3,-1,0,unknown
7728,unknown,30,may,691,10,-1,0,unknown
7729,unknown,30,may,141,4,-1,0,unknown
7730,unknown,30,may,251,2,-1,0,unknown
7731,unknown,30,may,238,3,-1,0,unknown
7732,unknown,30,may,1097,15,-1,0,unknown
7733,unknown,30,may,111,1,-1,0,unknown
7734,unknown,30,may,84,3,-1,0,unknown
7735,unknown,30,may,371,2,-1,0,unknown
7736,unknown,30,may,254,2,-1,0,unknown
7737,unknown,30,may,103,2,-1,0,unknown
7738,unknown,30,may,206,2,-1,0,unknown
7739,unknown,30,may,1500,2,-1,0,unknown
7740,unknown,30,may,265,3,-1,0,unknown
7741,unknown,30,may,567,2,-1,0,unknown
7742,unknown,30,may,254,2,-1,0,unknown
7743,unknown,30,may,464,2,-1,0,unknown
7744,unknown,30,may,1236,2,-1,0,unknown
7745,unknown,30,may,33,2,-1,0,unknown
7746,unknown,30,may,613,2,-1,0,unknown
7747,unknown,30,may,156,4,-1,0,unknown
7748,unknown,30,may,1212,3,-1,0,unknown
7749,unknown,30,may,200,2,-1,0,unknown
7750,unknown,30,may,96,3,-1,0,unknown
7751,unknown,30,may,171,2,-1,0,unknown
7752,unknown,30,may,244,2,-1,0,unknown
7753,unknown,30,may,53,5,-1,0,unknown
7754,unknown,30,may,91,2,-1,0,unknown
7755,unknown,30,may,185,3,-1,0,unknown
7756,unknown,30,may,169,3,-1,0,unknown
7757,unknown,30,may,515,2,-1,0,unknown
7758,unknown,30,may,388,7,-1,0,unknown
7759,unknown,30,may,192,4,-1,0,unknown
7760,unknown,30,may,178,2,-1,0,unknown
7761,unknown,30,may,422,9,-1,0,unknown
7762,unknown,30,may,76,2,-1,0,unknown
7763,unknown,30,may,886,3,-1,0,unknown
7764,unknown,30,may,296,2,-1,0,unknown
7765,unknown,30,may,462,2,-1,0,unknown
7766,unknown,30,may,378,1,-1,0,unknown
7767,unknown,30,may,1343,3,-1,0,unknown
7768,unknown,30,may,288,4,-1,0,unknown
7769,unknown,30,may,136,2,-1,0,unknown
7770,unknown,30,may,58,1,-1,0,unknown
7771,unknown,30,may,60,1,-1,0,unknown
7772,unknown,30,may,340,1,-1,0,unknown
7773,unknown,30,may,668,2,-1,0,unknown
7774,unknown,30,may,159,1,-1,0,unknown
7775,unknown,30,may,113,1,-1,0,unknown
7776,unknown,30,may,123,2,-1,0,unknown
7777,unknown,30,may,306,1,-1,0,unknown
7778,unknown,30,may,148,1,-1,0,unknown
7779,unknown,30,may,322,2,-1,0,unknown
7780,unknown,30,may,475,4,-1,0,unknown
7781,unknown,30,may,130,2,-1,0,unknown
7782,unknown,30,may,183,2,-1,0,unknown
7783,unknown,30,may,224,5,-1,0,unknown
7784,unknown,30,may,637,2,-1,0,unknown
7785,unknown,30,may,88,2,-1,0,unknown
7786,unknown,30,may,509,2,-1,0,unknown
7787,unknown,30,may,152,1,-1,0,unknown
7788,unknown,30,may,147,1,-1,0,unknown
7789,unknown,30,may,97,2,-1,0,unknown
7790,unknown,30,may,337,3,-1,0,unknown
7791,unknown,30,may,113,3,-1,0,unknown
7792,unknown,30,may,465,3,-1,0,unknown
7793,unknown,30,may,294,3,-1,0,unknown
7794,unknown,30,may,224,4,-1,0,unknown
7795,unknown,30,may,812,3,-1,0,unknown
7796,unknown,30,may,58,3,-1,0,unknown
7797,unknown,30,may,137,3,-1,0,unknown
7798,unknown,30,may,126,2,-1,0,unknown
7799,unknown,30,may,142,2,-1,0,unknown
7800,unknown,30,may,312,7,-1,0,unknown
7801,unknown,30,may,34,2,-1,0,unknown
7802,unknown,30,may,825,2,-1,0,unknown
7803,unknown,30,may,240,2,-1,0,unknown
7804,unknown,30,may,116,6,-1,0,unknown
7805,unknown,30,may,103,5,-1,0,unknown
7806,unknown,30,may,31,6,-1,0,unknown
7807,unknown,30,may,66,2,-1,0,unknown
7808,unknown,30,may,214,2,-1,0,unknown
7809,unknown,30,may,65,2,-1,0,unknown
7810,unknown,30,may,80,2,-1,0,unknown
7811,unknown,30,may,1980,2,-1,0,unknown
7812,unknown,30,may,84,3,-1,0,unknown
7813,unknown,30,may,358,4,-1,0,unknown
7814,unknown,30,may,521,2,-1,0,unknown
7815,unknown,30,may,200,3,-1,0,unknown
7816,unknown,30,may,62,3,-1,0,unknown
7817,unknown,30,may,265,2,-1,0,unknown
7818,unknown,30,may,618,3,-1,0,unknown
7819,unknown,30,may,256,6,-1,0,unknown
7820,unknown,30,may,199,3,-1,0,unknown
7821,unknown,30,may,722,3,-1,0,unknown
7822,unknown,30,may,888,3,-1,0,unknown
7823,unknown,30,may,510,3,-1,0,unknown
7824,unknown,30,may,355,2,-1,0,unknown
7825,unknown,30,may,150,5,-1,0,unknown
7826,unknown,30,may,170,2,-1,0,unknown
7827,unknown,30,may,191,3,-1,0,unknown
7828,unknown,30,may,572,6,-1,0,unknown
7829,unknown,30,may,243,3,-1,0,unknown
7830,unknown,30,may,140,2,-1,0,unknown
7831,unknown,30,may,267,14,-1,0,unknown
7832,unknown,30,may,219,4,-1,0,unknown
7833,unknown,30,may,216,3,-1,0,unknown
7834,unknown,30,may,78,3,-1,0,unknown
7835,unknown,30,may,222,9,-1,0,unknown
7836,unknown,30,may,243,3,-1,0,unknown
7837,unknown,30,may,212,4,-1,0,unknown
7838,unknown,30,may,363,3,-1,0,unknown
7839,unknown,30,may,67,2,-1,0,unknown
7840,unknown,30,may,156,5,-1,0,unknown
7841,unknown,30,may,41,3,-1,0,unknown
7842,unknown,30,may,108,3,-1,0,unknown
7843,unknown,30,may,408,2,-1,0,unknown
7844,unknown,30,may,272,2,-1,0,unknown
7845,unknown,30,may,281,2,-1,0,unknown
7846,unknown,30,may,742,2,-1,0,unknown
7847,unknown,30,may,166,2,-1,0,unknown
7848,unknown,30,may,376,3,-1,0,unknown
7849,unknown,30,may,138,2,-1,0,unknown
7850,unknown,30,may,16,18,-1,0,unknown
7851,unknown,30,may,984,2,-1,0,unknown
7852,unknown,30,may,363,7,-1,0,unknown
7853,unknown,30,may,161,12,-1,0,unknown
7854,unknown,30,may,28,3,-1,0,unknown
7855,unknown,30,may,275,9,-1,0,unknown
7856,unknown,30,may,170,7,-1,0,unknown
7857,unknown,30,may,66,3,-1,0,unknown
7858,unknown,30,may,199,3,-1,0,unknown
7859,unknown,30,may,274,2,-1,0,unknown
7860,unknown,30,may,136,8,-1,0,unknown
7861,unknown,30,may,62,2,-1,0,unknown
7862,unknown,30,may,58,3,-1,0,unknown
7863,unknown,30,may,189,5,-1,0,unknown
7864,unknown,30,may,319,6,-1,0,unknown
7865,unknown,30,may,352,3,-1,0,unknown
7866,unknown,30,may,228,2,-1,0,unknown
7867,unknown,30,may,230,2,-1,0,unknown
7868,unknown,30,may,178,2,-1,0,unknown
7869,unknown,30,may,42,11,-1,0,unknown
7870,unknown,30,may,124,4,-1,0,unknown
7871,unknown,30,may,171,2,-1,0,unknown
7872,unknown,30,may,119,2,-1,0,unknown
7873,unknown,30,may,66,4,-1,0,unknown
7874,unknown,30,may,130,2,-1,0,unknown
7875,unknown,30,may,390,2,-1,0,unknown
7876,unknown,30,may,101,16,-1,0,unknown
7877,unknown,30,may,100,3,-1,0,unknown
7878,unknown,30,may,78,2,-1,0,unknown
7879,unknown,30,may,212,3,-1,0,unknown
7880,unknown,30,may,181,4,-1,0,unknown
7881,unknown,30,may,72,3,-1,0,unknown
7882,unknown,30,may,390,2,-1,0,unknown
7883,unknown,30,may,324,3,-1,0,unknown
7884,unknown,30,may,163,3,-1,0,unknown
7885,unknown,30,may,110,6,-1,0,unknown
7886,unknown,30,may,72,2,-1,0,unknown
7887,unknown,30,may,85,2,-1,0,unknown
7888,unknown,30,may,54,4,-1,0,unknown
7889,unknown,30,may,231,2,-1,0,unknown
7890,unknown,30,may,833,8,-1,0,unknown
7891,unknown,30,may,124,3,-1,0,unknown
7892,unknown,30,may,57,10,-1,0,unknown
7893,unknown,30,may,115,6,-1,0,unknown
7894,unknown,30,may,43,5,-1,0,unknown
7895,unknown,30,may,229,3,-1,0,unknown
7896,unknown,30,may,81,2,-1,0,unknown
7897,unknown,30,may,273,2,-1,0,unknown
7898,unknown,30,may,30,18,-1,0,unknown
7899,unknown,30,may,288,2,-1,0,unknown
7900,unknown,30,may,247,2,-1,0,unknown
7901,unknown,30,may,85,4,-1,0,unknown
7902,unknown,30,may,76,9,-1,0,unknown
7903,unknown,30,may,170,4,-1,0,unknown
7904,unknown,30,may,428,7,-1,0,unknown
7905,unknown,30,may,370,3,-1,0,unknown
7906,unknown,30,may,137,3,-1,0,unknown
7907,unknown,30,may,293,6,-1,0,unknown
7908,unknown,30,may,281,4,-1,0,unknown
7909,unknown,30,may,46,3,-1,0,unknown
7910,unknown,30,may,26,25,-1,0,unknown
7911,unknown,30,may,104,6,-1,0,unknown
7912,unknown,30,may,164,2,-1,0,unknown
7913,unknown,30,may,205,6,-1,0,unknown
7914,unknown,30,may,891,4,-1,0,unknown
7915,unknown,30,may,34,2,-1,0,unknown
7916,unknown,30,may,745,12,-1,0,unknown
7917,unknown,30,may,135,3,-1,0,unknown
7918,unknown,30,may,99,6,-1,0,unknown
7919,unknown,30,may,148,4,-1,0,unknown
7920,unknown,30,may,84,9,-1,0,unknown
7921,unknown,30,may,435,2,-1,0,unknown
7922,unknown,30,may,539,12,-1,0,unknown
7923,unknown,30,may,29,4,-1,0,unknown
7924,unknown,30,may,510,5,-1,0,unknown
7925,unknown,30,may,59,3,-1,0,unknown
7926,unknown,30,may,1044,5,-1,0,unknown
7927,unknown,30,may,122,4,-1,0,unknown
7928,unknown,30,may,84,3,-1,0,unknown
7929,unknown,30,may,33,5,-1,0,unknown
7930,unknown,30,may,43,2,-1,0,unknown
7931,unknown,30,may,288,3,-1,0,unknown
7932,unknown,30,may,385,5,-1,0,unknown
7933,unknown,30,may,306,3,-1,0,unknown
7934,unknown,30,may,81,3,-1,0,unknown
7935,unknown,30,may,53,7,-1,0,unknown
7936,unknown,30,may,436,3,-1,0,unknown
7937,unknown,30,may,41,8,-1,0,unknown
7938,unknown,30,may,147,2,-1,0,unknown
7939,unknown,30,may,232,3,-1,0,unknown
7940,unknown,30,may,97,3,-1,0,unknown
7941,unknown,30,may,82,2,-1,0,unknown
7942,unknown,30,may,60,16,-1,0,unknown
7943,unknown,30,may,163,4,-1,0,unknown
7944,unknown,30,may,141,9,-1,0,unknown
7945,unknown,30,may,211,4,-1,0,unknown
7946,unknown,30,may,206,3,-1,0,unknown
7947,unknown,30,may,170,19,-1,0,unknown
7948,unknown,30,may,251,3,-1,0,unknown
7949,unknown,30,may,25,5,-1,0,unknown
7950,unknown,30,may,120,3,-1,0,unknown
7951,unknown,30,may,123,4,-1,0,unknown
7952,unknown,30,may,28,8,-1,0,unknown
7953,unknown,30,may,1193,2,-1,0,unknown
7954,unknown,30,may,116,3,-1,0,unknown
7955,unknown,30,may,127,5,-1,0,unknown
7956,unknown,30,may,395,2,-1,0,unknown
7957,unknown,2,jun,137,7,-1,0,unknown
7958,unknown,2,jun,93,2,-1,0,unknown
7959,unknown,2,jun,72,3,-1,0,unknown
7960,unknown,2,jun,119,9,-1,0,unknown
7961,unknown,2,jun,100,2,-1,0,unknown
7962,unknown,2,jun,80,3,-1,0,unknown
7963,unknown,2,jun,132,2,-1,0,unknown
7964,unknown,2,jun,147,3,-1,0,unknown
7965,unknown,2,jun,140,3,-1,0,unknown
7966,unknown,2,jun,57,9,-1,0,unknown
7967,unknown,2,jun,130,2,-1,0,unknown
7968,unknown,2,jun,251,4,-1,0,unknown
7969,unknown,2,jun,71,2,-1,0,unknown
7970,unknown,2,jun,52,3,-1,0,unknown
7971,unknown,2,jun,243,3,-1,0,unknown
7972,unknown,2,jun,357,2,-1,0,unknown
7973,unknown,2,jun,243,4,-1,0,unknown
7974,unknown,2,jun,108,4,-1,0,unknown
7975,unknown,2,jun,68,4,-1,0,unknown
7976,unknown,2,jun,150,3,-1,0,unknown
7977,unknown,2,jun,25,7,-1,0,unknown
7978,unknown,2,jun,90,3,-1,0,unknown
7979,unknown,2,jun,51,4,-1,0,unknown
7980,unknown,2,jun,41,5,-1,0,unknown
7981,unknown,2,jun,88,4,-1,0,unknown
7982,unknown,2,jun,372,2,-1,0,unknown
7983,unknown,2,jun,360,2,-1,0,unknown
7984,unknown,2,jun,63,1,-1,0,unknown
7985,unknown,2,jun,550,3,-1,0,unknown
7986,unknown,2,jun,133,1,-1,0,unknown
7987,unknown,2,jun,68,1,-1,0,unknown
7988,unknown,2,jun,175,2,-1,0,unknown
7989,unknown,2,jun,202,1,-1,0,unknown
7990,unknown,2,jun,192,8,-1,0,unknown
7991,unknown,2,jun,484,1,-1,0,unknown
7992,unknown,2,jun,145,1,-1,0,unknown
7993,unknown,2,jun,230,2,-1,0,unknown
7994,unknown,2,jun,338,2,-1,0,unknown
7995,unknown,2,jun,65,1,-1,0,unknown
7996,unknown,2,jun,205,3,-1,0,unknown
7997,unknown,2,jun,92,2,-1,0,unknown
7998,unknown,2,jun,268,1,-1,0,unknown
7999,unknown,2,jun,185,2,-1,0,unknown
8000,unknown,2,jun,65,1,-1,0,unknown
8001,unknown,2,jun,163,1,-1,0,unknown
8002,unknown,2,jun,362,1,-1,0,unknown
8003,unknown,2,jun,367,3,-1,0,unknown
8004,unknown,2,jun,230,3,-1,0,unknown
8005,unknown,2,jun,26,1,-1,0,unknown
8006,unknown,2,jun,63,2,-1,0,unknown
8007,unknown,2,jun,493,1,-1,0,unknown
8008,unknown,2,jun,113,3,-1,0,unknown
8009,unknown,2,jun,21,1,-1,0,unknown
8010,unknown,2,jun,215,1,-1,0,unknown
8011,unknown,2,jun,1075,2,-1,0,unknown
8012,unknown,2,jun,21,1,-1,0,unknown
8013,unknown,2,jun,171,1,-1,0,unknown
8014,unknown,2,jun,526,2,-1,0,unknown
8015,unknown,2,jun,245,1,-1,0,unknown
8016,unknown,2,jun,107,2,-1,0,unknown
8017,unknown,2,jun,394,1,-1,0,unknown
8018,unknown,2,jun,161,2,-1,0,unknown
8019,unknown,2,jun,517,2,-1,0,unknown
8020,unknown,2,jun,258,1,-1,0,unknown
8021,unknown,2,jun,659,2,-1,0,unknown
8022,unknown,2,jun,40,1,-1,0,unknown
8023,unknown,2,jun,527,1,-1,0,unknown
8024,unknown,2,jun,651,1,-1,0,unknown
8025,unknown,2,jun,129,1,-1,0,unknown
8026,unknown,2,jun,409,2,-1,0,unknown
8027,unknown,2,jun,144,2,-1,0,unknown
8028,unknown,2,jun,97,4,-1,0,unknown
8029,unknown,2,jun,101,1,-1,0,unknown
8030,unknown,2,jun,67,2,-1,0,unknown
8031,unknown,2,jun,64,1,-1,0,unknown
8032,unknown,2,jun,143,1,-1,0,unknown
8033,unknown,2,jun,70,1,-1,0,unknown
8034,unknown,2,jun,1036,1,-1,0,unknown
8035,unknown,2,jun,384,1,-1,0,unknown
8036,unknown,2,jun,172,2,-1,0,unknown
8037,unknown,2,jun,105,3,-1,0,unknown
8038,unknown,2,jun,26,1,-1,0,unknown
8039,unknown,2,jun,364,13,-1,0,unknown
8040,unknown,2,jun,227,1,-1,0,unknown
8041,unknown,2,jun,151,3,-1,0,unknown
8042,unknown,2,jun,464,1,-1,0,unknown
8043,unknown,2,jun,319,5,-1,0,unknown
8044,unknown,2,jun,68,21,-1,0,unknown
8045,unknown,2,jun,464,1,-1,0,unknown
8046,unknown,2,jun,389,1,-1,0,unknown
8047,unknown,2,jun,185,1,-1,0,unknown
8048,unknown,2,jun,128,3,-1,0,unknown
8049,unknown,2,jun,88,2,-1,0,unknown
8050,unknown,2,jun,123,1,-1,0,unknown
8051,unknown,2,jun,266,2,-1,0,unknown
8052,unknown,2,jun,466,1,-1,0,unknown
8053,unknown,2,jun,80,1,-1,0,unknown
8054,unknown,2,jun,490,1,-1,0,unknown
8055,unknown,2,jun,232,1,-1,0,unknown
8056,unknown,2,jun,61,2,-1,0,unknown
8057,unknown,2,jun,537,5,-1,0,unknown
8058,unknown,2,jun,231,1,-1,0,unknown
8059,unknown,2,jun,197,1,-1,0,unknown
8060,unknown,2,jun,464,2,-1,0,unknown
8061,unknown,2,jun,281,1,-1,0,unknown
8062,unknown,2,jun,447,2,-1,0,unknown
8063,unknown,2,jun,164,1,-1,0,unknown
8064,unknown,2,jun,184,1,-1,0,unknown
8065,unknown,2,jun,127,1,-1,0,unknown
8066,unknown,2,jun,42,1,-1,0,unknown
8067,unknown,2,jun,132,6,-1,0,unknown
8068,unknown,2,jun,579,2,-1,0,unknown
8069,unknown,2,jun,535,4,-1,0,unknown
8070,unknown,2,jun,180,1,-1,0,unknown
8071,unknown,2,jun,159,1,-1,0,unknown
8072,unknown,2,jun,66,6,-1,0,unknown
8073,unknown,2,jun,239,1,-1,0,unknown
8074,unknown,2,jun,95,1,-1,0,unknown
8075,unknown,2,jun,156,1,-1,0,unknown
8076,unknown,2,jun,89,1,-1,0,unknown
8077,unknown,2,jun,74,1,-1,0,unknown
8078,unknown,2,jun,174,1,-1,0,unknown
8079,unknown,2,jun,156,1,-1,0,unknown
8080,unknown,2,jun,59,3,-1,0,unknown
8081,unknown,2,jun,193,4,-1,0,unknown
8082,unknown,2,jun,815,1,-1,0,unknown
8083,unknown,2,jun,215,1,-1,0,unknown
8084,unknown,2,jun,563,1,-1,0,unknown
8085,unknown,2,jun,273,1,-1,0,unknown
8086,unknown,2,jun,258,1,-1,0,unknown
8087,unknown,2,jun,329,1,-1,0,unknown
8088,unknown,2,jun,34,1,-1,0,unknown
8089,unknown,2,jun,223,1,-1,0,unknown
8090,unknown,2,jun,76,1,-1,0,unknown
8091,unknown,2,jun,920,2,-1,0,unknown
8092,unknown,2,jun,152,2,-1,0,unknown
8093,unknown,2,jun,130,1,-1,0,unknown
8094,unknown,2,jun,21,1,-1,0,unknown
8095,unknown,2,jun,118,1,-1,0,unknown
8096,unknown,2,jun,369,2,-1,0,unknown
8097,unknown,2,jun,122,1,-1,0,unknown
8098,unknown,2,jun,445,1,-1,0,unknown
8099,unknown,2,jun,425,2,-1,0,unknown
8100,unknown,2,jun,142,4,-1,0,unknown
8101,unknown,2,jun,317,6,-1,0,unknown
8102,unknown,2,jun,184,1,-1,0,unknown
8103,unknown,2,jun,354,1,-1,0,unknown
8104,unknown,2,jun,82,3,-1,0,unknown
8105,unknown,2,jun,105,3,-1,0,unknown
8106,unknown,2,jun,83,1,-1,0,unknown
8107,unknown,2,jun,209,2,-1,0,unknown
8108,unknown,2,jun,53,2,-1,0,unknown
8109,unknown,2,jun,381,2,-1,0,unknown
8110,unknown,2,jun,210,2,-1,0,unknown
8111,unknown,2,jun,278,1,-1,0,unknown
8112,unknown,2,jun,193,2,-1,0,unknown
8113,unknown,2,jun,183,3,-1,0,unknown
8114,unknown,2,jun,389,1,-1,0,unknown
8115,unknown,2,jun,69,1,-1,0,unknown
8116,unknown,2,jun,24,1,-1,0,unknown
8117,unknown,2,jun,143,2,-1,0,unknown
8118,unknown,2,jun,68,1,-1,0,unknown
8119,unknown,2,jun,183,5,-1,0,unknown
8120,unknown,2,jun,49,1,-1,0,unknown
8121,unknown,2,jun,148,2,-1,0,unknown
8122,unknown,2,jun,54,4,-1,0,unknown
8123,unknown,2,jun,98,1,-1,0,unknown
8124,unknown,2,jun,45,1,-1,0,unknown
8125,unknown,2,jun,121,4,-1,0,unknown
8126,unknown,2,jun,377,1,-1,0,unknown
8127,unknown,2,jun,180,1,-1,0,unknown
8128,unknown,2,jun,283,5,-1,0,unknown
8129,unknown,2,jun,312,1,-1,0,unknown
8130,unknown,2,jun,147,1,-1,0,unknown
8131,unknown,2,jun,169,1,-1,0,unknown
8132,unknown,2,jun,178,4,-1,0,unknown
8133,unknown,2,jun,154,2,-1,0,unknown
8134,unknown,2,jun,326,3,-1,0,unknown
8135,unknown,2,jun,362,2,-1,0,unknown
8136,unknown,2,jun,162,3,-1,0,unknown
8137,unknown,2,jun,72,3,-1,0,unknown
8138,unknown,2,jun,121,4,-1,0,unknown
8139,unknown,2,jun,1068,1,-1,0,unknown
8140,unknown,2,jun,599,2,-1,0,unknown
8141,unknown,2,jun,101,2,-1,0,unknown
8142,unknown,2,jun,163,2,-1,0,unknown
8143,unknown,2,jun,306,4,-1,0,unknown
8144,unknown,2,jun,313,2,-1,0,unknown
8145,unknown,2,jun,91,2,-1,0,unknown
8146,unknown,2,jun,94,4,-1,0,unknown
8147,unknown,2,jun,658,2,-1,0,unknown
8148,unknown,2,jun,250,2,-1,0,unknown
8149,unknown,2,jun,193,5,-1,0,unknown
8150,unknown,2,jun,493,3,-1,0,unknown
8151,unknown,2,jun,562,3,-1,0,unknown
8152,unknown,2,jun,490,12,-1,0,unknown
8153,unknown,2,jun,140,4,-1,0,unknown
8154,unknown,2,jun,302,1,-1,0,unknown
8155,unknown,2,jun,46,2,-1,0,unknown
8156,unknown,2,jun,149,8,-1,0,unknown
8157,unknown,2,jun,88,1,-1,0,unknown
8158,unknown,2,jun,118,3,-1,0,unknown
8159,unknown,2,jun,426,3,-1,0,unknown
8160,unknown,2,jun,230,3,-1,0,unknown
8161,unknown,2,jun,277,2,-1,0,unknown
8162,unknown,2,jun,169,1,-1,0,unknown
8163,unknown,2,jun,123,4,-1,0,unknown
8164,unknown,2,jun,169,1,-1,0,unknown
8165,unknown,2,jun,102,2,-1,0,unknown
8166,unknown,2,jun,214,2,-1,0,unknown
8167,unknown,2,jun,572,4,-1,0,unknown
8168,unknown,2,jun,147,1,-1,0,unknown
8169,unknown,2,jun,124,3,-1,0,unknown
8170,unknown,2,jun,105,11,-1,0,unknown
8171,unknown,2,jun,171,2,-1,0,unknown
8172,unknown,2,jun,50,2,-1,0,unknown
8173,unknown,2,jun,31,3,-1,0,unknown
8174,unknown,2,jun,266,2,-1,0,unknown
8175,unknown,2,jun,163,2,-1,0,unknown
8176,unknown,2,jun,304,2,-1,0,unknown
8177,unknown,2,jun,469,2,-1,0,unknown
8178,unknown,2,jun,45,3,-1,0,unknown
8179,unknown,2,jun,249,2,-1,0,unknown
8180,unknown,2,jun,85,8,-1,0,unknown
8181,unknown,2,jun,758,3,-1,0,unknown
8182,unknown,2,jun,466,2,-1,0,unknown
8183,unknown,2,jun,200,2,-1,0,unknown
8184,unknown,2,jun,966,3,-1,0,unknown
8185,unknown,2,jun,430,2,-1,0,unknown
8186,unknown,2,jun,747,2,-1,0,unknown
8187,unknown,2,jun,147,1,-1,0,unknown
8188,unknown,2,jun,131,2,-1,0,unknown
8189,unknown,2,jun,541,1,-1,0,unknown
8190,unknown,2,jun,281,4,-1,0,unknown
8191,unknown,2,jun,339,7,-1,0,unknown
8192,unknown,2,jun,158,1,-1,0,unknown
8193,unknown,2,jun,201,3,-1,0,unknown
8194,unknown,2,jun,56,3,-1,0,unknown
8195,unknown,2,jun,231,8,-1,0,unknown
8196,unknown,2,jun,91,3,-1,0,unknown
8197,unknown,2,jun,146,4,-1,0,unknown
8198,unknown,2,jun,187,9,-1,0,unknown
8199,unknown,2,jun,269,3,-1,0,unknown
8200,unknown,2,jun,87,3,-1,0,unknown
8201,unknown,2,jun,221,2,-1,0,unknown
8202,unknown,2,jun,347,2,-1,0,unknown
8203,unknown,2,jun,255,3,-1,0,unknown
8204,unknown,2,jun,71,4,-1,0,unknown
8205,unknown,2,jun,184,3,-1,0,unknown
8206,unknown,2,jun,276,2,-1,0,unknown
8207,unknown,2,jun,41,5,-1,0,unknown
8208,unknown,2,jun,145,2,-1,0,unknown
8209,unknown,2,jun,424,2,-1,0,unknown
8210,unknown,2,jun,612,2,-1,0,unknown
8211,unknown,2,jun,282,7,-1,0,unknown
8212,unknown,2,jun,159,6,-1,0,unknown
8213,unknown,2,jun,671,5,-1,0,unknown
8214,unknown,2,jun,76,2,-1,0,unknown
8215,unknown,2,jun,117,2,-1,0,unknown
8216,unknown,2,jun,60,9,-1,0,unknown
8217,unknown,2,jun,252,4,-1,0,unknown
8218,unknown,2,jun,555,5,-1,0,unknown
8219,unknown,2,jun,200,3,-1,0,unknown
8220,unknown,2,jun,350,1,-1,0,unknown
8221,unknown,2,jun,157,3,-1,0,unknown
8222,unknown,2,jun,87,4,-1,0,unknown
8223,unknown,2,jun,312,2,-1,0,unknown
8224,unknown,2,jun,222,2,-1,0,unknown
8225,unknown,2,jun,218,2,-1,0,unknown
8226,unknown,2,jun,548,8,-1,0,unknown
8227,unknown,2,jun,176,4,-1,0,unknown
8228,unknown,2,jun,335,2,-1,0,unknown
8229,unknown,2,jun,142,2,-1,0,unknown
8230,unknown,2,jun,267,1,-1,0,unknown
8231,unknown,2,jun,86,1,-1,0,unknown
8232,unknown,2,jun,129,4,-1,0,unknown
8233,unknown,2,jun,322,5,-1,0,unknown
8234,unknown,2,jun,111,3,-1,0,unknown
8235,unknown,2,jun,136,1,-1,0,unknown
8236,unknown,2,jun,108,1,-1,0,unknown
8237,unknown,2,jun,71,1,-1,0,unknown
8238,unknown,2,jun,29,32,-1,0,unknown
8239,unknown,2,jun,150,5,-1,0,unknown
8240,unknown,2,jun,252,5,-1,0,unknown
8241,unknown,2,jun,518,1,-1,0,unknown
8242,unknown,2,jun,42,1,-1,0,unknown
8243,unknown,2,jun,140,3,-1,0,unknown
8244,unknown,2,jun,144,2,-1,0,unknown
8245,unknown,2,jun,303,2,-1,0,unknown
8246,unknown,2,jun,171,1,-1,0,unknown
8247,unknown,2,jun,132,5,-1,0,unknown
8248,unknown,2,jun,288,1,-1,0,unknown
8249,unknown,2,jun,73,3,-1,0,unknown
8250,unknown,2,jun,230,4,-1,0,unknown
8251,unknown,2,jun,82,1,-1,0,unknown
8252,unknown,2,jun,626,1,-1,0,unknown
8253,unknown,2,jun,345,3,-1,0,unknown
8254,unknown,2,jun,75,5,-1,0,unknown
8255,unknown,2,jun,214,2,-1,0,unknown
8256,unknown,2,jun,479,3,-1,0,unknown
8257,unknown,2,jun,156,5,-1,0,unknown
8258,unknown,2,jun,80,3,-1,0,unknown
8259,unknown,2,jun,204,5,-1,0,unknown
8260,unknown,2,jun,360,3,-1,0,unknown
8261,unknown,2,jun,126,1,-1,0,unknown
8262,unknown,2,jun,267,10,-1,0,unknown
8263,unknown,2,jun,290,1,-1,0,unknown
8264,unknown,2,jun,136,4,-1,0,unknown
8265,unknown,2,jun,56,8,-1,0,unknown
8266,unknown,2,jun,32,2,-1,0,unknown
8267,unknown,2,jun,777,4,-1,0,unknown
8268,unknown,2,jun,826,4,-1,0,unknown
8269,unknown,2,jun,91,1,-1,0,unknown
8270,unknown,2,jun,198,1,-1,0,unknown
8271,unknown,2,jun,164,2,-1,0,unknown
8272,unknown,2,jun,98,4,-1,0,unknown
8273,unknown,2,jun,53,1,-1,0,unknown
8274,unknown,2,jun,349,4,-1,0,unknown
8275,unknown,2,jun,178,1,-1,0,unknown
8276,unknown,2,jun,532,2,-1,0,unknown
8277,unknown,2,jun,120,2,-1,0,unknown
8278,unknown,2,jun,164,4,-1,0,unknown
8279,unknown,2,jun,375,1,-1,0,unknown
8280,unknown,2,jun,20,21,-1,0,unknown
8281,unknown,2,jun,392,3,-1,0,unknown
8282,unknown,2,jun,213,2,-1,0,unknown
8283,unknown,2,jun,18,1,-1,0,unknown
8284,unknown,2,jun,393,3,-1,0,unknown
8285,unknown,2,jun,746,2,-1,0,unknown
8286,unknown,2,jun,351,6,-1,0,unknown
8287,unknown,2,jun,142,3,-1,0,unknown
8288,unknown,2,jun,316,1,-1,0,unknown
8289,unknown,2,jun,229,8,-1,0,unknown
8290,unknown,2,jun,261,8,-1,0,unknown
8291,unknown,2,jun,289,2,-1,0,unknown
8292,unknown,2,jun,74,3,-1,0,unknown
8293,unknown,2,jun,227,15,-1,0,unknown
8294,unknown,2,jun,115,2,-1,0,unknown
8295,unknown,2,jun,178,2,-1,0,unknown
8296,unknown,2,jun,154,2,-1,0,unknown
8297,unknown,2,jun,100,4,-1,0,unknown
8298,unknown,2,jun,61,7,-1,0,unknown
8299,unknown,2,jun,754,2,-1,0,unknown
8300,unknown,2,jun,55,25,-1,0,unknown
8301,unknown,2,jun,130,2,-1,0,unknown
8302,unknown,2,jun,509,2,-1,0,unknown
8303,unknown,2,jun,181,16,-1,0,unknown
8304,unknown,2,jun,239,4,-1,0,unknown
8305,unknown,2,jun,468,8,-1,0,unknown
8306,unknown,2,jun,358,3,-1,0,unknown
8307,unknown,2,jun,442,11,-1,0,unknown
8308,unknown,2,jun,1576,3,-1,0,unknown
8309,unknown,2,jun,83,6,-1,0,unknown
8310,unknown,2,jun,134,3,-1,0,unknown
8311,unknown,2,jun,28,8,-1,0,unknown
8312,unknown,2,jun,92,5,-1,0,unknown
8313,unknown,2,jun,73,5,-1,0,unknown
8314,unknown,2,jun,217,4,-1,0,unknown
8315,unknown,2,jun,134,8,-1,0,unknown
8316,unknown,2,jun,111,4,-1,0,unknown
8317,unknown,2,jun,222,2,-1,0,unknown
8318,unknown,2,jun,75,4,-1,0,unknown
8319,unknown,2,jun,179,7,-1,0,unknown
8320,unknown,2,jun,110,3,-1,0,unknown
8321,unknown,2,jun,58,4,-1,0,unknown
8322,unknown,2,jun,548,2,-1,0,unknown
8323,unknown,2,jun,16,13,-1,0,unknown
8324,unknown,2,jun,213,3,-1,0,unknown
8325,unknown,2,jun,402,9,-1,0,unknown
8326,unknown,2,jun,312,3,-1,0,unknown
8327,unknown,2,jun,280,2,-1,0,unknown
8328,unknown,2,jun,689,3,-1,0,unknown
8329,unknown,2,jun,253,7,-1,0,unknown
8330,unknown,2,jun,184,5,-1,0,unknown
8331,unknown,2,jun,43,15,-1,0,unknown
8332,unknown,2,jun,310,3,-1,0,unknown
8333,unknown,2,jun,90,4,-1,0,unknown
8334,unknown,2,jun,194,4,-1,0,unknown
8335,unknown,2,jun,984,4,-1,0,unknown
8336,unknown,2,jun,85,4,-1,0,unknown
8337,unknown,2,jun,153,9,-1,0,unknown
8338,unknown,2,jun,59,4,-1,0,unknown
8339,unknown,2,jun,20,8,-1,0,unknown
8340,unknown,2,jun,605,6,-1,0,unknown
8341,unknown,2,jun,180,3,-1,0,unknown
8342,unknown,2,jun,94,16,-1,0,unknown
8343,unknown,2,jun,232,3,-1,0,unknown
8344,unknown,2,jun,707,14,-1,0,unknown
8345,unknown,2,jun,432,4,-1,0,unknown
8346,unknown,3,jun,152,6,-1,0,unknown
8347,unknown,3,jun,104,7,-1,0,unknown
8348,unknown,3,jun,154,5,-1,0,unknown
8349,unknown,3,jun,70,10,-1,0,unknown
8350,unknown,3,jun,48,2,-1,0,unknown
8351,unknown,3,jun,182,5,-1,0,unknown
8352,unknown,3,jun,150,3,-1,0,unknown
8353,unknown,3,jun,209,2,-1,0,unknown
8354,unknown,3,jun,86,5,-1,0,unknown
8355,unknown,3,jun,67,10,-1,0,unknown
8356,unknown,3,jun,197,5,-1,0,unknown
8357,unknown,3,jun,87,1,-1,0,unknown
8358,unknown,3,jun,75,4,-1,0,unknown
8359,unknown,3,jun,450,3,-1,0,unknown
8360,unknown,3,jun,216,1,-1,0,unknown
8361,unknown,3,jun,174,1,-1,0,unknown
8362,unknown,3,jun,180,1,-1,0,unknown
8363,unknown,3,jun,20,8,-1,0,unknown
8364,unknown,3,jun,179,1,-1,0,unknown
8365,unknown,3,jun,73,1,-1,0,unknown
8366,unknown,3,jun,55,1,-1,0,unknown
8367,unknown,3,jun,222,1,-1,0,unknown
8368,unknown,3,jun,267,1,-1,0,unknown
8369,unknown,3,jun,69,2,-1,0,unknown
8370,unknown,3,jun,186,1,-1,0,unknown
8371,unknown,3,jun,63,1,-1,0,unknown
8372,unknown,3,jun,166,1,-1,0,unknown
8373,unknown,3,jun,332,3,-1,0,unknown
8374,unknown,3,jun,542,1,-1,0,unknown
8375,unknown,3,jun,301,1,-1,0,unknown
8376,unknown,3,jun,207,1,-1,0,unknown
8377,unknown,3,jun,115,3,-1,0,unknown
8378,unknown,3,jun,159,1,-1,0,unknown
8379,unknown,3,jun,117,1,-1,0,unknown
8380,unknown,3,jun,159,4,-1,0,unknown
8381,unknown,3,jun,238,2,-1,0,unknown
8382,unknown,3,jun,161,1,-1,0,unknown
8383,unknown,3,jun,1173,3,-1,0,unknown
8384,unknown,3,jun,206,1,-1,0,unknown
8385,unknown,3,jun,438,1,-1,0,unknown
8386,unknown,3,jun,250,1,-1,0,unknown
8387,unknown,3,jun,46,1,-1,0,unknown
8388,unknown,3,jun,147,2,-1,0,unknown
8389,unknown,3,jun,275,1,-1,0,unknown
8390,unknown,3,jun,26,7,-1,0,unknown
8391,unknown,3,jun,202,1,-1,0,unknown
8392,unknown,3,jun,963,2,-1,0,unknown
8393,unknown,3,jun,50,4,-1,0,unknown
8394,unknown,3,jun,236,2,-1,0,unknown
8395,unknown,3,jun,272,1,-1,0,unknown
8396,unknown,3,jun,112,1,-1,0,unknown
8397,unknown,3,jun,384,5,-1,0,unknown
8398,unknown,3,jun,361,1,-1,0,unknown
8399,unknown,3,jun,49,1,-1,0,unknown
8400,unknown,3,jun,953,1,-1,0,unknown
8401,unknown,3,jun,148,2,-1,0,unknown
8402,unknown,3,jun,233,1,-1,0,unknown
8403,unknown,3,jun,409,1,-1,0,unknown
8404,unknown,3,jun,194,1,-1,0,unknown
8405,unknown,3,jun,538,2,-1,0,unknown
8406,unknown,3,jun,103,1,-1,0,unknown
8407,unknown,3,jun,579,1,-1,0,unknown
8408,unknown,3,jun,183,4,-1,0,unknown
8409,unknown,3,jun,117,1,-1,0,unknown
8410,unknown,3,jun,210,1,-1,0,unknown
8411,unknown,3,jun,175,1,-1,0,unknown
8412,unknown,3,jun,186,1,-1,0,unknown
8413,unknown,3,jun,23,1,-1,0,unknown
8414,unknown,3,jun,268,1,-1,0,unknown
8415,unknown,3,jun,68,1,-1,0,unknown
8416,unknown,3,jun,157,1,-1,0,unknown
8417,unknown,3,jun,132,1,-1,0,unknown
8418,unknown,3,jun,43,1,-1,0,unknown
8419,unknown,3,jun,363,1,-1,0,unknown
8420,unknown,3,jun,517,1,-1,0,unknown
8421,unknown,3,jun,315,1,-1,0,unknown
8422,unknown,3,jun,143,1,-1,0,unknown
8423,unknown,3,jun,73,1,-1,0,unknown
8424,unknown,3,jun,45,1,-1,0,unknown
8425,unknown,3,jun,447,1,-1,0,unknown
8426,unknown,3,jun,342,3,-1,0,unknown
8427,unknown,3,jun,119,2,-1,0,unknown
8428,unknown,3,jun,150,1,-1,0,unknown
8429,unknown,3,jun,110,1,-1,0,unknown
8430,unknown,3,jun,166,1,-1,0,unknown
8431,unknown,3,jun,65,13,-1,0,unknown
8432,unknown,3,jun,404,13,-1,0,unknown
8433,unknown,3,jun,280,1,-1,0,unknown
8434,unknown,3,jun,157,1,-1,0,unknown
8435,unknown,3,jun,170,3,-1,0,unknown
8436,unknown,3,jun,80,1,-1,0,unknown
8437,unknown,3,jun,34,1,-1,0,unknown
8438,unknown,3,jun,258,1,-1,0,unknown
8439,unknown,3,jun,291,1,-1,0,unknown
8440,unknown,3,jun,126,4,-1,0,unknown
8441,unknown,3,jun,88,2,-1,0,unknown
8442,unknown,3,jun,941,3,-1,0,unknown
8443,unknown,3,jun,349,2,-1,0,unknown
8444,unknown,3,jun,170,1,-1,0,unknown
8445,unknown,3,jun,102,1,-1,0,unknown
8446,unknown,3,jun,131,1,-1,0,unknown
8447,unknown,3,jun,384,1,-1,0,unknown
8448,unknown,3,jun,440,1,-1,0,unknown
8449,unknown,3,jun,143,1,-1,0,unknown
8450,unknown,3,jun,284,1,-1,0,unknown
8451,unknown,3,jun,290,1,-1,0,unknown
8452,unknown,3,jun,161,3,-1,0,unknown
8453,unknown,3,jun,247,13,-1,0,unknown
8454,unknown,3,jun,123,4,-1,0,unknown
8455,unknown,3,jun,771,1,-1,0,unknown
8456,unknown,3,jun,103,2,-1,0,unknown
8457,unknown,3,jun,132,5,-1,0,unknown
8458,unknown,3,jun,235,1,-1,0,unknown
8459,unknown,3,jun,1025,7,-1,0,unknown
8460,unknown,3,jun,45,2,-1,0,unknown
8461,unknown,3,jun,21,3,-1,0,unknown
8462,unknown,3,jun,243,3,-1,0,unknown
8463,unknown,3,jun,131,5,-1,0,unknown
8464,unknown,3,jun,316,1,-1,0,unknown
8465,unknown,3,jun,192,2,-1,0,unknown
8466,unknown,3,jun,145,1,-1,0,unknown
8467,unknown,3,jun,288,2,-1,0,unknown
8468,unknown,3,jun,23,1,-1,0,unknown
8469,unknown,3,jun,569,2,-1,0,unknown
8470,unknown,3,jun,23,1,-1,0,unknown
8471,unknown,3,jun,379,2,-1,0,unknown
8472,unknown,3,jun,406,3,-1,0,unknown
8473,unknown,3,jun,106,6,-1,0,unknown
8474,unknown,3,jun,393,3,-1,0,unknown
8475,unknown,3,jun,116,1,-1,0,unknown
8476,unknown,3,jun,25,1,-1,0,unknown
8477,unknown,3,jun,118,2,-1,0,unknown
8478,unknown,3,jun,75,1,-1,0,unknown
8479,unknown,3,jun,54,1,-1,0,unknown
8480,unknown,3,jun,235,1,-1,0,unknown
8481,unknown,3,jun,404,4,-1,0,unknown
8482,unknown,3,jun,126,1,-1,0,unknown
8483,unknown,3,jun,102,1,-1,0,unknown
8484,unknown,3,jun,227,1,-1,0,unknown
8485,unknown,3,jun,123,5,-1,0,unknown
8486,unknown,3,jun,135,1,-1,0,unknown
8487,unknown,3,jun,100,3,-1,0,unknown
8488,unknown,3,jun,303,1,-1,0,unknown
8489,unknown,3,jun,732,2,-1,0,unknown
8490,unknown,3,jun,366,1,-1,0,unknown
8491,unknown,3,jun,228,1,-1,0,unknown
8492,unknown,3,jun,14,1,-1,0,unknown
8493,unknown,3,jun,193,1,-1,0,unknown
8494,unknown,3,jun,409,1,-1,0,unknown
8495,unknown,3,jun,220,2,-1,0,unknown
8496,unknown,3,jun,32,3,-1,0,unknown
8497,unknown,3,jun,231,2,-1,0,unknown
8498,unknown,3,jun,242,2,-1,0,unknown
8499,unknown,3,jun,310,4,-1,0,unknown
8500,unknown,3,jun,216,2,-1,0,unknown
8501,unknown,3,jun,119,4,-1,0,unknown
8502,unknown,3,jun,495,3,-1,0,unknown
8503,unknown,3,jun,128,6,-1,0,unknown
8504,unknown,3,jun,185,1,-1,0,unknown
8505,unknown,3,jun,722,2,-1,0,unknown
8506,unknown,3,jun,240,5,-1,0,unknown
8507,unknown,3,jun,455,1,-1,0,unknown
8508,unknown,3,jun,138,2,-1,0,unknown
8509,unknown,3,jun,361,3,-1,0,unknown
8510,unknown,3,jun,418,2,-1,0,unknown
8511,unknown,3,jun,208,1,-1,0,unknown
8512,unknown,3,jun,177,26,-1,0,unknown
8513,unknown,3,jun,84,15,-1,0,unknown
8514,unknown,3,jun,435,3,-1,0,unknown
8515,unknown,3,jun,120,2,-1,0,unknown
8516,unknown,3,jun,825,1,-1,0,unknown
8517,unknown,3,jun,51,2,-1,0,unknown
8518,unknown,3,jun,238,6,-1,0,unknown
8519,unknown,3,jun,259,1,-1,0,unknown
8520,unknown,3,jun,237,2,-1,0,unknown
8521,unknown,3,jun,110,2,-1,0,unknown
8522,unknown,3,jun,1045,3,-1,0,unknown
8523,unknown,3,jun,188,5,-1,0,unknown
8524,unknown,3,jun,231,12,-1,0,unknown
8525,unknown,3,jun,27,6,-1,0,unknown
8526,unknown,3,jun,170,1,-1,0,unknown
8527,unknown,3,jun,615,1,-1,0,unknown
8528,unknown,3,jun,676,5,-1,0,unknown
8529,unknown,3,jun,192,4,-1,0,unknown
8530,unknown,3,jun,258,2,-1,0,unknown
8531,unknown,3,jun,85,1,-1,0,unknown
8532,unknown,3,jun,860,1,-1,0,unknown
8533,unknown,3,jun,680,2,-1,0,unknown
8534,unknown,3,jun,165,2,-1,0,unknown
8535,unknown,3,jun,356,2,-1,0,unknown
8536,unknown,3,jun,235,2,-1,0,unknown
8537,unknown,3,jun,173,3,-1,0,unknown
8538,unknown,3,jun,294,2,-1,0,unknown
8539,unknown,3,jun,216,1,-1,0,unknown
8540,unknown,3,jun,177,1,-1,0,unknown
8541,unknown,3,jun,220,1,-1,0,unknown
8542,unknown,3,jun,641,2,-1,0,unknown
8543,unknown,3,jun,38,3,-1,0,unknown
8544,unknown,3,jun,633,28,-1,0,unknown
8545,unknown,3,jun,94,1,-1,0,unknown
8546,unknown,3,jun,478,2,-1,0,unknown
8547,unknown,3,jun,35,32,-1,0,unknown
8548,unknown,3,jun,46,6,-1,0,unknown
8549,unknown,3,jun,89,1,-1,0,unknown
8550,unknown,3,jun,130,1,-1,0,unknown
8551,unknown,3,jun,35,1,-1,0,unknown
8552,unknown,3,jun,263,1,-1,0,unknown
8553,unknown,3,jun,143,1,-1,0,unknown
8554,unknown,3,jun,108,12,-1,0,unknown
8555,unknown,3,jun,164,7,-1,0,unknown
8556,unknown,3,jun,245,1,-1,0,unknown
8557,unknown,3,jun,43,5,-1,0,unknown
8558,unknown,3,jun,154,4,-1,0,unknown
8559,unknown,3,jun,768,1,-1,0,unknown
8560,unknown,3,jun,327,2,-1,0,unknown
8561,unknown,3,jun,215,3,-1,0,unknown
8562,unknown,3,jun,200,1,-1,0,unknown
8563,unknown,3,jun,320,1,-1,0,unknown
8564,unknown,3,jun,801,1,-1,0,unknown
8565,unknown,3,jun,31,5,-1,0,unknown
8566,unknown,3,jun,114,3,-1,0,unknown
8567,unknown,3,jun,236,7,-1,0,unknown
8568,unknown,3,jun,201,2,-1,0,unknown
8569,unknown,3,jun,369,2,-1,0,unknown
8570,unknown,3,jun,482,2,-1,0,unknown
8571,unknown,3,jun,171,5,-1,0,unknown
8572,unknown,3,jun,2456,2,-1,0,unknown
8573,unknown,3,jun,329,3,-1,0,unknown
8574,unknown,3,jun,94,18,-1,0,unknown
8575,unknown,3,jun,59,1,-1,0,unknown
8576,unknown,3,jun,111,7,-1,0,unknown
8577,unknown,3,jun,72,3,-1,0,unknown
8578,unknown,3,jun,199,4,-1,0,unknown
8579,unknown,3,jun,271,2,-1,0,unknown
8580,unknown,3,jun,589,6,-1,0,unknown
8581,unknown,3,jun,199,1,-1,0,unknown
8582,unknown,3,jun,113,3,-1,0,unknown
8583,unknown,3,jun,179,2,-1,0,unknown
8584,unknown,3,jun,215,10,-1,0,unknown
8585,unknown,3,jun,242,6,-1,0,unknown
8586,unknown,3,jun,129,1,-1,0,unknown
8587,unknown,3,jun,50,3,-1,0,unknown
8588,unknown,3,jun,239,1,-1,0,unknown
8589,unknown,3,jun,178,1,-1,0,unknown
8590,unknown,3,jun,81,6,-1,0,unknown
8591,unknown,3,jun,327,1,-1,0,unknown
8592,unknown,3,jun,604,1,-1,0,unknown
8593,unknown,3,jun,137,2,-1,0,unknown
8594,unknown,3,jun,72,1,-1,0,unknown
8595,unknown,3,jun,199,3,-1,0,unknown
8596,unknown,3,jun,372,1,-1,0,unknown
8597,unknown,3,jun,167,1,-1,0,unknown
8598,unknown,3,jun,788,2,-1,0,unknown
8599,unknown,3,jun,132,2,-1,0,unknown
8600,unknown,3,jun,51,9,-1,0,unknown
8601,unknown,3,jun,161,1,-1,0,unknown
8602,unknown,3,jun,25,1,-1,0,unknown
8603,unknown,3,jun,959,6,-1,0,unknown
8604,unknown,3,jun,30,1,-1,0,unknown
8605,unknown,3,jun,189,1,-1,0,unknown
8606,unknown,3,jun,277,1,-1,0,unknown
8607,unknown,3,jun,215,3,-1,0,unknown
8608,unknown,3,jun,133,3,-1,0,unknown
8609,unknown,3,jun,183,2,-1,0,unknown
8610,unknown,3,jun,134,3,-1,0,unknown
8611,unknown,3,jun,211,5,-1,0,unknown
8612,unknown,3,jun,80,4,-1,0,unknown
8613,unknown,3,jun,220,3,-1,0,unknown
8614,unknown,3,jun,495,2,-1,0,unknown
8615,unknown,3,jun,148,13,-1,0,unknown
8616,unknown,3,jun,157,2,-1,0,unknown
8617,unknown,3,jun,348,2,-1,0,unknown
8618,unknown,3,jun,81,5,-1,0,unknown
8619,unknown,3,jun,559,7,-1,0,unknown
8620,unknown,3,jun,441,3,-1,0,unknown
8621,unknown,3,jun,14,21,-1,0,unknown
8622,unknown,3,jun,662,5,-1,0,unknown
8623,unknown,3,jun,230,3,-1,0,unknown
8624,unknown,3,jun,87,3,-1,0,unknown
8625,unknown,3,jun,323,2,-1,0,unknown
8626,unknown,3,jun,176,2,-1,0,unknown
8627,unknown,3,jun,117,4,-1,0,unknown
8628,unknown,3,jun,1259,6,-1,0,unknown
8629,unknown,3,jun,380,4,-1,0,unknown
8630,unknown,3,jun,214,2,-1,0,unknown
8631,unknown,3,jun,350,3,-1,0,unknown
8632,unknown,3,jun,136,4,-1,0,unknown
8633,unknown,3,jun,56,5,-1,0,unknown
8634,unknown,3,jun,71,2,-1,0,unknown
8635,unknown,3,jun,137,3,-1,0,unknown
8636,unknown,3,jun,497,2,-1,0,unknown
8637,unknown,3,jun,81,2,-1,0,unknown
8638,unknown,3,jun,276,2,-1,0,unknown
8639,unknown,3,jun,68,2,-1,0,unknown
8640,unknown,3,jun,248,9,-1,0,unknown
8641,unknown,3,jun,11,18,-1,0,unknown
8642,unknown,3,jun,313,7,-1,0,unknown
8643,unknown,3,jun,397,2,-1,0,unknown
8644,unknown,3,jun,58,9,-1,0,unknown
8645,unknown,3,jun,164,2,-1,0,unknown
8646,unknown,3,jun,1363,7,-1,0,unknown
8647,unknown,3,jun,296,2,-1,0,unknown
8648,unknown,3,jun,816,2,-1,0,unknown
8649,unknown,3,jun,1030,6,-1,0,unknown
8650,unknown,3,jun,266,10,-1,0,unknown
8651,unknown,3,jun,180,3,-1,0,unknown
8652,unknown,3,jun,56,12,-1,0,unknown
8653,unknown,3,jun,143,8,-1,0,unknown
8654,unknown,3,jun,229,2,-1,0,unknown
8655,unknown,3,jun,342,2,-1,0,unknown
8656,unknown,3,jun,340,2,-1,0,unknown
8657,unknown,3,jun,59,2,-1,0,unknown
8658,unknown,3,jun,72,8,-1,0,unknown
8659,unknown,3,jun,599,3,-1,0,unknown
8660,unknown,3,jun,354,3,-1,0,unknown
8661,unknown,3,jun,77,8,-1,0,unknown
8662,unknown,3,jun,157,2,-1,0,unknown
8663,unknown,3,jun,109,4,-1,0,unknown
8664,unknown,3,jun,187,2,-1,0,unknown
8665,unknown,3,jun,239,8,-1,0,unknown
8666,unknown,3,jun,246,5,-1,0,unknown
8667,unknown,3,jun,118,7,-1,0,unknown
8668,unknown,3,jun,254,21,-1,0,unknown
8669,unknown,3,jun,281,7,-1,0,unknown
8670,unknown,3,jun,94,2,-1,0,unknown
8671,unknown,3,jun,203,9,-1,0,unknown
8672,unknown,3,jun,140,6,-1,0,unknown
8673,unknown,3,jun,148,2,-1,0,unknown
8674,unknown,3,jun,583,1,-1,0,unknown
8675,unknown,3,jun,328,9,-1,0,unknown
8676,unknown,3,jun,172,2,-1,0,unknown
8677,unknown,3,jun,87,6,-1,0,unknown
8678,unknown,3,jun,666,5,-1,0,unknown
8679,unknown,3,jun,73,4,-1,0,unknown
8680,unknown,3,jun,70,6,-1,0,unknown
8681,unknown,3,jun,68,6,-1,0,unknown
8682,unknown,3,jun,267,3,-1,0,unknown
8683,unknown,3,jun,193,2,-1,0,unknown
8684,unknown,3,jun,88,4,-1,0,unknown
8685,unknown,3,jun,19,20,-1,0,unknown
8686,unknown,3,jun,604,14,-1,0,unknown
8687,unknown,3,jun,290,3,-1,0,unknown
8688,unknown,3,jun,67,5,-1,0,unknown
8689,unknown,3,jun,88,6,-1,0,unknown
8690,unknown,3,jun,113,4,-1,0,unknown
8691,unknown,3,jun,550,1,-1,0,unknown
8692,unknown,3,jun,52,1,-1,0,unknown
8693,unknown,3,jun,197,3,-1,0,unknown
8694,unknown,3,jun,235,3,-1,0,unknown
8695,unknown,3,jun,120,11,-1,0,unknown
8696,unknown,3,jun,1516,2,-1,0,unknown
8697,unknown,3,jun,28,19,-1,0,unknown
8698,unknown,3,jun,87,7,-1,0,unknown
8699,unknown,3,jun,25,16,-1,0,unknown
8700,unknown,3,jun,151,7,-1,0,unknown
8701,unknown,3,jun,226,1,-1,0,unknown
8702,unknown,3,jun,113,11,-1,0,unknown
8703,unknown,3,jun,196,1,-1,0,unknown
8704,unknown,3,jun,272,1,-1,0,unknown
8705,unknown,3,jun,281,1,-1,0,unknown
8706,unknown,3,jun,1336,4,-1,0,unknown
8707,unknown,4,jun,173,14,-1,0,unknown
8708,unknown,4,jun,735,17,-1,0,unknown
8709,unknown,4,jun,457,1,-1,0,unknown
8710,unknown,4,jun,25,1,-1,0,unknown
8711,unknown,4,jun,145,8,-1,0,unknown
8712,unknown,4,jun,622,1,-1,0,unknown
8713,unknown,4,jun,89,1,-1,0,unknown
8714,unknown,4,jun,99,6,-1,0,unknown
8715,unknown,4,jun,71,1,-1,0,unknown
8716,unknown,4,jun,407,1,-1,0,unknown
8717,unknown,4,jun,250,1,-1,0,unknown
8718,unknown,4,jun,633,1,-1,0,unknown
8719,unknown,4,jun,462,2,-1,0,unknown
8720,unknown,4,jun,28,4,-1,0,unknown
8721,unknown,4,jun,1138,1,-1,0,unknown
8722,unknown,4,jun,107,2,-1,0,unknown
8723,unknown,4,jun,242,5,-1,0,unknown
8724,unknown,4,jun,135,2,-1,0,unknown
8725,unknown,4,jun,96,3,-1,0,unknown
8726,unknown,4,jun,66,4,-1,0,unknown
8727,unknown,4,jun,131,2,-1,0,unknown
8728,unknown,4,jun,46,2,-1,0,unknown
8729,unknown,4,jun,267,2,-1,0,unknown
8730,unknown,4,jun,213,3,-1,0,unknown
8731,unknown,4,jun,1242,1,-1,0,unknown
8732,unknown,4,jun,109,3,-1,0,unknown
8733,unknown,4,jun,75,3,-1,0,unknown
8734,unknown,4,jun,129,4,-1,0,unknown
8735,unknown,4,jun,89,3,-1,0,unknown
8736,unknown,4,jun,103,4,-1,0,unknown
8737,unknown,4,jun,71,5,-1,0,unknown
8738,unknown,4,jun,406,2,-1,0,unknown
8739,unknown,4,jun,66,2,-1,0,unknown
8740,unknown,4,jun,38,2,-1,0,unknown
8741,unknown,4,jun,166,2,-1,0,unknown
8742,unknown,4,jun,67,2,-1,0,unknown
8743,unknown,4,jun,121,4,-1,0,unknown
8744,unknown,4,jun,524,15,-1,0,unknown
8745,unknown,4,jun,1141,4,-1,0,unknown
8746,unknown,4,jun,125,5,-1,0,unknown
8747,unknown,4,jun,313,1,-1,0,unknown
8748,unknown,4,jun,18,1,-1,0,unknown
8749,unknown,4,jun,355,1,-1,0,unknown
8750,unknown,4,jun,237,1,-1,0,unknown
8751,unknown,4,jun,265,2,-1,0,unknown
8752,unknown,4,jun,84,7,-1,0,unknown
8753,unknown,4,jun,299,1,-1,0,unknown
8754,unknown,4,jun,109,1,-1,0,unknown
8755,unknown,4,jun,578,1,-1,0,unknown
8756,unknown,4,jun,142,2,-1,0,unknown
8757,unknown,4,jun,749,2,-1,0,unknown
8758,unknown,4,jun,102,1,-1,0,unknown
8759,unknown,4,jun,233,1,-1,0,unknown
8760,unknown,4,jun,984,2,-1,0,unknown
8761,unknown,4,jun,16,8,-1,0,unknown
8762,unknown,4,jun,215,1,-1,0,unknown
8763,unknown,4,jun,193,10,-1,0,unknown
8764,unknown,4,jun,148,11,-1,0,unknown
8765,unknown,4,jun,386,1,-1,0,unknown
8766,unknown,4,jun,194,1,-1,0,unknown
8767,unknown,4,jun,91,4,-1,0,unknown
8768,unknown,4,jun,98,1,-1,0,unknown
8769,unknown,4,jun,193,2,-1,0,unknown
8770,unknown,4,jun,132,1,-1,0,unknown
8771,unknown,4,jun,279,1,-1,0,unknown
8772,unknown,4,jun,347,3,-1,0,unknown
8773,unknown,4,jun,1045,1,-1,0,unknown
8774,unknown,4,jun,1519,1,-1,0,unknown
8775,unknown,4,jun,361,1,-1,0,unknown
8776,unknown,4,jun,204,1,-1,0,unknown
8777,unknown,4,jun,83,1,-1,0,unknown
8778,unknown,4,jun,105,1,-1,0,unknown
8779,unknown,4,jun,77,8,-1,0,unknown
8780,unknown,4,jun,29,1,-1,0,unknown
8781,unknown,4,jun,355,1,-1,0,unknown
8782,unknown,4,jun,153,1,-1,0,unknown
8783,unknown,4,jun,87,1,-1,0,unknown
8784,unknown,4,jun,178,6,-1,0,unknown
8785,unknown,4,jun,174,1,-1,0,unknown
8786,unknown,4,jun,605,1,-1,0,unknown
8787,unknown,4,jun,638,1,-1,0,unknown
8788,unknown,4,jun,89,1,-1,0,unknown
8789,unknown,4,jun,121,2,-1,0,unknown
8790,unknown,4,jun,216,1,-1,0,unknown
8791,unknown,4,jun,83,2,-1,0,unknown
8792,unknown,4,jun,69,3,-1,0,unknown
8793,unknown,4,jun,184,1,-1,0,unknown
8794,unknown,4,jun,161,1,-1,0,unknown
8795,unknown,4,jun,301,1,-1,0,unknown
8796,unknown,4,jun,236,1,-1,0,unknown
8797,unknown,4,jun,276,1,-1,0,unknown
8798,unknown,4,jun,182,1,-1,0,unknown
8799,unknown,4,jun,87,3,-1,0,unknown
8800,unknown,4,jun,139,2,-1,0,unknown
8801,unknown,4,jun,48,1,-1,0,unknown
8802,unknown,4,jun,377,1,-1,0,unknown
8803,unknown,4,jun,357,4,-1,0,unknown
8804,unknown,4,jun,119,2,-1,0,unknown
8805,unknown,4,jun,264,2,-1,0,unknown
8806,unknown,4,jun,121,2,-1,0,unknown
8807,unknown,4,jun,235,2,-1,0,unknown
8808,unknown,4,jun,90,2,-1,0,unknown
8809,unknown,4,jun,444,3,-1,0,unknown
8810,unknown,4,jun,283,1,-1,0,unknown
8811,unknown,4,jun,767,2,-1,0,unknown
8812,unknown,4,jun,123,1,-1,0,unknown
8813,unknown,4,jun,236,1,-1,0,unknown
8814,unknown,4,jun,85,3,-1,0,unknown
8815,unknown,4,jun,104,2,-1,0,unknown
8816,unknown,4,jun,324,1,-1,0,unknown
8817,unknown,4,jun,525,2,-1,0,unknown
8818,unknown,4,jun,525,1,-1,0,unknown
8819,unknown,4,jun,238,1,-1,0,unknown
8820,unknown,4,jun,217,2,-1,0,unknown
8821,unknown,4,jun,563,1,-1,0,unknown
8822,unknown,4,jun,433,2,-1,0,unknown
8823,unknown,4,jun,52,1,-1,0,unknown
8824,unknown,4,jun,235,1,-1,0,unknown
8825,unknown,4,jun,149,8,-1,0,unknown
8826,unknown,4,jun,402,2,-1,0,unknown
8827,unknown,4,jun,357,2,-1,0,unknown
8828,unknown,4,jun,140,1,-1,0,unknown
8829,unknown,4,jun,98,4,-1,0,unknown
8830,unknown,4,jun,171,3,-1,0,unknown
8831,unknown,4,jun,219,1,-1,0,unknown
8832,unknown,4,jun,1449,6,-1,0,unknown
8833,unknown,4,jun,257,3,-1,0,unknown
8834,unknown,4,jun,920,1,-1,0,unknown
8835,unknown,4,jun,79,1,-1,0,unknown
8836,unknown,4,jun,103,2,-1,0,unknown
8837,unknown,4,jun,833,2,-1,0,unknown
8838,unknown,4,jun,97,1,-1,0,unknown
8839,unknown,4,jun,45,1,-1,0,unknown
8840,unknown,4,jun,205,6,-1,0,unknown
8841,unknown,4,jun,344,2,-1,0,unknown
8842,unknown,4,jun,272,1,-1,0,unknown
8843,unknown,4,jun,204,1,-1,0,unknown
8844,unknown,4,jun,156,3,-1,0,unknown
8845,unknown,4,jun,213,1,-1,0,unknown
8846,unknown,4,jun,159,1,-1,0,unknown
8847,unknown,4,jun,153,6,-1,0,unknown
8848,unknown,4,jun,29,2,-1,0,unknown
8849,unknown,4,jun,15,1,-1,0,unknown
8850,unknown,4,jun,38,1,-1,0,unknown
8851,unknown,4,jun,654,2,-1,0,unknown
8852,unknown,4,jun,139,2,-1,0,unknown
8853,unknown,4,jun,81,1,-1,0,unknown
8854,unknown,4,jun,597,7,-1,0,unknown
8855,unknown,4,jun,174,2,-1,0,unknown
8856,unknown,4,jun,142,11,-1,0,unknown
8857,unknown,4,jun,393,11,-1,0,unknown
8858,unknown,4,jun,763,4,-1,0,unknown
8859,unknown,4,jun,61,6,-1,0,unknown
8860,unknown,4,jun,99,4,-1,0,unknown
8861,unknown,4,jun,85,5,-1,0,unknown
8862,unknown,4,jun,187,2,-1,0,unknown
8863,unknown,4,jun,188,2,-1,0,unknown
8864,unknown,4,jun,298,3,-1,0,unknown
8865,unknown,4,jun,113,2,-1,0,unknown
8866,unknown,4,jun,201,2,-1,0,unknown
8867,unknown,4,jun,264,2,-1,0,unknown
8868,unknown,4,jun,23,2,-1,0,unknown
8869,unknown,4,jun,180,2,-1,0,unknown
8870,unknown,4,jun,95,2,-1,0,unknown
8871,unknown,4,jun,69,1,-1,0,unknown
8872,unknown,4,jun,84,2,-1,0,unknown
8873,unknown,4,jun,324,1,-1,0,unknown
8874,unknown,4,jun,222,1,-1,0,unknown
8875,unknown,4,jun,608,2,-1,0,unknown
8876,unknown,4,jun,144,1,-1,0,unknown
8877,unknown,4,jun,298,2,-1,0,unknown
8878,unknown,4,jun,1224,7,-1,0,unknown
8879,unknown,4,jun,173,10,-1,0,unknown
8880,unknown,4,jun,134,2,-1,0,unknown
8881,unknown,4,jun,245,1,-1,0,unknown
8882,unknown,4,jun,121,3,-1,0,unknown
8883,unknown,4,jun,49,1,-1,0,unknown
8884,unknown,4,jun,1181,2,-1,0,unknown
8885,unknown,4,jun,606,2,-1,0,unknown
8886,unknown,4,jun,184,2,-1,0,unknown
8887,unknown,4,jun,106,1,-1,0,unknown
8888,unknown,4,jun,249,2,-1,0,unknown
8889,unknown,4,jun,908,1,-1,0,unknown
8890,unknown,4,jun,92,2,-1,0,unknown
8891,unknown,4,jun,404,2,-1,0,unknown
8892,unknown,4,jun,207,4,-1,0,unknown
8893,unknown,4,jun,135,3,-1,0,unknown
8894,unknown,4,jun,37,1,-1,0,unknown
8895,unknown,4,jun,141,6,-1,0,unknown
8896,unknown,4,jun,117,1,-1,0,unknown
8897,unknown,4,jun,14,11,-1,0,unknown
8898,unknown,4,jun,174,9,-1,0,unknown
8899,unknown,4,jun,60,4,-1,0,unknown
8900,unknown,4,jun,235,5,-1,0,unknown
8901,unknown,4,jun,285,4,-1,0,unknown
8902,unknown,4,jun,112,1,-1,0,unknown
8903,unknown,4,jun,99,2,-1,0,unknown
8904,unknown,4,jun,208,4,-1,0,unknown
8905,unknown,4,jun,132,2,-1,0,unknown
8906,unknown,4,jun,151,2,-1,0,unknown
8907,unknown,4,jun,163,1,-1,0,unknown
8908,unknown,4,jun,135,1,-1,0,unknown
8909,unknown,4,jun,179,1,-1,0,unknown
8910,unknown,4,jun,329,4,-1,0,unknown
8911,unknown,4,jun,126,1,-1,0,unknown
8912,unknown,4,jun,126,2,-1,0,unknown
8913,unknown,4,jun,119,1,-1,0,unknown
8914,unknown,4,jun,209,2,-1,0,unknown
8915,unknown,4,jun,192,6,-1,0,unknown
8916,unknown,4,jun,341,2,-1,0,unknown
8917,unknown,4,jun,17,13,-1,0,unknown
8918,unknown,4,jun,167,1,-1,0,unknown
8919,unknown,4,jun,152,6,-1,0,unknown
8920,unknown,4,jun,84,3,-1,0,unknown
8921,unknown,4,jun,341,4,-1,0,unknown
8922,unknown,4,jun,244,2,-1,0,unknown
8923,unknown,4,jun,423,2,-1,0,unknown
8924,unknown,4,jun,111,3,-1,0,unknown
8925,unknown,4,jun,170,3,-1,0,unknown
8926,unknown,4,jun,87,2,-1,0,unknown
8927,unknown,4,jun,227,2,-1,0,unknown
8928,unknown,4,jun,34,2,-1,0,unknown
8929,unknown,4,jun,130,3,-1,0,unknown
8930,unknown,4,jun,169,2,-1,0,unknown
8931,unknown,4,jun,392,2,-1,0,unknown
8932,unknown,4,jun,46,16,-1,0,unknown
8933,unknown,4,jun,39,2,-1,0,unknown
8934,unknown,4,jun,282,15,-1,0,unknown
8935,unknown,4,jun,112,4,-1,0,unknown
8936,unknown,4,jun,36,4,-1,0,unknown
8937,unknown,4,jun,69,4,-1,0,unknown
8938,unknown,4,jun,299,2,-1,0,unknown
8939,unknown,4,jun,80,6,-1,0,unknown
8940,unknown,4,jun,729,2,-1,0,unknown
8941,unknown,4,jun,389,5,-1,0,unknown
8942,unknown,4,jun,229,6,-1,0,unknown
8943,unknown,4,jun,624,2,-1,0,unknown
8944,unknown,4,jun,165,2,-1,0,unknown
8945,unknown,4,jun,216,2,-1,0,unknown
8946,unknown,4,jun,122,1,-1,0,unknown
8947,unknown,4,jun,172,2,-1,0,unknown
8948,unknown,4,jun,79,10,-1,0,unknown
8949,unknown,4,jun,702,2,-1,0,unknown
8950,unknown,4,jun,65,10,-1,0,unknown
8951,unknown,4,jun,361,1,-1,0,unknown
8952,unknown,4,jun,140,2,-1,0,unknown
8953,unknown,4,jun,382,3,-1,0,unknown
8954,unknown,4,jun,128,1,-1,0,unknown
8955,unknown,4,jun,175,1,-1,0,unknown
8956,unknown,4,jun,147,1,-1,0,unknown
8957,unknown,4,jun,292,1,-1,0,unknown
8958,unknown,4,jun,235,1,-1,0,unknown
8959,unknown,4,jun,156,1,-1,0,unknown
8960,unknown,4,jun,570,11,-1,0,unknown
8961,unknown,5,jun,399,3,-1,0,unknown
8962,unknown,5,jun,222,1,-1,0,unknown
8963,unknown,5,jun,243,1,-1,0,unknown
8964,unknown,5,jun,243,1,-1,0,unknown
8965,unknown,5,jun,38,1,-1,0,unknown
8966,unknown,5,jun,379,1,-1,0,unknown
8967,unknown,5,jun,307,1,-1,0,unknown
8968,unknown,5,jun,178,1,-1,0,unknown
8969,unknown,5,jun,308,1,-1,0,unknown
8970,unknown,5,jun,27,1,-1,0,unknown
8971,unknown,5,jun,80,1,-1,0,unknown
8972,unknown,5,jun,75,1,-1,0,unknown
8973,unknown,5,jun,168,1,-1,0,unknown
8974,unknown,5,jun,160,1,-1,0,unknown
8975,unknown,5,jun,179,1,-1,0,unknown
8976,unknown,5,jun,504,1,-1,0,unknown
8977,unknown,5,jun,25,1,-1,0,unknown
8978,unknown,5,jun,49,1,-1,0,unknown
8979,unknown,5,jun,147,1,-1,0,unknown
8980,unknown,5,jun,83,3,-1,0,unknown
8981,unknown,5,jun,773,1,-1,0,unknown
8982,unknown,5,jun,135,1,-1,0,unknown
8983,unknown,5,jun,169,1,-1,0,unknown
8984,unknown,5,jun,104,1,-1,0,unknown
8985,unknown,5,jun,400,2,-1,0,unknown
8986,unknown,5,jun,827,1,-1,0,unknown
8987,unknown,5,jun,112,2,-1,0,unknown
8988,unknown,5,jun,124,1,-1,0,unknown
8989,unknown,5,jun,56,1,-1,0,unknown
8990,unknown,5,jun,124,1,-1,0,unknown
8991,unknown,5,jun,224,1,-1,0,unknown
8992,unknown,5,jun,172,1,-1,0,unknown
8993,unknown,5,jun,636,1,-1,0,unknown
8994,unknown,5,jun,40,1,-1,0,unknown
8995,unknown,5,jun,63,1,-1,0,unknown
8996,unknown,5,jun,396,1,-1,0,unknown
8997,unknown,5,jun,487,1,-1,0,unknown
8998,unknown,5,jun,221,1,-1,0,unknown
8999,unknown,5,jun,222,1,-1,0,unknown
9000,unknown,5,jun,78,1,-1,0,unknown
9001,unknown,5,jun,92,1,-1,0,unknown
9002,unknown,5,jun,48,2,-1,0,unknown
9003,unknown,5,jun,69,1,-1,0,unknown
9004,unknown,5,jun,333,2,-1,0,unknown
9005,unknown,5,jun,78,6,-1,0,unknown
9006,unknown,5,jun,131,1,-1,0,unknown
9007,unknown,5,jun,170,1,-1,0,unknown
9008,unknown,5,jun,397,1,-1,0,unknown
9009,unknown,5,jun,41,1,-1,0,unknown
9010,unknown,5,jun,93,1,-1,0,unknown
9011,unknown,5,jun,208,1,-1,0,unknown
9012,unknown,5,jun,133,1,-1,0,unknown
9013,unknown,5,jun,133,1,-1,0,unknown
9014,unknown,5,jun,57,6,-1,0,unknown
9015,unknown,5,jun,21,1,-1,0,unknown
9016,unknown,5,jun,47,1,-1,0,unknown
9017,unknown,5,jun,89,1,-1,0,unknown
9018,unknown,5,jun,163,1,-1,0,unknown
9019,unknown,5,jun,86,1,-1,0,unknown
9020,unknown,5,jun,142,2,-1,0,unknown
9021,unknown,5,jun,492,2,-1,0,unknown
9022,unknown,5,jun,327,2,-1,0,unknown
9023,unknown,5,jun,323,1,-1,0,unknown
9024,unknown,5,jun,189,1,-1,0,unknown
9025,unknown,5,jun,812,1,-1,0,unknown
9026,unknown,5,jun,99,2,-1,0,unknown
9027,unknown,5,jun,135,2,-1,0,unknown
9028,unknown,5,jun,428,1,-1,0,unknown
9029,unknown,5,jun,169,1,-1,0,unknown
9030,unknown,5,jun,202,1,-1,0,unknown
9031,unknown,5,jun,271,1,-1,0,unknown
9032,unknown,5,jun,232,1,-1,0,unknown
9033,unknown,5,jun,56,1,-1,0,unknown
9034,unknown,5,jun,175,1,-1,0,unknown
9035,unknown,5,jun,67,1,-1,0,unknown
9036,unknown,5,jun,81,2,-1,0,unknown
9037,unknown,5,jun,1167,1,-1,0,unknown
9038,unknown,5,jun,647,1,-1,0,unknown
9039,unknown,5,jun,74,1,-1,0,unknown
9040,unknown,5,jun,910,2,-1,0,unknown
9041,unknown,5,jun,65,2,-1,0,unknown
9042,unknown,5,jun,21,1,-1,0,unknown
9043,unknown,5,jun,292,1,-1,0,unknown
9044,unknown,5,jun,1446,1,-1,0,unknown
9045,unknown,5,jun,85,1,-1,0,unknown
9046,unknown,5,jun,60,1,-1,0,unknown
9047,unknown,5,jun,132,1,-1,0,unknown
9048,unknown,5,jun,60,1,-1,0,unknown
9049,unknown,5,jun,1149,2,-1,0,unknown
9050,unknown,5,jun,179,1,-1,0,unknown
9051,unknown,5,jun,67,2,-1,0,unknown
9052,unknown,5,jun,166,2,-1,0,unknown
9053,unknown,5,jun,133,1,-1,0,unknown
9054,unknown,5,jun,124,2,-1,0,unknown
9055,unknown,5,jun,331,1,-1,0,unknown
9056,unknown,5,jun,174,1,-1,0,unknown
9057,unknown,5,jun,190,1,-1,0,unknown
9058,unknown,5,jun,409,1,-1,0,unknown
9059,unknown,5,jun,145,1,-1,0,unknown
9060,unknown,5,jun,139,1,-1,0,unknown
9061,unknown,5,jun,420,1,-1,0,unknown
9062,unknown,5,jun,247,2,-1,0,unknown
9063,unknown,5,jun,90,1,-1,0,unknown
9064,unknown,5,jun,52,1,-1,0,unknown
9065,unknown,5,jun,170,1,-1,0,unknown
9066,unknown,5,jun,70,1,-1,0,unknown
9067,unknown,5,jun,89,1,-1,0,unknown
9068,unknown,5,jun,91,1,-1,0,unknown
9069,unknown,5,jun,1123,1,-1,0,unknown
9070,unknown,5,jun,39,1,-1,0,unknown
9071,unknown,5,jun,225,1,-1,0,unknown
9072,unknown,5,jun,36,2,-1,0,unknown
9073,unknown,5,jun,287,1,-1,0,unknown
9074,unknown,5,jun,118,2,-1,0,unknown
9075,unknown,5,jun,627,1,-1,0,unknown
9076,unknown,5,jun,428,1,-1,0,unknown
9077,unknown,5,jun,104,2,-1,0,unknown
9078,unknown,5,jun,166,2,-1,0,unknown
9079,unknown,5,jun,264,1,-1,0,unknown
9080,unknown,5,jun,42,1,-1,0,unknown
9081,unknown,5,jun,452,1,-1,0,unknown
9082,unknown,5,jun,22,1,-1,0,unknown
9083,unknown,5,jun,272,1,-1,0,unknown
9084,unknown,5,jun,152,1,-1,0,unknown
9085,unknown,5,jun,85,2,-1,0,unknown
9086,unknown,5,jun,247,1,-1,0,unknown
9087,unknown,5,jun,508,2,-1,0,unknown
9088,unknown,5,jun,315,1,-1,0,unknown
9089,unknown,5,jun,109,2,-1,0,unknown
9090,unknown,5,jun,414,1,-1,0,unknown
9091,unknown,5,jun,202,1,-1,0,unknown
9092,unknown,5,jun,107,1,-1,0,unknown
9093,unknown,5,jun,285,1,-1,0,unknown
9094,unknown,5,jun,290,1,-1,0,unknown
9095,unknown,5,jun,257,1,-1,0,unknown
9096,unknown,5,jun,90,1,-1,0,unknown
9097,unknown,5,jun,150,2,-1,0,unknown
9098,unknown,5,jun,86,1,-1,0,unknown
9099,unknown,5,jun,21,1,-1,0,unknown
9100,unknown,5,jun,108,1,-1,0,unknown
9101,unknown,5,jun,560,2,-1,0,unknown
9102,unknown,5,jun,153,1,-1,0,unknown
9103,unknown,5,jun,202,1,-1,0,unknown
9104,unknown,5,jun,736,2,-1,0,unknown
9105,unknown,5,jun,127,2,-1,0,unknown
9106,unknown,5,jun,265,2,-1,0,unknown
9107,unknown,5,jun,590,3,-1,0,unknown
9108,unknown,5,jun,126,2,-1,0,unknown
9109,unknown,5,jun,74,1,-1,0,unknown
9110,unknown,5,jun,48,2,-1,0,unknown
9111,unknown,5,jun,53,1,-1,0,unknown
9112,unknown,5,jun,370,2,-1,0,unknown
9113,unknown,5,jun,419,1,-1,0,unknown
9114,unknown,5,jun,355,1,-1,0,unknown
9115,unknown,5,jun,280,1,-1,0,unknown
9116,unknown,5,jun,80,2,-1,0,unknown
9117,unknown,5,jun,222,1,-1,0,unknown
9118,unknown,5,jun,251,1,-1,0,unknown
9119,unknown,5,jun,117,2,-1,0,unknown
9120,unknown,5,jun,237,3,-1,0,unknown
9121,unknown,5,jun,1009,2,-1,0,unknown
9122,unknown,5,jun,148,2,-1,0,unknown
9123,unknown,5,jun,636,1,-1,0,unknown
9124,unknown,5,jun,81,1,-1,0,unknown
9125,unknown,5,jun,83,2,-1,0,unknown
9126,unknown,5,jun,164,2,-1,0,unknown
9127,unknown,5,jun,103,2,-1,0,unknown
9128,unknown,5,jun,280,1,-1,0,unknown
9129,unknown,5,jun,22,1,-1,0,unknown
9130,unknown,5,jun,118,1,-1,0,unknown
9131,unknown,5,jun,127,3,-1,0,unknown
9132,unknown,5,jun,426,5,-1,0,unknown
9133,unknown,5,jun,152,1,-1,0,unknown
9134,unknown,5,jun,701,1,-1,0,unknown
9135,unknown,5,jun,57,1,-1,0,unknown
9136,unknown,5,jun,227,1,-1,0,unknown
9137,unknown,5,jun,115,2,-1,0,unknown
9138,unknown,5,jun,307,2,-1,0,unknown
9139,unknown,5,jun,267,11,-1,0,unknown
9140,unknown,5,jun,155,3,-1,0,unknown
9141,unknown,5,jun,245,2,-1,0,unknown
9142,unknown,5,jun,489,3,-1,0,unknown
9143,unknown,5,jun,761,2,-1,0,unknown
9144,unknown,5,jun,1558,1,-1,0,unknown
9145,unknown,5,jun,1053,2,-1,0,unknown
9146,unknown,5,jun,66,3,-1,0,unknown
9147,unknown,5,jun,471,3,-1,0,unknown
9148,unknown,5,jun,562,15,-1,0,unknown
9149,unknown,5,jun,107,1,-1,0,unknown
9150,unknown,5,jun,113,3,-1,0,unknown
9151,unknown,5,jun,447,2,-1,0,unknown
9152,unknown,5,jun,215,1,-1,0,unknown
9153,unknown,5,jun,185,1,-1,0,unknown
9154,unknown,5,jun,169,3,-1,0,unknown
9155,unknown,5,jun,620,2,-1,0,unknown
9156,unknown,5,jun,139,3,-1,0,unknown
9157,unknown,5,jun,18,2,-1,0,unknown
9158,unknown,5,jun,23,2,-1,0,unknown
9159,unknown,5,jun,27,8,-1,0,unknown
9160,unknown,5,jun,348,1,-1,0,unknown
9161,unknown,5,jun,64,2,-1,0,unknown
9162,unknown,5,jun,57,2,-1,0,unknown
9163,unknown,5,jun,71,1,-1,0,unknown
9164,unknown,5,jun,96,2,-1,0,unknown
9165,unknown,5,jun,168,2,-1,0,unknown
9166,unknown,5,jun,346,3,-1,0,unknown
9167,unknown,5,jun,99,3,-1,0,unknown
9168,unknown,5,jun,237,2,-1,0,unknown
9169,unknown,5,jun,52,1,-1,0,unknown
9170,unknown,5,jun,309,2,-1,0,unknown
9171,unknown,5,jun,267,2,-1,0,unknown
9172,unknown,5,jun,27,2,-1,0,unknown
9173,unknown,5,jun,511,1,-1,0,unknown
9174,unknown,5,jun,201,1,-1,0,unknown
9175,unknown,5,jun,170,2,-1,0,unknown
9176,unknown,5,jun,61,2,-1,0,unknown
9177,unknown,5,jun,256,2,-1,0,unknown
9178,unknown,5,jun,87,1,-1,0,unknown
9179,unknown,5,jun,245,2,-1,0,unknown
9180,unknown,5,jun,1005,2,-1,0,unknown
9181,unknown,5,jun,20,1,-1,0,unknown
9182,unknown,5,jun,340,1,-1,0,unknown
9183,unknown,5,jun,387,1,-1,0,unknown
9184,unknown,5,jun,690,2,-1,0,unknown
9185,unknown,5,jun,1084,1,-1,0,unknown
9186,unknown,5,jun,140,2,-1,0,unknown
9187,unknown,5,jun,190,2,-1,0,unknown
9188,unknown,5,jun,400,2,-1,0,unknown
9189,unknown,5,jun,82,1,-1,0,unknown
9190,unknown,5,jun,34,1,-1,0,unknown
9191,unknown,5,jun,94,1,-1,0,unknown
9192,unknown,5,jun,221,2,-1,0,unknown
9193,unknown,5,jun,563,1,-1,0,unknown
9194,unknown,5,jun,741,1,-1,0,unknown
9195,unknown,5,jun,40,2,-1,0,unknown
9196,unknown,5,jun,85,3,-1,0,unknown
9197,unknown,5,jun,128,1,-1,0,unknown
9198,unknown,5,jun,163,1,-1,0,unknown
9199,unknown,5,jun,21,10,-1,0,unknown
9200,unknown,5,jun,17,1,-1,0,unknown
9201,unknown,5,jun,59,7,-1,0,unknown
9202,unknown,5,jun,49,1,-1,0,unknown
9203,unknown,5,jun,138,1,-1,0,unknown
9204,unknown,5,jun,197,1,-1,0,unknown
9205,unknown,5,jun,1865,2,-1,0,unknown
9206,unknown,5,jun,622,4,-1,0,unknown
9207,unknown,5,jun,91,1,-1,0,unknown
9208,unknown,5,jun,175,4,-1,0,unknown
9209,unknown,5,jun,817,2,-1,0,unknown
9210,unknown,5,jun,179,1,-1,0,unknown
9211,unknown,5,jun,181,2,-1,0,unknown
9212,unknown,5,jun,181,2,-1,0,unknown
9213,unknown,5,jun,77,2,-1,0,unknown
9214,unknown,5,jun,318,3,-1,0,unknown
9215,unknown,5,jun,228,2,-1,0,unknown
9216,unknown,5,jun,158,1,-1,0,unknown
9217,unknown,5,jun,247,1,-1,0,unknown
9218,unknown,5,jun,1302,13,-1,0,unknown
9219,unknown,5,jun,189,2,-1,0,unknown
9220,unknown,5,jun,127,6,-1,0,unknown
9221,unknown,5,jun,63,3,-1,0,unknown
9222,unknown,5,jun,517,3,-1,0,unknown
9223,unknown,5,jun,86,2,-1,0,unknown
9224,unknown,5,jun,420,4,-1,0,unknown
9225,unknown,5,jun,333,1,-1,0,unknown
9226,unknown,5,jun,26,24,-1,0,unknown
9227,unknown,5,jun,57,2,-1,0,unknown
9228,unknown,5,jun,127,4,-1,0,unknown
9229,unknown,5,jun,272,2,-1,0,unknown
9230,unknown,5,jun,105,3,-1,0,unknown
9231,unknown,5,jun,101,11,-1,0,unknown
9232,unknown,5,jun,152,2,-1,0,unknown
9233,unknown,5,jun,97,2,-1,0,unknown
9234,unknown,5,jun,61,3,-1,0,unknown
9235,unknown,5,jun,92,2,-1,0,unknown
9236,unknown,5,jun,22,15,-1,0,unknown
9237,unknown,5,jun,494,5,-1,0,unknown
9238,unknown,5,jun,138,3,-1,0,unknown
9239,unknown,5,jun,337,2,-1,0,unknown
9240,unknown,5,jun,412,2,-1,0,unknown
9241,unknown,5,jun,955,4,-1,0,unknown
9242,unknown,5,jun,1018,3,-1,0,unknown
9243,unknown,5,jun,90,2,-1,0,unknown
9244,unknown,5,jun,729,2,-1,0,unknown
9245,unknown,5,jun,159,2,-1,0,unknown
9246,unknown,5,jun,94,4,-1,0,unknown
9247,unknown,5,jun,314,2,-1,0,unknown
9248,unknown,5,jun,74,5,-1,0,unknown
9249,unknown,5,jun,153,2,-1,0,unknown
9250,unknown,5,jun,193,2,-1,0,unknown
9251,unknown,5,jun,53,29,-1,0,unknown
9252,unknown,5,jun,231,2,-1,0,unknown
9253,unknown,5,jun,353,2,-1,0,unknown
9254,unknown,5,jun,805,2,-1,0,unknown
9255,unknown,5,jun,19,3,-1,0,unknown
9256,unknown,5,jun,131,3,-1,0,unknown
9257,unknown,5,jun,102,2,-1,0,unknown
9258,unknown,5,jun,150,2,-1,0,unknown
9259,unknown,5,jun,65,3,-1,0,unknown
9260,unknown,5,jun,91,2,-1,0,unknown
9261,unknown,5,jun,869,2,-1,0,unknown
9262,unknown,5,jun,144,7,-1,0,unknown
9263,unknown,5,jun,115,2,-1,0,unknown
9264,unknown,5,jun,93,3,-1,0,unknown
9265,unknown,5,jun,884,4,-1,0,unknown
9266,unknown,5,jun,209,3,-1,0,unknown
9267,unknown,5,jun,85,2,-1,0,unknown
9268,unknown,5,jun,295,3,-1,0,unknown
9269,unknown,5,jun,319,6,-1,0,unknown
9270,unknown,5,jun,323,3,-1,0,unknown
9271,unknown,5,jun,648,2,-1,0,unknown
9272,unknown,5,jun,21,17,-1,0,unknown
9273,unknown,5,jun,312,3,-1,0,unknown
9274,unknown,5,jun,162,2,-1,0,unknown
9275,unknown,5,jun,67,2,-1,0,unknown
9276,unknown,5,jun,18,3,-1,0,unknown
9277,unknown,5,jun,541,3,-1,0,unknown
9278,unknown,5,jun,221,3,-1,0,unknown
9279,unknown,5,jun,138,2,-1,0,unknown
9280,unknown,5,jun,231,2,-1,0,unknown
9281,unknown,5,jun,82,2,-1,0,unknown
9282,unknown,5,jun,17,16,-1,0,unknown
9283,unknown,5,jun,214,5,-1,0,unknown
9284,unknown,5,jun,650,2,-1,0,unknown
9285,unknown,5,jun,75,3,-1,0,unknown
9286,unknown,5,jun,338,2,-1,0,unknown
9287,unknown,5,jun,58,8,-1,0,unknown
9288,unknown,5,jun,718,13,-1,0,unknown
9289,unknown,5,jun,394,2,-1,0,unknown
9290,unknown,5,jun,160,2,-1,0,unknown
9291,unknown,5,jun,240,2,-1,0,unknown
9292,unknown,5,jun,54,26,-1,0,unknown
9293,unknown,5,jun,288,2,-1,0,unknown
9294,unknown,5,jun,25,26,-1,0,unknown
9295,unknown,5,jun,131,10,-1,0,unknown
9296,unknown,5,jun,18,31,-1,0,unknown
9297,unknown,5,jun,31,5,-1,0,unknown
9298,unknown,5,jun,119,3,-1,0,unknown
9299,unknown,5,jun,474,2,-1,0,unknown
9300,unknown,5,jun,173,3,-1,0,unknown
9301,unknown,5,jun,87,2,-1,0,unknown
9302,unknown,5,jun,67,12,-1,0,unknown
9303,unknown,5,jun,128,2,-1,0,unknown
9304,unknown,5,jun,285,2,-1,0,unknown
9305,unknown,5,jun,153,2,-1,0,unknown
9306,unknown,5,jun,172,2,-1,0,unknown
9307,unknown,5,jun,451,2,-1,0,unknown
9308,unknown,5,jun,96,2,-1,0,unknown
9309,unknown,5,jun,1121,3,-1,0,unknown
9310,unknown,5,jun,191,2,-1,0,unknown
9311,unknown,5,jun,939,6,-1,0,unknown
9312,unknown,5,jun,486,2,-1,0,unknown
9313,unknown,5,jun,234,3,-1,0,unknown
9314,unknown,5,jun,240,3,-1,0,unknown
9315,unknown,5,jun,210,3,-1,0,unknown
9316,unknown,5,jun,175,7,-1,0,unknown
9317,unknown,5,jun,124,2,-1,0,unknown
9318,unknown,5,jun,372,1,-1,0,unknown
9319,unknown,5,jun,406,2,-1,0,unknown
9320,unknown,6,jun,179,1,-1,0,unknown
9321,unknown,6,jun,463,4,-1,0,unknown
9322,unknown,6,jun,127,1,-1,0,unknown
9323,unknown,6,jun,105,1,-1,0,unknown
9324,unknown,6,jun,140,1,-1,0,unknown
9325,unknown,6,jun,130,1,-1,0,unknown
9326,unknown,6,jun,53,1,-1,0,unknown
9327,unknown,6,jun,178,1,-1,0,unknown
9328,unknown,6,jun,82,4,-1,0,unknown
9329,unknown,6,jun,116,11,-1,0,unknown
9330,unknown,6,jun,144,15,-1,0,unknown
9331,unknown,6,jun,40,2,-1,0,unknown
9332,unknown,6,jun,90,4,-1,0,unknown
9333,unknown,6,jun,164,4,-1,0,unknown
9334,unknown,6,jun,190,1,-1,0,unknown
9335,unknown,6,jun,582,11,-1,0,unknown
9336,unknown,6,jun,116,3,-1,0,unknown
9337,unknown,6,jun,78,1,-1,0,unknown
9338,unknown,6,jun,188,1,-1,0,unknown
9339,unknown,6,jun,432,1,-1,0,unknown
9340,unknown,6,jun,554,1,-1,0,unknown
9341,unknown,6,jun,118,1,-1,0,unknown
9342,unknown,6,jun,63,9,-1,0,unknown
9343,unknown,6,jun,246,3,-1,0,unknown
9344,unknown,6,jun,143,2,-1,0,unknown
9345,unknown,6,jun,361,1,-1,0,unknown
9346,unknown,6,jun,94,1,-1,0,unknown
9347,unknown,6,jun,219,1,-1,0,unknown
9348,unknown,6,jun,80,1,-1,0,unknown
9349,unknown,6,jun,141,1,-1,0,unknown
9350,unknown,6,jun,126,1,-1,0,unknown
9351,unknown,6,jun,447,2,-1,0,unknown
9352,unknown,6,jun,339,5,-1,0,unknown
9353,unknown,6,jun,220,2,-1,0,unknown
9354,unknown,6,jun,373,1,-1,0,unknown
9355,unknown,6,jun,79,2,-1,0,unknown
9356,unknown,6,jun,339,1,-1,0,unknown
9357,unknown,6,jun,18,1,-1,0,unknown
9358,unknown,6,jun,91,1,-1,0,unknown
9359,unknown,6,jun,91,18,-1,0,unknown
9360,unknown,6,jun,178,1,-1,0,unknown
9361,unknown,6,jun,513,3,-1,0,unknown
9362,unknown,6,jun,84,2,-1,0,unknown
9363,unknown,6,jun,351,1,-1,0,unknown
9364,unknown,6,jun,399,1,-1,0,unknown
9365,unknown,6,jun,19,1,-1,0,unknown
9366,unknown,6,jun,334,1,-1,0,unknown
9367,unknown,6,jun,49,5,-1,0,unknown
9368,unknown,6,jun,50,3,-1,0,unknown
9369,unknown,6,jun,106,5,-1,0,unknown
9370,unknown,6,jun,135,2,-1,0,unknown
9371,unknown,6,jun,101,2,-1,0,unknown
9372,unknown,6,jun,114,5,-1,0,unknown
9373,unknown,6,jun,414,2,-1,0,unknown
9374,unknown,6,jun,266,2,-1,0,unknown
9375,unknown,6,jun,363,1,-1,0,unknown
9376,unknown,6,jun,431,2,-1,0,unknown
9377,unknown,6,jun,110,1,-1,0,unknown
9378,unknown,6,jun,113,1,-1,0,unknown
9379,unknown,6,jun,237,3,-1,0,unknown
9380,unknown,6,jun,709,5,-1,0,unknown
9381,unknown,6,jun,1276,2,-1,0,unknown
9382,unknown,6,jun,161,5,-1,0,unknown
9383,unknown,6,jun,189,3,-1,0,unknown
9384,unknown,6,jun,29,1,-1,0,unknown
9385,unknown,6,jun,420,2,-1,0,unknown
9386,unknown,6,jun,672,2,-1,0,unknown
9387,unknown,6,jun,248,2,-1,0,unknown
9388,unknown,6,jun,67,1,-1,0,unknown
9389,unknown,6,jun,381,2,-1,0,unknown
9390,unknown,6,jun,80,3,-1,0,unknown
9391,unknown,6,jun,194,3,-1,0,unknown
9392,unknown,6,jun,1994,2,-1,0,unknown
9393,unknown,6,jun,153,1,-1,0,unknown
9394,unknown,6,jun,183,1,-1,0,unknown
9395,unknown,6,jun,250,1,-1,0,unknown
9396,unknown,6,jun,81,5,-1,0,unknown
9397,unknown,6,jun,223,3,-1,0,unknown
9398,unknown,6,jun,172,2,-1,0,unknown
9399,unknown,6,jun,100,2,-1,0,unknown
9400,unknown,6,jun,188,1,-1,0,unknown
9401,unknown,6,jun,320,1,-1,0,unknown
9402,unknown,6,jun,64,1,-1,0,unknown
9403,unknown,6,jun,134,2,-1,0,unknown
9404,unknown,6,jun,122,16,-1,0,unknown
9405,unknown,6,jun,83,3,-1,0,unknown
9406,unknown,6,jun,51,1,-1,0,unknown
9407,unknown,6,jun,330,1,-1,0,unknown
9408,unknown,6,jun,164,1,-1,0,unknown
9409,unknown,6,jun,272,1,-1,0,unknown
9410,unknown,6,jun,182,1,-1,0,unknown
9411,unknown,6,jun,81,1,-1,0,unknown
9412,unknown,6,jun,159,1,-1,0,unknown
9413,unknown,6,jun,42,1,-1,0,unknown
9414,unknown,6,jun,361,1,-1,0,unknown
9415,unknown,6,jun,307,1,-1,0,unknown
9416,unknown,6,jun,377,3,-1,0,unknown
9417,unknown,6,jun,315,1,-1,0,unknown
9418,unknown,6,jun,24,1,-1,0,unknown
9419,unknown,6,jun,386,1,-1,0,unknown
9420,unknown,6,jun,79,3,-1,0,unknown
9421,unknown,6,jun,177,2,-1,0,unknown
9422,unknown,6,jun,30,1,-1,0,unknown
9423,unknown,6,jun,182,2,-1,0,unknown
9424,unknown,6,jun,358,1,-1,0,unknown
9425,unknown,6,jun,42,1,-1,0,unknown
9426,unknown,6,jun,227,1,-1,0,unknown
9427,unknown,6,jun,29,1,-1,0,unknown
9428,unknown,6,jun,52,13,-1,0,unknown
9429,unknown,6,jun,360,2,-1,0,unknown
9430,unknown,6,jun,136,13,-1,0,unknown
9431,unknown,6,jun,106,2,-1,0,unknown
9432,unknown,6,jun,141,3,-1,0,unknown
9433,unknown,6,jun,28,1,-1,0,unknown
9434,unknown,6,jun,862,11,-1,0,unknown
9435,unknown,6,jun,32,2,-1,0,unknown
9436,unknown,6,jun,97,1,-1,0,unknown
9437,unknown,6,jun,107,1,-1,0,unknown
9438,unknown,6,jun,94,1,-1,0,unknown
9439,unknown,6,jun,168,3,-1,0,unknown
9440,unknown,6,jun,44,1,-1,0,unknown
9441,unknown,6,jun,460,4,-1,0,unknown
9442,unknown,6,jun,712,2,-1,0,unknown
9443,unknown,6,jun,78,3,-1,0,unknown
9444,unknown,6,jun,262,1,-1,0,unknown
9445,unknown,6,jun,84,5,-1,0,unknown
9446,unknown,6,jun,173,2,-1,0,unknown
9447,unknown,6,jun,175,2,-1,0,unknown
9448,unknown,6,jun,29,4,-1,0,unknown
9449,unknown,6,jun,968,1,-1,0,unknown
9450,unknown,6,jun,219,1,-1,0,unknown
9451,unknown,6,jun,220,4,-1,0,unknown
9452,unknown,6,jun,71,2,-1,0,unknown
9453,unknown,6,jun,642,2,-1,0,unknown
9454,unknown,6,jun,238,3,-1,0,unknown
9455,unknown,6,jun,650,1,-1,0,unknown
9456,unknown,6,jun,159,3,-1,0,unknown
9457,unknown,6,jun,60,3,-1,0,unknown
9458,unknown,6,jun,165,3,-1,0,unknown
9459,unknown,6,jun,82,2,-1,0,unknown
9460,unknown,6,jun,133,3,-1,0,unknown
9461,unknown,6,jun,136,1,-1,0,unknown
9462,unknown,6,jun,136,1,-1,0,unknown
9463,unknown,6,jun,40,1,-1,0,unknown
9464,unknown,6,jun,383,1,-1,0,unknown
9465,unknown,6,jun,464,1,-1,0,unknown
9466,unknown,6,jun,37,1,-1,0,unknown
9467,unknown,6,jun,189,1,-1,0,unknown
9468,unknown,6,jun,176,2,-1,0,unknown
9469,unknown,6,jun,181,2,-1,0,unknown
9470,unknown,6,jun,118,4,-1,0,unknown
9471,unknown,6,jun,217,2,-1,0,unknown
9472,unknown,6,jun,86,1,-1,0,unknown
9473,unknown,6,jun,52,1,-1,0,unknown
9474,unknown,6,jun,185,1,-1,0,unknown
9475,unknown,6,jun,442,2,-1,0,unknown
9476,unknown,6,jun,554,2,-1,0,unknown
9477,unknown,6,jun,247,1,-1,0,unknown
9478,unknown,6,jun,800,1,-1,0,unknown
9479,unknown,6,jun,216,3,-1,0,unknown
9480,unknown,6,jun,57,2,-1,0,unknown
9481,unknown,6,jun,250,3,-1,0,unknown
9482,unknown,6,jun,230,2,-1,0,unknown
9483,unknown,6,jun,300,5,-1,0,unknown
9484,unknown,6,jun,397,3,-1,0,unknown
9485,unknown,6,jun,153,4,-1,0,unknown
9486,unknown,6,jun,78,2,-1,0,unknown
9487,unknown,6,jun,1041,13,-1,0,unknown
9488,unknown,6,jun,527,2,-1,0,unknown
9489,unknown,6,jun,100,2,-1,0,unknown
9490,unknown,6,jun,308,4,-1,0,unknown
9491,unknown,6,jun,341,2,-1,0,unknown
9492,unknown,6,jun,467,3,-1,0,unknown
9493,unknown,6,jun,178,2,-1,0,unknown
9494,unknown,6,jun,1288,3,-1,0,unknown
9495,unknown,6,jun,163,2,-1,0,unknown
9496,unknown,6,jun,172,2,-1,0,unknown
9497,unknown,6,jun,301,2,-1,0,unknown
9498,unknown,6,jun,407,4,-1,0,unknown
9499,unknown,6,jun,648,2,-1,0,unknown
9500,unknown,6,jun,311,3,-1,0,unknown
9501,unknown,6,jun,415,2,-1,0,unknown
9502,unknown,6,jun,212,1,-1,0,unknown
9503,unknown,6,jun,264,1,-1,0,unknown
9504,unknown,6,jun,326,1,-1,0,unknown
9505,unknown,6,jun,319,4,-1,0,unknown
9506,unknown,6,jun,186,2,-1,0,unknown
9507,unknown,6,jun,15,1,-1,0,unknown
9508,unknown,6,jun,473,2,-1,0,unknown
9509,unknown,6,jun,274,2,-1,0,unknown
9510,unknown,6,jun,105,1,-1,0,unknown
9511,unknown,6,jun,152,1,-1,0,unknown
9512,unknown,6,jun,18,2,-1,0,unknown
9513,unknown,6,jun,13,5,-1,0,unknown
9514,unknown,6,jun,639,2,-1,0,unknown
9515,unknown,6,jun,2653,3,-1,0,unknown
9516,unknown,6,jun,160,2,-1,0,unknown
9517,unknown,6,jun,129,2,-1,0,unknown
9518,unknown,6,jun,426,2,-1,0,unknown
9519,unknown,6,jun,460,8,-1,0,unknown
9520,unknown,6,jun,154,1,-1,0,unknown
9521,unknown,6,jun,148,4,-1,0,unknown
9522,unknown,6,jun,252,2,-1,0,unknown
9523,unknown,6,jun,292,2,-1,0,unknown
9524,unknown,6,jun,44,2,-1,0,unknown
9525,unknown,6,jun,384,2,-1,0,unknown
9526,unknown,6,jun,94,7,-1,0,unknown
9527,unknown,6,jun,72,6,-1,0,unknown
9528,unknown,6,jun,36,2,-1,0,unknown
9529,unknown,6,jun,316,2,-1,0,unknown
9530,unknown,6,jun,217,4,-1,0,unknown
9531,unknown,6,jun,180,2,-1,0,unknown
9532,unknown,6,jun,136,2,-1,0,unknown
9533,unknown,6,jun,562,2,-1,0,unknown
9534,unknown,6,jun,422,5,-1,0,unknown
9535,unknown,6,jun,272,2,-1,0,unknown
9536,unknown,6,jun,198,2,-1,0,unknown
9537,unknown,6,jun,17,4,-1,0,unknown
9538,unknown,6,jun,174,2,-1,0,unknown
9539,unknown,6,jun,250,2,-1,0,unknown
9540,unknown,6,jun,95,2,-1,0,unknown
9541,unknown,6,jun,261,2,-1,0,unknown
9542,unknown,6,jun,144,4,-1,0,unknown
9543,unknown,6,jun,59,3,-1,0,unknown
9544,unknown,6,jun,334,3,-1,0,unknown
9545,unknown,6,jun,49,8,-1,0,unknown
9546,unknown,6,jun,165,2,-1,0,unknown
9547,unknown,6,jun,103,2,-1,0,unknown
9548,unknown,6,jun,190,2,-1,0,unknown
9549,unknown,6,jun,286,2,-1,0,unknown
9550,unknown,6,jun,167,4,-1,0,unknown
9551,unknown,6,jun,52,4,-1,0,unknown
9552,unknown,6,jun,197,3,-1,0,unknown
9553,unknown,6,jun,262,2,-1,0,unknown
9554,unknown,6,jun,33,1,-1,0,unknown
9555,unknown,6,jun,137,1,-1,0,unknown
9556,unknown,6,jun,430,1,-1,0,unknown
9557,unknown,6,jun,100,1,-1,0,unknown
9558,unknown,6,jun,48,2,-1,0,unknown
9559,unknown,6,jun,350,1,-1,0,unknown
9560,unknown,6,jun,30,24,-1,0,unknown
9561,unknown,6,jun,213,2,-1,0,unknown
9562,unknown,6,jun,108,1,-1,0,unknown
9563,unknown,6,jun,371,2,-1,0,unknown
9564,unknown,6,jun,207,1,-1,0,unknown
9565,unknown,6,jun,24,1,-1,0,unknown
9566,unknown,6,jun,36,24,-1,0,unknown
9567,unknown,6,jun,256,1,-1,0,unknown
9568,unknown,6,jun,139,2,-1,0,unknown
9569,unknown,6,jun,92,1,-1,0,unknown
9570,unknown,6,jun,322,1,-1,0,unknown
9571,unknown,6,jun,92,2,-1,0,unknown
9572,unknown,6,jun,420,1,-1,0,unknown
9573,unknown,6,jun,184,4,-1,0,unknown
9574,unknown,6,jun,58,1,-1,0,unknown
9575,unknown,6,jun,545,2,-1,0,unknown
9576,unknown,6,jun,190,1,-1,0,unknown
9577,unknown,6,jun,85,3,-1,0,unknown
9578,unknown,6,jun,1085,1,-1,0,unknown
9579,unknown,6,jun,514,2,-1,0,unknown
9580,unknown,6,jun,471,1,-1,0,unknown
9581,unknown,6,jun,94,2,-1,0,unknown
9582,unknown,6,jun,38,3,-1,0,unknown
9583,unknown,6,jun,198,3,-1,0,unknown
9584,unknown,6,jun,191,2,-1,0,unknown
9585,unknown,6,jun,69,3,-1,0,unknown
9586,unknown,6,jun,1330,3,-1,0,unknown
9587,unknown,6,jun,48,5,-1,0,unknown
9588,unknown,6,jun,236,7,-1,0,unknown
9589,unknown,6,jun,108,2,-1,0,unknown
9590,unknown,6,jun,47,1,-1,0,unknown
9591,unknown,6,jun,66,5,-1,0,unknown
9592,unknown,6,jun,42,1,-1,0,unknown
9593,unknown,6,jun,248,2,-1,0,unknown
9594,unknown,6,jun,82,3,-1,0,unknown
9595,unknown,6,jun,461,2,-1,0,unknown
9596,unknown,6,jun,161,3,-1,0,unknown
9597,unknown,6,jun,86,3,-1,0,unknown
9598,unknown,6,jun,197,3,-1,0,unknown
9599,unknown,6,jun,80,5,-1,0,unknown
9600,unknown,6,jun,113,3,-1,0,unknown
9601,unknown,6,jun,613,1,-1,0,unknown
9602,unknown,6,jun,201,6,-1,0,unknown
9603,unknown,6,jun,155,3,-1,0,unknown
9604,unknown,6,jun,505,1,-1,0,unknown
9605,unknown,6,jun,466,2,-1,0,unknown
9606,unknown,6,jun,298,2,-1,0,unknown
9607,unknown,6,jun,119,1,-1,0,unknown
9608,unknown,6,jun,114,7,-1,0,unknown
9609,unknown,6,jun,166,4,-1,0,unknown
9610,unknown,6,jun,85,4,-1,0,unknown
9611,unknown,6,jun,73,1,-1,0,unknown
9612,unknown,6,jun,761,3,-1,0,unknown
9613,unknown,6,jun,49,2,-1,0,unknown
9614,unknown,6,jun,97,5,-1,0,unknown
9615,unknown,6,jun,247,2,-1,0,unknown
9616,unknown,6,jun,298,2,-1,0,unknown
9617,unknown,6,jun,250,1,-1,0,unknown
9618,unknown,6,jun,92,1,-1,0,unknown
9619,unknown,6,jun,143,1,-1,0,unknown
9620,unknown,6,jun,149,1,-1,0,unknown
9621,unknown,6,jun,151,1,-1,0,unknown
9622,unknown,6,jun,354,2,-1,0,unknown
9623,unknown,6,jun,63,3,-1,0,unknown
9624,unknown,6,jun,161,1,-1,0,unknown
9625,unknown,6,jun,113,1,-1,0,unknown
9626,unknown,6,jun,354,5,-1,0,unknown
9627,unknown,6,jun,176,1,-1,0,unknown
9628,unknown,6,jun,150,4,-1,0,unknown
9629,unknown,6,jun,431,2,-1,0,unknown
9630,unknown,6,jun,63,2,-1,0,unknown
9631,unknown,6,jun,81,2,-1,0,unknown
9632,unknown,6,jun,136,6,-1,0,unknown
9633,unknown,6,jun,158,2,-1,0,unknown
9634,unknown,6,jun,651,1,-1,0,unknown
9635,unknown,6,jun,56,2,-1,0,unknown
9636,unknown,6,jun,118,2,-1,0,unknown
9637,unknown,6,jun,280,3,-1,0,unknown
9638,unknown,6,jun,774,13,-1,0,unknown
9639,unknown,6,jun,39,4,-1,0,unknown
9640,unknown,6,jun,112,4,-1,0,unknown
9641,unknown,6,jun,82,2,-1,0,unknown
9642,unknown,6,jun,355,4,-1,0,unknown
9643,unknown,6,jun,151,6,-1,0,unknown
9644,unknown,6,jun,59,3,-1,0,unknown
9645,unknown,6,jun,34,2,-1,0,unknown
9646,unknown,6,jun,124,3,-1,0,unknown
9647,unknown,6,jun,369,2,-1,0,unknown
9648,unknown,6,jun,342,10,-1,0,unknown
9649,unknown,6,jun,72,3,-1,0,unknown
9650,unknown,6,jun,129,2,-1,0,unknown
9651,unknown,6,jun,304,2,-1,0,unknown
9652,unknown,6,jun,42,2,-1,0,unknown
9653,unknown,6,jun,396,4,-1,0,unknown
9654,unknown,6,jun,188,7,-1,0,unknown
9655,unknown,6,jun,93,2,-1,0,unknown
9656,unknown,6,jun,520,3,-1,0,unknown
9657,unknown,6,jun,70,3,-1,0,unknown
9658,unknown,6,jun,95,4,-1,0,unknown
9659,unknown,6,jun,392,2,-1,0,unknown
9660,unknown,6,jun,25,6,-1,0,unknown
9661,unknown,6,jun,246,4,-1,0,unknown
9662,unknown,6,jun,94,2,-1,0,unknown
9663,unknown,6,jun,197,2,-1,0,unknown
9664,unknown,6,jun,31,8,-1,0,unknown
9665,unknown,6,jun,446,3,-1,0,unknown
9666,unknown,6,jun,145,2,-1,0,unknown
9667,unknown,6,jun,100,3,-1,0,unknown
9668,unknown,6,jun,252,4,-1,0,unknown
9669,unknown,6,jun,233,2,-1,0,unknown
9670,unknown,6,jun,100,4,-1,0,unknown
9671,unknown,6,jun,1469,9,-1,0,unknown
9672,unknown,6,jun,37,3,-1,0,unknown
9673,unknown,6,jun,248,2,-1,0,unknown
9674,unknown,6,jun,112,5,-1,0,unknown
9675,unknown,6,jun,235,3,-1,0,unknown
9676,unknown,6,jun,126,4,-1,0,unknown
9677,unknown,6,jun,19,18,-1,0,unknown
9678,unknown,6,jun,28,6,-1,0,unknown
9679,unknown,6,jun,67,5,-1,0,unknown
9680,unknown,6,jun,104,2,-1,0,unknown
9681,unknown,6,jun,53,2,-1,0,unknown
9682,unknown,6,jun,61,1,-1,0,unknown
9683,unknown,6,jun,82,1,-1,0,unknown
9684,unknown,6,jun,61,1,-1,0,unknown
9685,unknown,6,jun,152,1,-1,0,unknown
9686,unknown,6,jun,606,5,-1,0,unknown
9687,unknown,6,jun,288,12,-1,0,unknown
9688,unknown,6,jun,135,1,-1,0,unknown
9689,unknown,6,jun,147,1,-1,0,unknown
9690,unknown,6,jun,50,1,-1,0,unknown
9691,unknown,6,jun,685,3,-1,0,unknown
9692,unknown,6,jun,119,1,-1,0,unknown
9693,unknown,6,jun,160,1,-1,0,unknown
9694,unknown,6,jun,23,1,-1,0,unknown
9695,unknown,6,jun,99,5,-1,0,unknown
9696,unknown,6,jun,119,4,-1,0,unknown
9697,unknown,6,jun,122,5,-1,0,unknown
9698,unknown,6,jun,209,18,-1,0,unknown
9699,unknown,6,jun,222,2,-1,0,unknown
9700,unknown,6,jun,75,1,-1,0,unknown
9701,unknown,6,jun,103,1,-1,0,unknown
9702,unknown,6,jun,383,1,-1,0,unknown
9703,unknown,6,jun,111,5,-1,0,unknown
9704,unknown,6,jun,26,1,-1,0,unknown
9705,unknown,6,jun,183,1,-1,0,unknown
9706,unknown,6,jun,61,1,-1,0,unknown
9707,unknown,6,jun,33,2,-1,0,unknown
9708,unknown,6,jun,117,1,-1,0,unknown
9709,unknown,6,jun,64,1,-1,0,unknown
9710,unknown,6,jun,31,1,-1,0,unknown
9711,unknown,6,jun,109,1,-1,0,unknown
9712,unknown,6,jun,19,1,-1,0,unknown
9713,unknown,6,jun,82,1,-1,0,unknown
9714,unknown,6,jun,243,7,-1,0,unknown
9715,unknown,6,jun,201,1,-1,0,unknown
9716,unknown,6,jun,127,1,-1,0,unknown
9717,unknown,6,jun,1291,3,-1,0,unknown
9718,unknown,9,jun,221,10,-1,0,unknown
9719,unknown,9,jun,162,1,-1,0,unknown
9720,unknown,9,jun,214,1,-1,0,unknown
9721,unknown,9,jun,169,1,-1,0,unknown
9722,unknown,9,jun,123,1,-1,0,unknown
9723,unknown,9,jun,74,1,-1,0,unknown
9724,unknown,9,jun,82,2,-1,0,unknown
9725,unknown,9,jun,164,2,-1,0,unknown
9726,unknown,9,jun,86,2,-1,0,unknown
9727,unknown,9,jun,349,2,-1,0,unknown
9728,unknown,9,jun,107,3,-1,0,unknown
9729,unknown,9,jun,238,1,-1,0,unknown
9730,unknown,9,jun,38,1,-1,0,unknown
9731,unknown,9,jun,78,1,-1,0,unknown
9732,unknown,9,jun,106,1,-1,0,unknown
9733,unknown,9,jun,100,1,-1,0,unknown
9734,unknown,9,jun,113,1,-1,0,unknown
9735,unknown,9,jun,94,13,-1,0,unknown
9736,unknown,9,jun,529,1,-1,0,unknown
9737,unknown,9,jun,467,1,-1,0,unknown
9738,unknown,9,jun,464,1,-1,0,unknown
9739,unknown,9,jun,61,1,-1,0,unknown
9740,unknown,9,jun,108,1,-1,0,unknown
9741,unknown,9,jun,332,1,-1,0,unknown
9742,unknown,9,jun,112,1,-1,0,unknown
9743,unknown,9,jun,181,1,-1,0,unknown
9744,unknown,9,jun,108,1,-1,0,unknown
9745,unknown,9,jun,226,1,-1,0,unknown
9746,unknown,9,jun,60,2,-1,0,unknown
9747,unknown,9,jun,400,1,-1,0,unknown
9748,unknown,9,jun,60,1,-1,0,unknown
9749,unknown,9,jun,540,1,-1,0,unknown
9750,unknown,9,jun,174,1,-1,0,unknown
9751,unknown,9,jun,196,1,-1,0,unknown
9752,unknown,9,jun,52,1,-1,0,unknown
9753,unknown,9,jun,438,5,-1,0,unknown
9754,unknown,9,jun,74,2,-1,0,unknown
9755,unknown,9,jun,412,1,-1,0,unknown
9756,unknown,9,jun,311,2,-1,0,unknown
9757,unknown,9,jun,123,1,-1,0,unknown
9758,unknown,9,jun,232,1,-1,0,unknown
9759,unknown,9,jun,65,1,-1,0,unknown
9760,unknown,9,jun,146,1,-1,0,unknown
9761,unknown,9,jun,157,2,-1,0,unknown
9762,unknown,9,jun,216,5,-1,0,unknown
9763,unknown,9,jun,79,1,-1,0,unknown
9764,unknown,9,jun,220,4,-1,0,unknown
9765,unknown,9,jun,152,2,-1,0,unknown
9766,unknown,9,jun,140,1,-1,0,unknown
9767,unknown,9,jun,89,1,-1,0,unknown
9768,unknown,9,jun,400,1,-1,0,unknown
9769,unknown,9,jun,163,1,-1,0,unknown
9770,unknown,9,jun,77,1,-1,0,unknown
9771,unknown,9,jun,356,5,-1,0,unknown
9772,unknown,9,jun,117,2,-1,0,unknown
9773,unknown,9,jun,145,1,-1,0,unknown
9774,unknown,9,jun,1055,10,-1,0,unknown
9775,unknown,9,jun,772,1,-1,0,unknown
9776,unknown,9,jun,306,1,-1,0,unknown
9777,unknown,9,jun,161,2,-1,0,unknown
9778,unknown,9,jun,139,1,-1,0,unknown
9779,unknown,9,jun,72,1,-1,0,unknown
9780,unknown,9,jun,49,1,-1,0,unknown
9781,unknown,9,jun,287,1,-1,0,unknown
9782,unknown,9,jun,594,1,-1,0,unknown
9783,unknown,9,jun,136,1,-1,0,unknown
9784,unknown,9,jun,119,1,-1,0,unknown
9785,unknown,9,jun,422,1,-1,0,unknown
9786,unknown,9,jun,125,1,-1,0,unknown
9787,unknown,9,jun,114,1,-1,0,unknown
9788,unknown,9,jun,99,3,-1,0,unknown
9789,unknown,9,jun,218,1,-1,0,unknown
9790,unknown,9,jun,174,9,-1,0,unknown
9791,unknown,9,jun,168,1,-1,0,unknown
9792,unknown,9,jun,233,1,-1,0,unknown
9793,unknown,9,jun,121,2,-1,0,unknown
9794,unknown,9,jun,322,1,-1,0,unknown
9795,unknown,9,jun,443,2,-1,0,unknown
9796,unknown,9,jun,76,1,-1,0,unknown
9797,unknown,9,jun,217,1,-1,0,unknown
9798,unknown,9,jun,257,2,-1,0,unknown
9799,unknown,9,jun,882,1,-1,0,unknown
9800,unknown,9,jun,83,1,-1,0,unknown
9801,unknown,9,jun,254,1,-1,0,unknown
9802,unknown,9,jun,213,1,-1,0,unknown
9803,unknown,9,jun,252,3,-1,0,unknown
9804,unknown,9,jun,540,1,-1,0,unknown
9805,unknown,9,jun,84,1,-1,0,unknown
9806,unknown,9,jun,280,1,-1,0,unknown
9807,unknown,9,jun,230,3,-1,0,unknown
9808,unknown,9,jun,452,1,-1,0,unknown
9809,unknown,9,jun,149,1,-1,0,unknown
9810,unknown,9,jun,172,1,-1,0,unknown
9811,unknown,9,jun,51,1,-1,0,unknown
9812,unknown,9,jun,35,1,-1,0,unknown
9813,unknown,9,jun,317,1,-1,0,unknown
9814,unknown,9,jun,626,1,-1,0,unknown
9815,unknown,9,jun,122,2,-1,0,unknown
9816,unknown,9,jun,236,2,-1,0,unknown
9817,unknown,9,jun,100,1,-1,0,unknown
9818,unknown,9,jun,55,1,-1,0,unknown
9819,unknown,9,jun,70,1,-1,0,unknown
9820,unknown,9,jun,255,1,-1,0,unknown
9821,unknown,9,jun,217,1,-1,0,unknown
9822,unknown,9,jun,1098,1,-1,0,unknown
9823,unknown,9,jun,176,6,-1,0,unknown
9824,unknown,9,jun,331,6,-1,0,unknown
9825,unknown,9,jun,901,1,-1,0,unknown
9826,unknown,9,jun,123,2,-1,0,unknown
9827,unknown,9,jun,77,2,-1,0,unknown
9828,unknown,9,jun,91,1,-1,0,unknown
9829,unknown,9,jun,63,1,-1,0,unknown
9830,unknown,9,jun,173,1,-1,0,unknown
9831,unknown,9,jun,411,1,-1,0,unknown
9832,unknown,9,jun,179,2,-1,0,unknown
9833,unknown,9,jun,139,2,-1,0,unknown
9834,unknown,9,jun,75,2,-1,0,unknown
9835,unknown,9,jun,210,2,-1,0,unknown
9836,unknown,9,jun,700,1,-1,0,unknown
9837,unknown,9,jun,329,4,-1,0,unknown
9838,unknown,9,jun,225,2,-1,0,unknown
9839,unknown,9,jun,96,1,-1,0,unknown
9840,unknown,9,jun,166,1,-1,0,unknown
9841,unknown,9,jun,186,3,-1,0,unknown
9842,unknown,9,jun,92,1,-1,0,unknown
9843,unknown,9,jun,80,3,-1,0,unknown
9844,unknown,9,jun,67,1,-1,0,unknown
9845,unknown,9,jun,104,1,-1,0,unknown
9846,unknown,9,jun,174,1,-1,0,unknown
9847,unknown,9,jun,37,1,-1,0,unknown
9848,unknown,9,jun,589,1,-1,0,unknown
9849,unknown,9,jun,183,1,-1,0,unknown
9850,unknown,9,jun,151,1,-1,0,unknown
9851,unknown,9,jun,29,1,-1,0,unknown
9852,unknown,9,jun,186,1,-1,0,unknown
9853,unknown,9,jun,73,1,-1,0,unknown
9854,unknown,9,jun,63,1,-1,0,unknown
9855,unknown,9,jun,105,1,-1,0,unknown
9856,unknown,9,jun,522,1,-1,0,unknown
9857,unknown,9,jun,65,17,-1,0,unknown
9858,unknown,9,jun,557,2,-1,0,unknown
9859,unknown,9,jun,149,2,-1,0,unknown
9860,unknown,9,jun,206,2,-1,0,unknown
9861,unknown,9,jun,378,1,-1,0,unknown
9862,unknown,9,jun,100,7,-1,0,unknown
9863,unknown,9,jun,81,1,-1,0,unknown
9864,unknown,9,jun,175,3,-1,0,unknown
9865,unknown,9,jun,250,1,-1,0,unknown
9866,unknown,9,jun,156,2,-1,0,unknown
9867,unknown,9,jun,173,1,-1,0,unknown
9868,unknown,9,jun,127,2,-1,0,unknown
9869,unknown,9,jun,324,1,-1,0,unknown
9870,unknown,9,jun,198,2,-1,0,unknown
9871,unknown,9,jun,105,1,-1,0,unknown
9872,unknown,9,jun,87,1,-1,0,unknown
9873,unknown,9,jun,313,1,-1,0,unknown
9874,unknown,9,jun,112,1,-1,0,unknown
9875,unknown,9,jun,302,1,-1,0,unknown
9876,unknown,9,jun,91,1,-1,0,unknown
9877,unknown,9,jun,47,1,-1,0,unknown
9878,unknown,9,jun,119,1,-1,0,unknown
9879,unknown,9,jun,117,1,-1,0,unknown
9880,unknown,9,jun,58,1,-1,0,unknown
9881,unknown,9,jun,142,3,-1,0,unknown
9882,unknown,9,jun,183,2,-1,0,unknown
9883,unknown,9,jun,249,2,-1,0,unknown
9884,unknown,9,jun,274,2,-1,0,unknown
9885,unknown,9,jun,144,1,-1,0,unknown
9886,unknown,9,jun,23,1,-1,0,unknown
9887,unknown,9,jun,128,1,-1,0,unknown
9888,unknown,9,jun,491,6,-1,0,unknown
9889,unknown,9,jun,213,1,-1,0,unknown
9890,unknown,9,jun,164,1,-1,0,unknown
9891,unknown,9,jun,63,1,-1,0,unknown
9892,unknown,9,jun,79,1,-1,0,unknown
9893,unknown,9,jun,114,1,-1,0,unknown
9894,unknown,9,jun,63,1,-1,0,unknown
9895,unknown,9,jun,136,1,-1,0,unknown
9896,unknown,9,jun,97,1,-1,0,unknown
9897,unknown,9,jun,100,1,-1,0,unknown
9898,unknown,9,jun,240,2,-1,0,unknown
9899,unknown,9,jun,78,2,-1,0,unknown
9900,unknown,9,jun,940,1,-1,0,unknown
9901,unknown,9,jun,1151,5,-1,0,unknown
9902,unknown,9,jun,85,1,-1,0,unknown
9903,unknown,9,jun,199,1,-1,0,unknown
9904,unknown,9,jun,160,1,-1,0,unknown
9905,unknown,9,jun,166,2,-1,0,unknown
9906,unknown,9,jun,271,2,-1,0,unknown
9907,unknown,9,jun,317,1,-1,0,unknown
9908,unknown,9,jun,98,1,-1,0,unknown
9909,unknown,9,jun,123,1,-1,0,unknown
9910,unknown,9,jun,321,1,-1,0,unknown
9911,unknown,9,jun,73,2,-1,0,unknown
9912,unknown,9,jun,327,2,-1,0,unknown
9913,unknown,9,jun,411,2,-1,0,unknown
9914,unknown,9,jun,198,2,-1,0,unknown
9915,unknown,9,jun,24,1,-1,0,unknown
9916,unknown,9,jun,352,1,-1,0,unknown
9917,unknown,9,jun,245,1,-1,0,unknown
9918,unknown,9,jun,559,1,-1,0,unknown
9919,unknown,9,jun,440,1,-1,0,unknown
9920,unknown,9,jun,136,4,-1,0,unknown
9921,unknown,9,jun,242,4,-1,0,unknown
9922,unknown,9,jun,479,4,-1,0,unknown
9923,unknown,9,jun,514,3,-1,0,unknown
9924,unknown,9,jun,91,3,-1,0,unknown
9925,unknown,9,jun,78,2,-1,0,unknown
9926,unknown,9,jun,148,3,-1,0,unknown
9927,unknown,9,jun,318,2,-1,0,unknown
9928,unknown,9,jun,83,2,-1,0,unknown
9929,unknown,9,jun,346,2,-1,0,unknown
9930,unknown,9,jun,238,6,-1,0,unknown
9931,unknown,9,jun,291,3,-1,0,unknown
9932,unknown,9,jun,149,1,-1,0,unknown
9933,unknown,9,jun,200,1,-1,0,unknown
9934,unknown,9,jun,290,1,-1,0,unknown
9935,unknown,9,jun,172,2,-1,0,unknown
9936,unknown,9,jun,465,6,-1,0,unknown
9937,unknown,9,jun,233,2,-1,0,unknown
9938,unknown,9,jun,222,3,-1,0,unknown
9939,unknown,9,jun,90,4,-1,0,unknown
9940,unknown,9,jun,215,3,-1,0,unknown
9941,unknown,9,jun,171,2,-1,0,unknown
9942,unknown,9,jun,493,2,-1,0,unknown
9943,unknown,9,jun,188,2,-1,0,unknown
9944,unknown,9,jun,17,5,-1,0,unknown
9945,unknown,9,jun,65,6,-1,0,unknown
9946,unknown,9,jun,316,2,-1,0,unknown
9947,unknown,9,jun,3881,3,-1,0,unknown
9948,unknown,9,jun,398,2,-1,0,unknown
9949,unknown,9,jun,137,2,-1,0,unknown
9950,unknown,9,jun,419,2,-1,0,unknown
9951,unknown,9,jun,65,3,-1,0,unknown
9952,unknown,9,jun,96,6,-1,0,unknown
9953,unknown,9,jun,76,2,-1,0,unknown
9954,unknown,9,jun,223,2,-1,0,unknown
9955,unknown,9,jun,70,3,-1,0,unknown
9956,unknown,9,jun,150,17,-1,0,unknown
9957,unknown,9,jun,559,2,-1,0,unknown
9958,unknown,9,jun,952,2,-1,0,unknown
9959,unknown,9,jun,71,2,-1,0,unknown
9960,unknown,9,jun,152,2,-1,0,unknown
9961,unknown,9,jun,486,3,-1,0,unknown
9962,unknown,9,jun,224,3,-1,0,unknown
9963,unknown,9,jun,152,4,-1,0,unknown
9964,unknown,9,jun,21,37,-1,0,unknown
9965,unknown,9,jun,22,17,-1,0,unknown
9966,unknown,9,jun,130,2,-1,0,unknown
9967,unknown,9,jun,135,3,-1,0,unknown
9968,unknown,9,jun,199,4,-1,0,unknown
9969,unknown,9,jun,185,2,-1,0,unknown
9970,unknown,9,jun,220,2,-1,0,unknown
9971,unknown,9,jun,85,4,-1,0,unknown
9972,unknown,9,jun,258,2,-1,0,unknown
9973,unknown,9,jun,108,2,-1,0,unknown
9974,unknown,9,jun,172,4,-1,0,unknown
9975,unknown,9,jun,244,3,-1,0,unknown
9976,unknown,9,jun,253,4,-1,0,unknown
9977,unknown,9,jun,134,3,-1,0,unknown
9978,unknown,9,jun,92,6,-1,0,unknown
9979,unknown,9,jun,121,2,-1,0,unknown
9980,unknown,9,jun,155,3,-1,0,unknown
9981,unknown,9,jun,371,3,-1,0,unknown
9982,unknown,9,jun,216,2,-1,0,unknown
9983,unknown,9,jun,229,2,-1,0,unknown
9984,unknown,9,jun,243,2,-1,0,unknown
9985,unknown,9,jun,718,3,-1,0,unknown
9986,unknown,9,jun,442,8,-1,0,unknown
9987,unknown,9,jun,184,5,-1,0,unknown
9988,unknown,9,jun,189,4,-1,0,unknown
9989,unknown,9,jun,164,3,-1,0,unknown
9990,unknown,9,jun,166,3,-1,0,unknown
9991,unknown,9,jun,699,2,-1,0,unknown
9992,unknown,9,jun,553,2,-1,0,unknown
9993,unknown,9,jun,1137,3,-1,0,unknown
9994,unknown,9,jun,189,2,-1,0,unknown
9995,unknown,9,jun,119,3,-1,0,unknown
9996,unknown,9,jun,124,2,-1,0,unknown
9997,unknown,9,jun,100,5,-1,0,unknown
9998,unknown,9,jun,445,2,-1,0,unknown
9999,unknown,9,jun,948,5,-1,0,unknown
10000,unknown,9,jun,332,2,-1,0,unknown
10001,unknown,9,jun,61,2,-1,0,unknown
10002,unknown,9,jun,90,2,-1,0,unknown
10003,unknown,9,jun,174,2,-1,0,unknown
10004,unknown,9,jun,248,4,-1,0,unknown
10005,unknown,9,jun,204,2,-1,0,unknown
10006,unknown,9,jun,271,3,-1,0,unknown
10007,unknown,9,jun,144,3,-1,0,unknown
10008,unknown,9,jun,330,3,-1,0,unknown
10009,unknown,9,jun,259,2,-1,0,unknown
10010,unknown,9,jun,388,12,-1,0,unknown
10011,unknown,9,jun,329,3,-1,0,unknown
10012,unknown,9,jun,753,2,-1,0,unknown
10013,unknown,9,jun,99,26,-1,0,unknown
10014,unknown,9,jun,42,2,-1,0,unknown
10015,unknown,9,jun,75,4,-1,0,unknown
10016,unknown,9,jun,53,4,-1,0,unknown
10017,unknown,9,jun,182,2,-1,0,unknown
10018,unknown,9,jun,250,2,-1,0,unknown
10019,unknown,9,jun,511,5,-1,0,unknown
10020,unknown,9,jun,478,2,-1,0,unknown
10021,unknown,9,jun,579,4,-1,0,unknown
10022,unknown,9,jun,253,2,-1,0,unknown
10023,unknown,9,jun,376,3,-1,0,unknown
10024,unknown,9,jun,66,6,-1,0,unknown
10025,unknown,9,jun,96,10,-1,0,unknown
10026,unknown,9,jun,95,3,-1,0,unknown
10027,unknown,9,jun,126,3,-1,0,unknown
10028,unknown,9,jun,52,3,-1,0,unknown
10029,unknown,9,jun,138,4,-1,0,unknown
10030,unknown,9,jun,299,5,-1,0,unknown
10031,unknown,9,jun,69,6,-1,0,unknown
10032,unknown,9,jun,44,4,-1,0,unknown
10033,unknown,9,jun,135,2,-1,0,unknown
10034,unknown,9,jun,154,10,-1,0,unknown
10035,unknown,9,jun,80,3,-1,0,unknown
10036,unknown,9,jun,115,4,-1,0,unknown
10037,unknown,11,jun,308,7,-1,0,unknown
10038,unknown,11,jun,129,6,-1,0,unknown
10039,unknown,11,jun,296,3,-1,0,unknown
10040,unknown,11,jun,242,2,-1,0,unknown
10041,unknown,11,jun,126,12,-1,0,unknown
10042,unknown,11,jun,198,5,-1,0,unknown
10043,unknown,11,jun,112,4,-1,0,unknown
10044,unknown,11,jun,180,4,-1,0,unknown
10045,unknown,11,jun,69,2,-1,0,unknown
10046,unknown,11,jun,76,3,-1,0,unknown
10047,unknown,11,jun,40,5,-1,0,unknown
10048,unknown,11,jun,70,5,-1,0,unknown
10049,unknown,11,jun,878,3,-1,0,unknown
10050,unknown,11,jun,62,9,-1,0,unknown
10051,unknown,11,jun,54,4,-1,0,unknown
10052,unknown,11,jun,129,3,-1,0,unknown
10053,unknown,11,jun,583,4,-1,0,unknown
10054,unknown,11,jun,339,2,-1,0,unknown
10055,unknown,11,jun,27,2,-1,0,unknown
10056,unknown,11,jun,490,2,-1,0,unknown
10057,unknown,11,jun,81,3,-1,0,unknown
10058,unknown,11,jun,90,3,-1,0,unknown
10059,unknown,11,jun,399,8,-1,0,unknown
10060,unknown,11,jun,148,4,-1,0,unknown
10061,unknown,11,jun,42,2,-1,0,unknown
10062,unknown,11,jun,29,2,-1,0,unknown
10063,unknown,11,jun,1159,4,-1,0,unknown
10064,unknown,11,jun,136,1,-1,0,unknown
10065,unknown,11,jun,47,3,-1,0,unknown
10066,unknown,11,jun,62,2,-1,0,unknown
10067,unknown,11,jun,484,5,-1,0,unknown
10068,unknown,11,jun,305,10,-1,0,unknown
10069,unknown,11,jun,95,1,-1,0,unknown
10070,unknown,11,jun,893,8,-1,0,unknown
10071,unknown,11,jun,62,2,-1,0,unknown
10072,unknown,11,jun,103,3,-1,0,unknown
10073,unknown,11,jun,204,1,-1,0,unknown
10074,unknown,11,jun,453,1,-1,0,unknown
10075,unknown,11,jun,360,1,-1,0,unknown
10076,unknown,11,jun,643,1,-1,0,unknown
10077,unknown,11,jun,29,1,-1,0,unknown
10078,unknown,11,jun,175,4,-1,0,unknown
10079,unknown,11,jun,109,1,-1,0,unknown
10080,unknown,11,jun,240,9,-1,0,unknown
10081,unknown,11,jun,91,1,-1,0,unknown
10082,unknown,11,jun,916,1,-1,0,unknown
10083,unknown,11,jun,363,1,-1,0,unknown
10084,unknown,11,jun,281,4,-1,0,unknown
10085,unknown,11,jun,442,1,-1,0,unknown
10086,unknown,11,jun,196,2,-1,0,unknown
10087,unknown,11,jun,181,1,-1,0,unknown
10088,unknown,11,jun,88,5,-1,0,unknown
10089,unknown,11,jun,112,2,-1,0,unknown
10090,unknown,11,jun,197,3,-1,0,unknown
10091,unknown,11,jun,133,1,-1,0,unknown
10092,unknown,11,jun,138,1,-1,0,unknown
10093,unknown,11,jun,439,1,-1,0,unknown
10094,unknown,11,jun,303,1,-1,0,unknown
10095,unknown,11,jun,232,2,-1,0,unknown
10096,unknown,11,jun,63,5,-1,0,unknown
10097,unknown,11,jun,867,1,-1,0,unknown
10098,unknown,11,jun,587,1,-1,0,unknown
10099,unknown,11,jun,179,1,-1,0,unknown
10100,unknown,11,jun,191,1,-1,0,unknown
10101,unknown,11,jun,64,1,-1,0,unknown
10102,unknown,11,jun,300,1,-1,0,unknown
10103,unknown,11,jun,105,4,-1,0,unknown
10104,unknown,11,jun,328,1,-1,0,unknown
10105,unknown,11,jun,339,1,-1,0,unknown
10106,unknown,11,jun,561,1,-1,0,unknown
10107,unknown,11,jun,116,1,-1,0,unknown
10108,unknown,11,jun,261,1,-1,0,unknown
10109,unknown,11,jun,706,1,-1,0,unknown
10110,unknown,11,jun,219,1,-1,0,unknown
10111,unknown,11,jun,139,1,-1,0,unknown
10112,unknown,11,jun,98,1,-1,0,unknown
10113,unknown,11,jun,694,2,-1,0,unknown
10114,unknown,11,jun,68,3,-1,0,unknown
10115,unknown,11,jun,165,2,-1,0,unknown
10116,unknown,11,jun,275,2,-1,0,unknown
10117,unknown,11,jun,153,1,-1,0,unknown
10118,unknown,11,jun,83,1,-1,0,unknown
10119,unknown,11,jun,76,1,-1,0,unknown
10120,unknown,11,jun,79,1,-1,0,unknown
10121,unknown,11,jun,145,1,-1,0,unknown
10122,unknown,11,jun,199,1,-1,0,unknown
10123,unknown,11,jun,158,1,-1,0,unknown
10124,unknown,11,jun,144,1,-1,0,unknown
10125,unknown,11,jun,316,1,-1,0,unknown
10126,unknown,11,jun,117,2,-1,0,unknown
10127,unknown,11,jun,78,1,-1,0,unknown
10128,unknown,11,jun,26,1,-1,0,unknown
10129,unknown,11,jun,241,1,-1,0,unknown
10130,unknown,11,jun,95,2,-1,0,unknown
10131,unknown,11,jun,601,1,-1,0,unknown
10132,unknown,11,jun,362,1,-1,0,unknown
10133,unknown,11,jun,510,1,-1,0,unknown
10134,unknown,11,jun,125,1,-1,0,unknown
10135,unknown,11,jun,91,1,-1,0,unknown
10136,unknown,11,jun,187,1,-1,0,unknown
10137,unknown,11,jun,420,1,-1,0,unknown
10138,unknown,11,jun,115,16,-1,0,unknown
10139,unknown,11,jun,64,1,-1,0,unknown
10140,unknown,11,jun,40,1,-1,0,unknown
10141,unknown,11,jun,242,1,-1,0,unknown
10142,unknown,11,jun,113,1,-1,0,unknown
10143,unknown,11,jun,68,4,-1,0,unknown
10144,unknown,11,jun,62,1,-1,0,unknown
10145,unknown,11,jun,886,2,-1,0,unknown
10146,unknown,11,jun,45,1,-1,0,unknown
10147,unknown,11,jun,1199,1,-1,0,unknown
10148,unknown,11,jun,140,1,-1,0,unknown
10149,unknown,11,jun,366,1,-1,0,unknown
10150,unknown,11,jun,436,1,-1,0,unknown
10151,unknown,11,jun,72,1,-1,0,unknown
10152,unknown,11,jun,119,1,-1,0,unknown
10153,unknown,11,jun,553,1,-1,0,unknown
10154,unknown,11,jun,935,1,-1,0,unknown
10155,unknown,11,jun,74,1,-1,0,unknown
10156,unknown,11,jun,81,1,-1,0,unknown
10157,unknown,11,jun,586,1,-1,0,unknown
10158,unknown,11,jun,950,4,-1,0,unknown
10159,unknown,11,jun,261,1,-1,0,unknown
10160,unknown,11,jun,159,1,-1,0,unknown
10161,unknown,11,jun,46,1,-1,0,unknown
10162,unknown,11,jun,473,1,-1,0,unknown
10163,unknown,11,jun,119,1,-1,0,unknown
10164,unknown,11,jun,967,2,-1,0,unknown
10165,unknown,11,jun,33,1,-1,0,unknown
10166,unknown,11,jun,148,1,-1,0,unknown
10167,unknown,11,jun,116,7,-1,0,unknown
10168,unknown,11,jun,464,2,-1,0,unknown
10169,unknown,11,jun,174,1,-1,0,unknown
10170,unknown,11,jun,63,1,-1,0,unknown
10171,unknown,11,jun,340,1,-1,0,unknown
10172,unknown,11,jun,103,1,-1,0,unknown
10173,unknown,11,jun,247,1,-1,0,unknown
10174,unknown,11,jun,114,1,-1,0,unknown
10175,unknown,11,jun,327,10,-1,0,unknown
10176,unknown,11,jun,249,1,-1,0,unknown
10177,unknown,11,jun,110,1,-1,0,unknown
10178,unknown,11,jun,257,1,-1,0,unknown
10179,unknown,11,jun,262,1,-1,0,unknown
10180,unknown,11,jun,113,1,-1,0,unknown
10181,unknown,11,jun,127,1,-1,0,unknown
10182,unknown,11,jun,183,9,-1,0,unknown
10183,unknown,11,jun,222,3,-1,0,unknown
10184,unknown,11,jun,142,2,-1,0,unknown
10185,unknown,11,jun,678,4,-1,0,unknown
10186,unknown,11,jun,86,2,-1,0,unknown
10187,unknown,11,jun,96,7,-1,0,unknown
10188,unknown,11,jun,211,17,-1,0,unknown
10189,unknown,11,jun,201,5,-1,0,unknown
10190,unknown,11,jun,105,2,-1,0,unknown
10191,unknown,11,jun,100,5,-1,0,unknown
10192,unknown,11,jun,952,3,-1,0,unknown
10193,unknown,11,jun,181,2,-1,0,unknown
10194,unknown,11,jun,389,6,-1,0,unknown
10195,unknown,11,jun,203,4,-1,0,unknown
10196,unknown,11,jun,450,2,-1,0,unknown
10197,unknown,11,jun,105,3,-1,0,unknown
10198,unknown,11,jun,178,7,-1,0,unknown
10199,unknown,11,jun,647,2,-1,0,unknown
10200,unknown,11,jun,203,2,-1,0,unknown
10201,unknown,11,jun,203,2,-1,0,unknown
10202,unknown,11,jun,222,9,-1,0,unknown
10203,unknown,11,jun,268,2,-1,0,unknown
10204,unknown,11,jun,148,2,-1,0,unknown
10205,unknown,11,jun,427,2,-1,0,unknown
10206,unknown,11,jun,90,9,-1,0,unknown
10207,unknown,11,jun,177,8,-1,0,unknown
10208,unknown,11,jun,306,3,-1,0,unknown
10209,unknown,11,jun,133,2,-1,0,unknown
10210,unknown,11,jun,516,2,-1,0,unknown
10211,unknown,11,jun,204,2,-1,0,unknown
10212,unknown,11,jun,188,2,-1,0,unknown
10213,unknown,11,jun,184,2,-1,0,unknown
10214,unknown,11,jun,157,6,-1,0,unknown
10215,unknown,11,jun,319,6,-1,0,unknown
10216,unknown,11,jun,199,6,-1,0,unknown
10217,unknown,11,jun,595,2,-1,0,unknown
10218,unknown,11,jun,394,2,-1,0,unknown
10219,unknown,11,jun,36,2,-1,0,unknown
10220,unknown,11,jun,157,9,-1,0,unknown
10221,unknown,11,jun,375,11,-1,0,unknown
10222,unknown,11,jun,162,3,-1,0,unknown
10223,unknown,11,jun,47,7,-1,0,unknown
10224,unknown,11,jun,215,2,-1,0,unknown
10225,unknown,11,jun,230,13,-1,0,unknown
10226,unknown,11,jun,150,2,-1,0,unknown
10227,unknown,11,jun,126,2,-1,0,unknown
10228,unknown,11,jun,111,10,-1,0,unknown
10229,unknown,11,jun,287,3,-1,0,unknown
10230,unknown,11,jun,83,2,-1,0,unknown
10231,unknown,11,jun,124,4,-1,0,unknown
10232,unknown,11,jun,67,3,-1,0,unknown
10233,unknown,11,jun,104,2,-1,0,unknown
10234,unknown,11,jun,904,4,-1,0,unknown
10235,unknown,11,jun,597,10,-1,0,unknown
10236,unknown,11,jun,274,2,-1,0,unknown
10237,unknown,11,jun,124,4,-1,0,unknown
10238,unknown,11,jun,354,17,-1,0,unknown
10239,unknown,11,jun,288,3,-1,0,unknown
10240,unknown,11,jun,152,10,-1,0,unknown
10241,unknown,11,jun,1290,2,-1,0,unknown
10242,unknown,11,jun,59,8,-1,0,unknown
10243,unknown,11,jun,125,3,-1,0,unknown
10244,unknown,11,jun,158,2,-1,0,unknown
10245,unknown,11,jun,179,4,-1,0,unknown
10246,unknown,11,jun,26,29,-1,0,unknown
10247,unknown,11,jun,203,3,-1,0,unknown
10248,unknown,11,jun,138,5,-1,0,unknown
10249,unknown,11,jun,107,19,-1,0,unknown
10250,unknown,11,jun,409,3,-1,0,unknown
10251,unknown,11,jun,48,3,-1,0,unknown
10252,unknown,11,jun,83,10,-1,0,unknown
10253,unknown,11,jun,199,3,-1,0,unknown
10254,unknown,11,jun,122,5,-1,0,unknown
10255,unknown,11,jun,172,14,-1,0,unknown
10256,unknown,11,jun,93,3,-1,0,unknown
10257,unknown,11,jun,222,2,-1,0,unknown
10258,unknown,11,jun,378,4,-1,0,unknown
10259,unknown,11,jun,93,2,-1,0,unknown
10260,unknown,11,jun,514,4,-1,0,unknown
10261,unknown,11,jun,156,2,-1,0,unknown
10262,unknown,11,jun,89,3,-1,0,unknown
10263,unknown,11,jun,236,2,-1,0,unknown
10264,unknown,11,jun,58,3,-1,0,unknown
10265,unknown,11,jun,850,8,-1,0,unknown
10266,unknown,12,jun,68,4,-1,0,unknown
10267,unknown,12,jun,307,2,-1,0,unknown
10268,unknown,12,jun,89,6,-1,0,unknown
10269,unknown,12,jun,71,12,-1,0,unknown
10270,unknown,12,jun,77,3,-1,0,unknown
10271,unknown,12,jun,52,3,-1,0,unknown
10272,unknown,12,jun,136,2,-1,0,unknown
10273,unknown,12,jun,542,3,-1,0,unknown
10274,unknown,12,jun,265,3,-1,0,unknown
10275,unknown,12,jun,84,3,-1,0,unknown
10276,unknown,12,jun,410,16,-1,0,unknown
10277,unknown,12,jun,93,8,-1,0,unknown
10278,unknown,12,jun,1010,3,-1,0,unknown
10279,unknown,12,jun,403,5,-1,0,unknown
10280,unknown,12,jun,36,3,-1,0,unknown
10281,unknown,12,jun,109,2,-1,0,unknown
10282,unknown,12,jun,90,3,-1,0,unknown
10283,unknown,12,jun,305,2,-1,0,unknown
10284,unknown,12,jun,135,3,-1,0,unknown
10285,unknown,12,jun,614,2,-1,0,unknown
10286,unknown,12,jun,781,2,-1,0,unknown
10287,unknown,12,jun,112,2,-1,0,unknown
10288,unknown,12,jun,423,2,-1,0,unknown
10289,unknown,12,jun,171,1,-1,0,unknown
10290,unknown,12,jun,110,4,-1,0,unknown
10291,unknown,12,jun,138,1,-1,0,unknown
10292,unknown,12,jun,144,1,-1,0,unknown
10293,unknown,12,jun,137,1,-1,0,unknown
10294,unknown,12,jun,125,1,-1,0,unknown
10295,unknown,12,jun,202,1,-1,0,unknown
10296,unknown,12,jun,123,1,-1,0,unknown
10297,unknown,12,jun,49,2,-1,0,unknown
10298,unknown,12,jun,106,1,-1,0,unknown
10299,unknown,12,jun,885,1,-1,0,unknown
10300,unknown,12,jun,155,1,-1,0,unknown
10301,unknown,12,jun,112,1,-1,0,unknown
10302,unknown,12,jun,236,1,-1,0,unknown
10303,unknown,12,jun,243,1,-1,0,unknown
10304,unknown,12,jun,108,1,-1,0,unknown
10305,unknown,12,jun,583,1,-1,0,unknown
10306,unknown,12,jun,192,1,-1,0,unknown
10307,unknown,12,jun,149,1,-1,0,unknown
10308,unknown,12,jun,40,6,-1,0,unknown
10309,unknown,12,jun,271,1,-1,0,unknown
10310,unknown,12,jun,92,2,-1,0,unknown
10311,unknown,12,jun,91,1,-1,0,unknown
10312,unknown,12,jun,200,1,-1,0,unknown
10313,unknown,12,jun,107,1,-1,0,unknown
10314,unknown,12,jun,406,1,-1,0,unknown
10315,unknown,12,jun,12,3,-1,0,unknown
10316,unknown,12,jun,146,1,-1,0,unknown
10317,unknown,12,jun,66,1,-1,0,unknown
10318,unknown,12,jun,278,2,-1,0,unknown
10319,unknown,12,jun,753,1,-1,0,unknown
10320,unknown,12,jun,93,1,-1,0,unknown
10321,unknown,12,jun,120,1,-1,0,unknown
10322,unknown,12,jun,105,1,-1,0,unknown
10323,unknown,12,jun,385,1,-1,0,unknown
10324,unknown,12,jun,283,1,-1,0,unknown
10325,unknown,12,jun,181,1,-1,0,unknown
10326,unknown,12,jun,117,5,-1,0,unknown
10327,unknown,12,jun,97,1,-1,0,unknown
10328,unknown,12,jun,167,5,-1,0,unknown
10329,unknown,12,jun,651,5,-1,0,unknown
10330,unknown,12,jun,223,1,-1,0,unknown
10331,unknown,12,jun,309,5,-1,0,unknown
10332,unknown,12,jun,98,1,-1,0,unknown
10333,unknown,12,jun,157,1,-1,0,unknown
10334,unknown,12,jun,252,1,-1,0,unknown
10335,unknown,12,jun,691,1,-1,0,unknown
10336,unknown,12,jun,93,1,-1,0,unknown
10337,unknown,12,jun,315,1,-1,0,unknown
10338,unknown,12,jun,165,1,-1,0,unknown
10339,unknown,12,jun,344,1,-1,0,unknown
10340,unknown,12,jun,128,2,-1,0,unknown
10341,unknown,12,jun,278,1,-1,0,unknown
10342,unknown,12,jun,436,1,-1,0,unknown
10343,unknown,12,jun,189,1,-1,0,unknown
10344,unknown,12,jun,186,1,-1,0,unknown
10345,unknown,12,jun,84,1,-1,0,unknown
10346,unknown,12,jun,264,1,-1,0,unknown
10347,unknown,12,jun,237,1,-1,0,unknown
10348,unknown,12,jun,82,1,-1,0,unknown
10349,unknown,12,jun,72,1,-1,0,unknown
10350,unknown,12,jun,77,1,-1,0,unknown
10351,unknown,12,jun,43,1,-1,0,unknown
10352,unknown,12,jun,64,6,-1,0,unknown
10353,unknown,12,jun,351,1,-1,0,unknown
10354,unknown,12,jun,139,2,-1,0,unknown
10355,unknown,12,jun,119,1,-1,0,unknown
10356,unknown,12,jun,394,1,-1,0,unknown
10357,unknown,12,jun,174,1,-1,0,unknown
10358,unknown,12,jun,437,2,-1,0,unknown
10359,unknown,12,jun,349,1,-1,0,unknown
10360,unknown,12,jun,148,1,-1,0,unknown
10361,unknown,12,jun,56,1,-1,0,unknown
10362,unknown,12,jun,133,1,-1,0,unknown
10363,unknown,12,jun,134,1,-1,0,unknown
10364,unknown,12,jun,113,1,-1,0,unknown
10365,unknown,12,jun,185,2,-1,0,unknown
10366,unknown,12,jun,60,1,-1,0,unknown
10367,unknown,12,jun,140,1,-1,0,unknown
10368,unknown,12,jun,331,12,-1,0,unknown
10369,unknown,12,jun,112,1,-1,0,unknown
10370,unknown,12,jun,167,1,-1,0,unknown
10371,unknown,12,jun,30,1,-1,0,unknown
10372,unknown,12,jun,217,1,-1,0,unknown
10373,unknown,12,jun,77,6,-1,0,unknown
10374,unknown,12,jun,168,2,-1,0,unknown
10375,unknown,12,jun,138,1,-1,0,unknown
10376,unknown,12,jun,10,1,-1,0,unknown
10377,unknown,12,jun,303,1,-1,0,unknown
10378,unknown,12,jun,75,1,-1,0,unknown
10379,unknown,12,jun,72,1,-1,0,unknown
10380,unknown,12,jun,993,6,-1,0,unknown
10381,unknown,12,jun,143,1,-1,0,unknown
10382,unknown,12,jun,160,2,-1,0,unknown
10383,unknown,12,jun,138,1,-1,0,unknown
10384,unknown,12,jun,122,1,-1,0,unknown
10385,unknown,12,jun,52,6,-1,0,unknown
10386,unknown,12,jun,80,2,-1,0,unknown
10387,unknown,12,jun,558,1,-1,0,unknown
10388,unknown,12,jun,66,1,-1,0,unknown
10389,unknown,12,jun,124,1,-1,0,unknown
10390,unknown,12,jun,73,1,-1,0,unknown
10391,unknown,12,jun,68,1,-1,0,unknown
10392,unknown,12,jun,354,1,-1,0,unknown
10393,unknown,12,jun,54,1,-1,0,unknown
10394,unknown,12,jun,58,1,-1,0,unknown
10395,unknown,12,jun,81,1,-1,0,unknown
10396,unknown,12,jun,118,3,-1,0,unknown
10397,unknown,12,jun,398,1,-1,0,unknown
10398,unknown,12,jun,127,1,-1,0,unknown
10399,unknown,12,jun,216,2,-1,0,unknown
10400,unknown,12,jun,124,1,-1,0,unknown
10401,unknown,12,jun,483,1,-1,0,unknown
10402,unknown,12,jun,309,1,-1,0,unknown
10403,unknown,12,jun,577,2,-1,0,unknown
10404,unknown,12,jun,582,1,-1,0,unknown
10405,unknown,12,jun,46,1,-1,0,unknown
10406,unknown,12,jun,270,1,-1,0,unknown
10407,unknown,12,jun,317,1,-1,0,unknown
10408,unknown,12,jun,281,1,-1,0,unknown
10409,unknown,12,jun,113,1,-1,0,unknown
10410,unknown,12,jun,410,1,-1,0,unknown
10411,unknown,12,jun,313,1,-1,0,unknown
10412,unknown,12,jun,322,2,-1,0,unknown
10413,unknown,12,jun,37,3,-1,0,unknown
10414,unknown,12,jun,88,2,-1,0,unknown
10415,unknown,12,jun,312,2,-1,0,unknown
10416,unknown,12,jun,1141,6,-1,0,unknown
10417,unknown,12,jun,1268,2,-1,0,unknown
10418,unknown,12,jun,602,2,-1,0,unknown
10419,unknown,12,jun,1178,3,-1,0,unknown
10420,unknown,12,jun,130,2,-1,0,unknown
10421,unknown,12,jun,541,17,-1,0,unknown
10422,unknown,12,jun,340,2,-1,0,unknown
10423,unknown,12,jun,230,7,-1,0,unknown
10424,unknown,12,jun,159,2,-1,0,unknown
10425,unknown,12,jun,138,2,-1,0,unknown
10426,unknown,12,jun,246,2,-1,0,unknown
10427,unknown,12,jun,773,4,-1,0,unknown
10428,unknown,12,jun,298,3,-1,0,unknown
10429,unknown,12,jun,723,2,-1,0,unknown
10430,unknown,12,jun,361,2,-1,0,unknown
10431,unknown,12,jun,100,4,-1,0,unknown
10432,unknown,12,jun,124,2,-1,0,unknown
10433,unknown,12,jun,153,6,-1,0,unknown
10434,unknown,12,jun,67,3,-1,0,unknown
10435,unknown,12,jun,462,3,-1,0,unknown
10436,unknown,12,jun,478,2,-1,0,unknown
10437,unknown,12,jun,320,2,-1,0,unknown
10438,unknown,12,jun,69,3,-1,0,unknown
10439,unknown,12,jun,190,2,-1,0,unknown
10440,unknown,12,jun,543,2,-1,0,unknown
10441,unknown,12,jun,85,2,-1,0,unknown
10442,unknown,12,jun,1243,7,-1,0,unknown
10443,unknown,12,jun,130,3,-1,0,unknown
10444,unknown,12,jun,339,3,-1,0,unknown
10445,unknown,12,jun,316,2,-1,0,unknown
10446,unknown,12,jun,90,8,-1,0,unknown
10447,unknown,12,jun,168,8,-1,0,unknown
10448,unknown,12,jun,247,2,-1,0,unknown
10449,unknown,12,jun,243,2,-1,0,unknown
10450,unknown,12,jun,153,6,-1,0,unknown
10451,unknown,12,jun,232,2,-1,0,unknown
10452,unknown,12,jun,111,8,-1,0,unknown
10453,unknown,12,jun,161,2,-1,0,unknown
10454,unknown,12,jun,465,3,-1,0,unknown
10455,unknown,12,jun,188,4,-1,0,unknown
10456,unknown,12,jun,67,4,-1,0,unknown
10457,unknown,12,jun,454,4,-1,0,unknown
10458,unknown,16,jun,124,2,-1,0,unknown
10459,unknown,16,jun,83,4,-1,0,unknown
10460,unknown,16,jun,247,2,-1,0,unknown
10461,unknown,16,jun,252,2,-1,0,unknown
10462,unknown,16,jun,62,2,-1,0,unknown
10463,unknown,16,jun,559,3,-1,0,unknown
10464,unknown,16,jun,66,5,-1,0,unknown
10465,unknown,16,jun,190,4,-1,0,unknown
10466,unknown,16,jun,768,21,-1,0,unknown
10467,unknown,16,jun,10,5,-1,0,unknown
10468,unknown,16,jun,189,2,-1,0,unknown
10469,unknown,16,jun,109,2,-1,0,unknown
10470,unknown,16,jun,243,2,-1,0,unknown
10471,unknown,16,jun,107,2,-1,0,unknown
10472,unknown,16,jun,190,6,-1,0,unknown
10473,unknown,16,jun,405,3,-1,0,unknown
10474,unknown,16,jun,103,2,-1,0,unknown
10475,unknown,16,jun,143,2,-1,0,unknown
10476,unknown,16,jun,61,3,-1,0,unknown
10477,unknown,16,jun,424,2,-1,0,unknown
10478,unknown,16,jun,140,2,-1,0,unknown
10479,unknown,16,jun,157,29,-1,0,unknown
10480,unknown,16,jun,110,4,-1,0,unknown
10481,unknown,16,jun,69,3,-1,0,unknown
10482,unknown,16,jun,143,5,-1,0,unknown
10483,unknown,16,jun,241,3,-1,0,unknown
10484,unknown,16,jun,513,2,-1,0,unknown
10485,unknown,16,jun,757,2,-1,0,unknown
10486,unknown,16,jun,68,3,-1,0,unknown
10487,unknown,16,jun,211,2,-1,0,unknown
10488,unknown,16,jun,171,2,-1,0,unknown
10489,unknown,16,jun,182,3,-1,0,unknown
10490,unknown,16,jun,270,15,-1,0,unknown
10491,unknown,16,jun,172,6,-1,0,unknown
10492,unknown,16,jun,177,5,-1,0,unknown
10493,unknown,16,jun,119,2,-1,0,unknown
10494,unknown,16,jun,75,3,-1,0,unknown
10495,unknown,16,jun,192,4,-1,0,unknown
10496,unknown,16,jun,686,11,-1,0,unknown
10497,unknown,16,jun,104,4,-1,0,unknown
10498,unknown,16,jun,325,3,-1,0,unknown
10499,unknown,16,jun,144,4,-1,0,unknown
10500,unknown,16,jun,57,8,-1,0,unknown
10501,unknown,16,jun,109,3,-1,0,unknown
10502,unknown,16,jun,349,2,-1,0,unknown
10503,unknown,16,jun,741,4,-1,0,unknown
10504,unknown,16,jun,87,3,-1,0,unknown
10505,unknown,16,jun,95,8,-1,0,unknown
10506,unknown,16,jun,114,5,-1,0,unknown
10507,unknown,16,jun,109,2,-1,0,unknown
10508,unknown,16,jun,1323,9,-1,0,unknown
10509,unknown,16,jun,186,6,-1,0,unknown
10510,unknown,16,jun,187,2,-1,0,unknown
10511,unknown,16,jun,187,3,-1,0,unknown
10512,unknown,16,jun,580,3,-1,0,unknown
10513,unknown,16,jun,81,5,-1,0,unknown
10514,unknown,16,jun,253,2,-1,0,unknown
10515,unknown,16,jun,18,7,-1,0,unknown
10516,unknown,16,jun,140,3,-1,0,unknown
10517,unknown,16,jun,219,7,-1,0,unknown
10518,unknown,16,jun,95,6,-1,0,unknown
10519,unknown,16,jun,276,3,-1,0,unknown
10520,unknown,16,jun,179,15,-1,0,unknown
10521,unknown,16,jun,93,2,-1,0,unknown
10522,unknown,16,jun,106,10,-1,0,unknown
10523,unknown,16,jun,90,2,-1,0,unknown
10524,unknown,16,jun,78,5,-1,0,unknown
10525,unknown,16,jun,55,2,-1,0,unknown
10526,unknown,16,jun,204,4,-1,0,unknown
10527,unknown,16,jun,287,2,-1,0,unknown
10528,unknown,16,jun,84,3,-1,0,unknown
10529,unknown,16,jun,112,2,-1,0,unknown
10530,unknown,16,jun,133,2,-1,0,unknown
10531,unknown,16,jun,195,2,-1,0,unknown
10532,unknown,16,jun,108,2,-1,0,unknown
10533,unknown,16,jun,92,6,-1,0,unknown
10534,unknown,16,jun,264,4,-1,0,unknown
10535,unknown,16,jun,123,2,-1,0,unknown
10536,unknown,16,jun,73,4,-1,0,unknown
10537,unknown,16,jun,146,3,-1,0,unknown
10538,unknown,16,jun,206,1,-1,0,unknown
10539,unknown,16,jun,100,17,-1,0,unknown
10540,unknown,16,jun,452,1,-1,0,unknown
10541,unknown,16,jun,163,1,-1,0,unknown
10542,unknown,16,jun,617,1,-1,0,unknown
10543,unknown,16,jun,57,1,-1,0,unknown
10544,unknown,16,jun,35,6,-1,0,unknown
10545,unknown,16,jun,215,3,-1,0,unknown
10546,unknown,16,jun,77,1,-1,0,unknown
10547,unknown,16,jun,119,1,-1,0,unknown
10548,unknown,16,jun,265,3,-1,0,unknown
10549,unknown,16,jun,60,2,-1,0,unknown
10550,unknown,16,jun,179,2,-1,0,unknown
10551,unknown,16,jun,162,6,-1,0,unknown
10552,unknown,16,jun,64,3,-1,0,unknown
10553,unknown,16,jun,117,1,-1,0,unknown
10554,unknown,16,jun,227,1,-1,0,unknown
10555,unknown,16,jun,1093,1,-1,0,unknown
10556,unknown,16,jun,270,1,-1,0,unknown
10557,unknown,16,jun,1395,2,-1,0,unknown
10558,unknown,16,jun,178,4,-1,0,unknown
10559,unknown,16,jun,223,2,-1,0,unknown
10560,unknown,16,jun,35,3,-1,0,unknown
10561,unknown,16,jun,210,2,-1,0,unknown
10562,unknown,16,jun,101,6,-1,0,unknown
10563,unknown,16,jun,193,2,-1,0,unknown
10564,unknown,16,jun,339,2,-1,0,unknown
10565,unknown,16,jun,140,1,-1,0,unknown
10566,unknown,16,jun,71,1,-1,0,unknown
10567,unknown,16,jun,556,3,-1,0,unknown
10568,unknown,16,jun,1238,2,-1,0,unknown
10569,unknown,16,jun,32,2,-1,0,unknown
10570,unknown,16,jun,116,1,-1,0,unknown
10571,unknown,16,jun,64,1,-1,0,unknown
10572,unknown,16,jun,77,1,-1,0,unknown
10573,unknown,16,jun,73,3,-1,0,unknown
10574,unknown,16,jun,42,3,-1,0,unknown
10575,unknown,16,jun,24,5,-1,0,unknown
10576,unknown,16,jun,25,1,-1,0,unknown
10577,unknown,16,jun,147,1,-1,0,unknown
10578,unknown,16,jun,87,6,-1,0,unknown
10579,unknown,16,jun,393,2,-1,0,unknown
10580,unknown,16,jun,145,1,-1,0,unknown
10581,unknown,16,jun,155,1,-1,0,unknown
10582,unknown,16,jun,35,1,-1,0,unknown
10583,unknown,16,jun,141,1,-1,0,unknown
10584,unknown,16,jun,263,8,-1,0,unknown
10585,unknown,16,jun,123,1,-1,0,unknown
10586,unknown,16,jun,208,1,-1,0,unknown
10587,unknown,16,jun,100,1,-1,0,unknown
10588,unknown,16,jun,91,1,-1,0,unknown
10589,unknown,16,jun,644,1,-1,0,unknown
10590,unknown,16,jun,289,1,-1,0,unknown
10591,unknown,16,jun,315,1,-1,0,unknown
10592,unknown,16,jun,265,3,-1,0,unknown
10593,unknown,16,jun,1089,1,-1,0,unknown
10594,unknown,16,jun,124,2,-1,0,unknown
10595,unknown,16,jun,226,4,-1,0,unknown
10596,unknown,16,jun,136,8,-1,0,unknown
10597,unknown,16,jun,541,19,-1,0,unknown
10598,unknown,16,jun,242,6,-1,0,unknown
10599,unknown,16,jun,50,3,-1,0,unknown
10600,unknown,16,jun,73,2,-1,0,unknown
10601,unknown,16,jun,250,2,-1,0,unknown
10602,unknown,16,jun,181,2,-1,0,unknown
10603,unknown,16,jun,32,3,-1,0,unknown
10604,unknown,16,jun,267,3,-1,0,unknown
10605,unknown,16,jun,235,2,-1,0,unknown
10606,unknown,16,jun,121,5,-1,0,unknown
10607,unknown,16,jun,215,3,-1,0,unknown
10608,unknown,16,jun,320,2,-1,0,unknown
10609,unknown,16,jun,382,3,-1,0,unknown
10610,unknown,16,jun,244,1,-1,0,unknown
10611,unknown,16,jun,286,1,-1,0,unknown
10612,unknown,16,jun,1021,1,-1,0,unknown
10613,unknown,16,jun,167,2,-1,0,unknown
10614,unknown,16,jun,1248,3,-1,0,unknown
10615,unknown,16,jun,404,3,-1,0,unknown
10616,unknown,16,jun,179,25,-1,0,unknown
10617,unknown,16,jun,203,2,-1,0,unknown
10618,unknown,16,jun,209,12,-1,0,unknown
10619,unknown,16,jun,39,1,-1,0,unknown
10620,unknown,16,jun,162,1,-1,0,unknown
10621,unknown,16,jun,418,1,-1,0,unknown
10622,unknown,16,jun,348,1,-1,0,unknown
10623,unknown,16,jun,135,1,-1,0,unknown
10624,unknown,16,jun,505,1,-1,0,unknown
10625,unknown,16,jun,131,2,-1,0,unknown
10626,unknown,16,jun,401,2,-1,0,unknown
10627,unknown,16,jun,332,2,-1,0,unknown
10628,unknown,16,jun,78,1,-1,0,unknown
10629,unknown,16,jun,394,2,-1,0,unknown
10630,unknown,16,jun,287,1,-1,0,unknown
10631,unknown,16,jun,266,1,-1,0,unknown
10632,unknown,16,jun,153,1,-1,0,unknown
10633,unknown,16,jun,500,1,-1,0,unknown
10634,unknown,16,jun,215,2,-1,0,unknown
10635,unknown,16,jun,298,6,-1,0,unknown
10636,unknown,16,jun,110,8,-1,0,unknown
10637,unknown,16,jun,101,1,-1,0,unknown
10638,unknown,16,jun,13,1,-1,0,unknown
10639,unknown,16,jun,356,2,-1,0,unknown
10640,unknown,16,jun,62,1,-1,0,unknown
10641,unknown,16,jun,73,1,-1,0,unknown
10642,unknown,16,jun,50,1,-1,0,unknown
10643,unknown,16,jun,684,1,-1,0,unknown
10644,unknown,16,jun,193,1,-1,0,unknown
10645,unknown,16,jun,599,3,-1,0,unknown
10646,unknown,16,jun,92,2,-1,0,unknown
10647,unknown,16,jun,52,3,-1,0,unknown
10648,unknown,16,jun,92,3,-1,0,unknown
10649,unknown,16,jun,294,3,-1,0,unknown
10650,unknown,16,jun,99,1,-1,0,unknown
10651,unknown,16,jun,76,3,-1,0,unknown
10652,unknown,16,jun,27,3,-1,0,unknown
10653,unknown,16,jun,191,1,-1,0,unknown
10654,unknown,16,jun,523,1,-1,0,unknown
10655,unknown,16,jun,358,1,-1,0,unknown
10656,unknown,16,jun,254,1,-1,0,unknown
10657,unknown,16,jun,46,1,-1,0,unknown
10658,unknown,16,jun,112,4,-1,0,unknown
10659,unknown,16,jun,51,1,-1,0,unknown
10660,unknown,16,jun,359,1,-1,0,unknown
10661,unknown,16,jun,88,1,-1,0,unknown
10662,unknown,16,jun,342,1,-1,0,unknown
10663,unknown,16,jun,78,1,-1,0,unknown
10664,unknown,16,jun,721,3,-1,0,unknown
10665,unknown,16,jun,420,4,-1,0,unknown
10666,unknown,16,jun,163,1,-1,0,unknown
10667,unknown,16,jun,442,3,-1,0,unknown
10668,unknown,16,jun,41,3,-1,0,unknown
10669,unknown,16,jun,535,2,-1,0,unknown
10670,unknown,16,jun,155,4,-1,0,unknown
10671,unknown,16,jun,178,7,-1,0,unknown
10672,unknown,16,jun,232,3,-1,0,unknown
10673,unknown,16,jun,36,1,-1,0,unknown
10674,unknown,16,jun,20,21,-1,0,unknown
10675,unknown,16,jun,15,15,-1,0,unknown
10676,unknown,16,jun,170,6,-1,0,unknown
10677,unknown,16,jun,87,3,-1,0,unknown
10678,unknown,16,jun,202,4,-1,0,unknown
10679,unknown,16,jun,359,4,-1,0,unknown
10680,unknown,16,jun,298,4,-1,0,unknown
10681,unknown,16,jun,244,3,-1,0,unknown
10682,unknown,16,jun,169,1,-1,0,unknown
10683,unknown,16,jun,750,2,-1,0,unknown
10684,unknown,16,jun,139,3,-1,0,unknown
10685,unknown,16,jun,114,2,-1,0,unknown
10686,unknown,16,jun,14,14,-1,0,unknown
10687,unknown,16,jun,81,4,-1,0,unknown
10688,unknown,16,jun,220,1,-1,0,unknown
10689,unknown,16,jun,162,3,-1,0,unknown
10690,unknown,16,jun,53,1,-1,0,unknown
10691,unknown,16,jun,131,1,-1,0,unknown
10692,unknown,16,jun,18,30,-1,0,unknown
10693,unknown,16,jun,607,2,-1,0,unknown
10694,unknown,16,jun,431,1,-1,0,unknown
10695,unknown,16,jun,216,3,-1,0,unknown
10696,unknown,16,jun,227,4,-1,0,unknown
10697,unknown,16,jun,102,46,-1,0,unknown
10698,unknown,16,jun,19,21,-1,0,unknown
10699,unknown,16,jun,394,3,-1,0,unknown
10700,unknown,16,jun,301,6,-1,0,unknown
10701,unknown,16,jun,204,4,-1,0,unknown
10702,unknown,16,jun,54,1,-1,0,unknown
10703,unknown,16,jun,22,1,-1,0,unknown
10704,unknown,16,jun,406,2,-1,0,unknown
10705,unknown,16,jun,226,2,-1,0,unknown
10706,unknown,16,jun,168,1,-1,0,unknown
10707,unknown,16,jun,221,1,-1,0,unknown
10708,unknown,16,jun,176,3,-1,0,unknown
10709,unknown,16,jun,127,2,-1,0,unknown
10710,unknown,16,jun,703,1,-1,0,unknown
10711,unknown,16,jun,119,2,-1,0,unknown
10712,unknown,16,jun,126,3,-1,0,unknown
10713,unknown,16,jun,147,2,-1,0,unknown
10714,unknown,16,jun,314,3,-1,0,unknown
10715,unknown,16,jun,182,2,-1,0,unknown
10716,unknown,16,jun,353,2,-1,0,unknown
10717,unknown,16,jun,100,2,-1,0,unknown
10718,unknown,16,jun,362,3,-1,0,unknown
10719,unknown,16,jun,75,7,-1,0,unknown
10720,unknown,16,jun,142,2,-1,0,unknown
10721,unknown,16,jun,637,6,-1,0,unknown
10722,unknown,16,jun,345,4,-1,0,unknown
10723,unknown,16,jun,64,2,-1,0,unknown
10724,unknown,16,jun,103,3,-1,0,unknown
10725,unknown,16,jun,17,25,-1,0,unknown
10726,unknown,16,jun,2769,4,-1,0,unknown
10727,unknown,16,jun,26,18,-1,0,unknown
10728,unknown,16,jun,141,6,-1,0,unknown
10729,unknown,16,jun,14,20,-1,0,unknown
10730,unknown,16,jun,1009,5,-1,0,unknown
10731,unknown,16,jun,323,2,-1,0,unknown
10732,unknown,16,jun,630,2,-1,0,unknown
10733,unknown,16,jun,278,2,-1,0,unknown
10734,unknown,16,jun,40,18,-1,0,unknown
10735,unknown,16,jun,112,3,-1,0,unknown
10736,unknown,16,jun,80,3,-1,0,unknown
10737,unknown,16,jun,154,3,-1,0,unknown
10738,unknown,16,jun,97,6,-1,0,unknown
10739,unknown,16,jun,368,12,-1,0,unknown
10740,unknown,16,jun,303,5,-1,0,unknown
10741,unknown,16,jun,375,2,-1,0,unknown
10742,unknown,16,jun,77,5,-1,0,unknown
10743,unknown,16,jun,295,2,-1,0,unknown
10744,unknown,16,jun,335,3,-1,0,unknown
10745,unknown,17,jun,69,4,-1,0,unknown
10746,unknown,17,jun,143,2,-1,0,unknown
10747,unknown,17,jun,153,4,-1,0,unknown
10748,unknown,17,jun,83,2,-1,0,unknown
10749,unknown,17,jun,214,8,-1,0,unknown
10750,unknown,17,jun,118,3,-1,0,unknown
10751,unknown,17,jun,638,16,-1,0,unknown
10752,unknown,17,jun,78,10,-1,0,unknown
10753,unknown,17,jun,65,3,-1,0,unknown
10754,unknown,17,jun,222,3,-1,0,unknown
10755,unknown,17,jun,78,5,-1,0,unknown
10756,unknown,17,jun,260,4,-1,0,unknown
10757,unknown,17,jun,150,3,-1,0,unknown
10758,unknown,17,jun,49,2,-1,0,unknown
10759,unknown,17,jun,62,4,-1,0,unknown
10760,unknown,17,jun,100,8,-1,0,unknown
10761,unknown,17,jun,138,3,-1,0,unknown
10762,unknown,17,jun,329,13,-1,0,unknown
10763,unknown,17,jun,331,4,-1,0,unknown
10764,unknown,17,jun,131,2,-1,0,unknown
10765,unknown,17,jun,24,6,-1,0,unknown
10766,unknown,17,jun,319,8,-1,0,unknown
10767,unknown,17,jun,315,2,-1,0,unknown
10768,unknown,17,jun,99,8,-1,0,unknown
10769,unknown,17,jun,45,2,-1,0,unknown
10770,unknown,17,jun,33,2,-1,0,unknown
10771,unknown,17,jun,131,6,-1,0,unknown
10772,unknown,17,jun,117,3,-1,0,unknown
10773,unknown,17,jun,170,2,-1,0,unknown
10774,unknown,17,jun,160,4,-1,0,unknown
10775,unknown,17,jun,104,2,-1,0,unknown
10776,unknown,17,jun,287,4,-1,0,unknown
10777,unknown,17,jun,43,1,-1,0,unknown
10778,unknown,17,jun,345,2,-1,0,unknown
10779,unknown,17,jun,77,1,-1,0,unknown
10780,unknown,17,jun,168,1,-1,0,unknown
10781,unknown,17,jun,192,1,-1,0,unknown
10782,unknown,17,jun,110,1,-1,0,unknown
10783,unknown,17,jun,328,3,-1,0,unknown
10784,unknown,17,jun,193,1,-1,0,unknown
10785,unknown,17,jun,187,1,-1,0,unknown
10786,unknown,17,jun,198,1,-1,0,unknown
10787,unknown,17,jun,256,1,-1,0,unknown
10788,unknown,17,jun,145,1,-1,0,unknown
10789,unknown,17,jun,78,1,-1,0,unknown
10790,unknown,17,jun,285,1,-1,0,unknown
10791,unknown,17,jun,160,3,-1,0,unknown
10792,unknown,17,jun,442,1,-1,0,unknown
10793,unknown,17,jun,123,1,-1,0,unknown
10794,unknown,17,jun,166,1,-1,0,unknown
10795,unknown,17,jun,18,1,-1,0,unknown
10796,unknown,17,jun,83,1,-1,0,unknown
10797,unknown,17,jun,128,1,-1,0,unknown
10798,unknown,17,jun,57,1,-1,0,unknown
10799,unknown,17,jun,145,1,-1,0,unknown
10800,unknown,17,jun,116,1,-1,0,unknown
10801,unknown,17,jun,475,1,-1,0,unknown
10802,unknown,17,jun,126,1,-1,0,unknown
10803,unknown,17,jun,83,1,-1,0,unknown
10804,unknown,17,jun,196,4,-1,0,unknown
10805,unknown,17,jun,68,1,-1,0,unknown
10806,unknown,17,jun,75,1,-1,0,unknown
10807,unknown,17,jun,123,1,-1,0,unknown
10808,unknown,17,jun,98,4,-1,0,unknown
10809,unknown,17,jun,355,2,-1,0,unknown
10810,unknown,17,jun,115,1,-1,0,unknown
10811,unknown,17,jun,147,1,-1,0,unknown
10812,unknown,17,jun,133,1,-1,0,unknown
10813,unknown,17,jun,509,4,-1,0,unknown
10814,unknown,17,jun,134,1,-1,0,unknown
10815,unknown,17,jun,147,2,-1,0,unknown
10816,unknown,17,jun,97,1,-1,0,unknown
10817,unknown,17,jun,296,1,-1,0,unknown
10818,unknown,17,jun,70,8,-1,0,unknown
10819,unknown,17,jun,527,1,-1,0,unknown
10820,unknown,17,jun,156,2,-1,0,unknown
10821,unknown,17,jun,187,1,-1,0,unknown
10822,unknown,17,jun,269,1,-1,0,unknown
10823,unknown,17,jun,306,1,-1,0,unknown
10824,unknown,17,jun,556,1,-1,0,unknown
10825,unknown,17,jun,71,1,-1,0,unknown
10826,unknown,17,jun,483,1,-1,0,unknown
10827,unknown,17,jun,881,1,-1,0,unknown
10828,unknown,17,jun,404,1,-1,0,unknown
10829,unknown,17,jun,218,1,-1,0,unknown
10830,unknown,17,jun,69,1,-1,0,unknown
10831,unknown,17,jun,98,1,-1,0,unknown
10832,unknown,17,jun,243,1,-1,0,unknown
10833,unknown,17,jun,181,1,-1,0,unknown
10834,unknown,17,jun,99,1,-1,0,unknown
10835,unknown,17,jun,139,3,-1,0,unknown
10836,unknown,17,jun,71,1,-1,0,unknown
10837,unknown,17,jun,124,23,-1,0,unknown
10838,unknown,17,jun,214,3,-1,0,unknown
10839,unknown,17,jun,81,1,-1,0,unknown
10840,unknown,17,jun,132,2,-1,0,unknown
10841,unknown,17,jun,94,1,-1,0,unknown
10842,unknown,17,jun,129,1,-1,0,unknown
10843,unknown,17,jun,491,1,-1,0,unknown
10844,unknown,17,jun,135,1,-1,0,unknown
10845,unknown,17,jun,72,1,-1,0,unknown
10846,unknown,17,jun,285,1,-1,0,unknown
10847,unknown,17,jun,255,1,-1,0,unknown
10848,unknown,17,jun,189,1,-1,0,unknown
10849,unknown,17,jun,72,1,-1,0,unknown
10850,unknown,17,jun,241,1,-1,0,unknown
10851,unknown,17,jun,705,1,-1,0,unknown
10852,unknown,17,jun,134,1,-1,0,unknown
10853,unknown,17,jun,483,1,-1,0,unknown
10854,unknown,17,jun,423,1,-1,0,unknown
10855,unknown,17,jun,23,3,-1,0,unknown
10856,unknown,17,jun,48,2,-1,0,unknown
10857,unknown,17,jun,254,1,-1,0,unknown
10858,unknown,17,jun,388,9,-1,0,unknown
10859,unknown,17,jun,107,4,-1,0,unknown
10860,unknown,17,jun,135,1,-1,0,unknown
10861,unknown,17,jun,184,1,-1,0,unknown
10862,unknown,17,jun,61,1,-1,0,unknown
10863,unknown,17,jun,157,5,-1,0,unknown
10864,unknown,17,jun,116,1,-1,0,unknown
10865,unknown,17,jun,82,2,-1,0,unknown
10866,unknown,17,jun,105,1,-1,0,unknown
10867,unknown,17,jun,98,1,-1,0,unknown
10868,unknown,17,jun,652,2,-1,0,unknown
10869,unknown,17,jun,206,1,-1,0,unknown
10870,unknown,17,jun,174,1,-1,0,unknown
10871,unknown,17,jun,522,1,-1,0,unknown
10872,unknown,17,jun,30,3,-1,0,unknown
10873,unknown,17,jun,174,2,-1,0,unknown
10874,unknown,17,jun,145,6,-1,0,unknown
10875,unknown,17,jun,150,2,-1,0,unknown
10876,unknown,17,jun,64,1,-1,0,unknown
10877,unknown,17,jun,91,2,-1,0,unknown
10878,unknown,17,jun,77,1,-1,0,unknown
10879,unknown,17,jun,78,1,-1,0,unknown
10880,unknown,17,jun,97,1,-1,0,unknown
10881,unknown,17,jun,85,1,-1,0,unknown
10882,unknown,17,jun,139,1,-1,0,unknown
10883,unknown,17,jun,89,1,-1,0,unknown
10884,unknown,17,jun,92,2,-1,0,unknown
10885,unknown,17,jun,168,2,-1,0,unknown
10886,unknown,17,jun,436,5,-1,0,unknown
10887,unknown,17,jun,88,2,-1,0,unknown
10888,unknown,17,jun,43,6,-1,0,unknown
10889,unknown,17,jun,156,4,-1,0,unknown
10890,unknown,17,jun,171,1,-1,0,unknown
10891,unknown,17,jun,180,1,-1,0,unknown
10892,unknown,17,jun,163,1,-1,0,unknown
10893,unknown,17,jun,277,1,-1,0,unknown
10894,unknown,17,jun,130,1,-1,0,unknown
10895,unknown,17,jun,50,2,-1,0,unknown
10896,unknown,17,jun,341,1,-1,0,unknown
10897,unknown,17,jun,49,1,-1,0,unknown
10898,unknown,17,jun,120,1,-1,0,unknown
10899,unknown,17,jun,79,1,-1,0,unknown
10900,unknown,17,jun,259,3,-1,0,unknown
10901,unknown,17,jun,321,1,-1,0,unknown
10902,unknown,17,jun,176,15,-1,0,unknown
10903,unknown,17,jun,192,1,-1,0,unknown
10904,unknown,17,jun,128,1,-1,0,unknown
10905,unknown,17,jun,107,1,-1,0,unknown
10906,unknown,17,jun,108,1,-1,0,unknown
10907,unknown,17,jun,187,2,-1,0,unknown
10908,unknown,17,jun,164,4,-1,0,unknown
10909,unknown,17,jun,20,1,-1,0,unknown
10910,unknown,17,jun,67,1,-1,0,unknown
10911,unknown,17,jun,445,2,-1,0,unknown
10912,unknown,17,jun,41,1,-1,0,unknown
10913,unknown,17,jun,344,2,-1,0,unknown
10914,unknown,17,jun,167,1,-1,0,unknown
10915,unknown,17,jun,605,5,-1,0,unknown
10916,unknown,17,jun,433,2,-1,0,unknown
10917,unknown,17,jun,226,1,-1,0,unknown
10918,unknown,17,jun,179,2,-1,0,unknown
10919,unknown,17,jun,34,2,-1,0,unknown
10920,unknown,17,jun,161,1,-1,0,unknown
10921,unknown,17,jun,77,5,-1,0,unknown
10922,unknown,17,jun,220,1,-1,0,unknown
10923,unknown,17,jun,81,2,-1,0,unknown
10924,unknown,17,jun,269,1,-1,0,unknown
10925,unknown,17,jun,31,1,-1,0,unknown
10926,unknown,17,jun,59,1,-1,0,unknown
10927,unknown,17,jun,332,1,-1,0,unknown
10928,unknown,17,jun,24,1,-1,0,unknown
10929,unknown,17,jun,16,3,-1,0,unknown
10930,unknown,17,jun,88,2,-1,0,unknown
10931,unknown,17,jun,714,2,-1,0,unknown
10932,unknown,17,jun,110,2,-1,0,unknown
10933,unknown,17,jun,205,1,-1,0,unknown
10934,unknown,17,jun,291,1,-1,0,unknown
10935,unknown,17,jun,986,1,-1,0,unknown
10936,unknown,17,jun,279,1,-1,0,unknown
10937,unknown,17,jun,166,2,-1,0,unknown
10938,unknown,17,jun,92,1,-1,0,unknown
10939,unknown,17,jun,254,1,-1,0,unknown
10940,unknown,17,jun,236,2,-1,0,unknown
10941,unknown,17,jun,717,1,-1,0,unknown
10942,unknown,17,jun,19,4,-1,0,unknown
10943,unknown,17,jun,93,2,-1,0,unknown
10944,unknown,17,jun,200,4,-1,0,unknown
10945,unknown,17,jun,176,3,-1,0,unknown
10946,unknown,17,jun,1162,2,-1,0,unknown
10947,unknown,17,jun,490,4,-1,0,unknown
10948,unknown,17,jun,1051,3,-1,0,unknown
10949,unknown,17,jun,437,2,-1,0,unknown
10950,unknown,17,jun,422,9,-1,0,unknown
10951,unknown,17,jun,1199,2,-1,0,unknown
10952,unknown,17,jun,209,3,-1,0,unknown
10953,unknown,17,jun,115,2,-1,0,unknown
10954,unknown,17,jun,292,3,-1,0,unknown
10955,unknown,17,jun,370,2,-1,0,unknown
10956,unknown,17,jun,108,6,-1,0,unknown
10957,unknown,17,jun,495,2,-1,0,unknown
10958,unknown,17,jun,249,2,-1,0,unknown
10959,unknown,17,jun,1345,3,-1,0,unknown
10960,unknown,17,jun,114,17,-1,0,unknown
10961,unknown,17,jun,107,4,-1,0,unknown
10962,unknown,17,jun,171,4,-1,0,unknown
10963,unknown,17,jun,66,4,-1,0,unknown
10964,unknown,17,jun,447,3,-1,0,unknown
10965,unknown,17,jun,167,2,-1,0,unknown
10966,unknown,17,jun,668,8,-1,0,unknown
10967,unknown,17,jun,204,2,-1,0,unknown
10968,unknown,17,jun,158,2,-1,0,unknown
10969,unknown,17,jun,256,9,-1,0,unknown
10970,unknown,17,jun,676,2,-1,0,unknown
10971,unknown,17,jun,63,2,-1,0,unknown
10972,unknown,17,jun,133,2,-1,0,unknown
10973,unknown,17,jun,153,3,-1,0,unknown
10974,unknown,17,jun,118,3,-1,0,unknown
10975,unknown,17,jun,117,3,-1,0,unknown
10976,unknown,17,jun,681,2,-1,0,unknown
10977,unknown,17,jun,59,6,-1,0,unknown
10978,unknown,17,jun,42,4,-1,0,unknown
10979,unknown,17,jun,408,2,-1,0,unknown
10980,unknown,17,jun,127,2,-1,0,unknown
10981,unknown,17,jun,314,2,-1,0,unknown
10982,unknown,17,jun,277,2,-1,0,unknown
10983,unknown,17,jun,140,2,-1,0,unknown
10984,unknown,17,jun,424,2,-1,0,unknown
10985,unknown,17,jun,159,3,-1,0,unknown
10986,unknown,17,jun,775,3,-1,0,unknown
10987,unknown,17,jun,187,7,-1,0,unknown
10988,unknown,17,jun,102,3,-1,0,unknown
10989,unknown,17,jun,2621,3,-1,0,unknown
10990,unknown,17,jun,96,2,-1,0,unknown
10991,unknown,17,jun,200,2,-1,0,unknown
10992,unknown,17,jun,75,3,-1,0,unknown
10993,unknown,17,jun,85,5,-1,0,unknown
10994,unknown,17,jun,50,2,-1,0,unknown
10995,unknown,17,jun,173,2,-1,0,unknown
10996,unknown,17,jun,60,3,-1,0,unknown
10997,unknown,17,jun,320,4,-1,0,unknown
10998,unknown,17,jun,854,3,-1,0,unknown
10999,unknown,17,jun,236,2,-1,0,unknown
11000,unknown,17,jun,183,2,-1,0,unknown
11001,unknown,17,jun,76,2,-1,0,unknown
11002,unknown,17,jun,185,3,-1,0,unknown
11003,unknown,17,jun,41,2,-1,0,unknown
11004,unknown,17,jun,39,3,-1,0,unknown
11005,unknown,17,jun,138,3,-1,0,unknown
11006,unknown,17,jun,411,6,-1,0,unknown
11007,unknown,17,jun,394,3,-1,0,unknown
11008,unknown,17,jun,266,2,-1,0,unknown
11009,unknown,17,jun,534,4,-1,0,unknown
11010,unknown,17,jun,311,2,-1,0,unknown
11011,unknown,17,jun,705,5,-1,0,unknown
11012,unknown,17,jun,89,2,-1,0,unknown
11013,unknown,17,jun,93,6,-1,0,unknown
11014,unknown,17,jun,847,3,-1,0,unknown
11015,unknown,17,jun,273,27,-1,0,unknown
11016,unknown,17,jun,161,3,-1,0,unknown
11017,unknown,17,jun,162,7,-1,0,unknown
11018,unknown,17,jun,641,6,-1,0,unknown
11019,unknown,17,jun,61,2,-1,0,unknown
11020,unknown,17,jun,136,2,-1,0,unknown
11021,unknown,17,jun,187,2,-1,0,unknown
11022,unknown,17,jun,332,5,-1,0,unknown
11023,unknown,17,jun,76,2,-1,0,unknown
11024,unknown,17,jun,406,3,-1,0,unknown
11025,unknown,17,jun,544,3,-1,0,unknown
11026,unknown,17,jun,756,2,-1,0,unknown
11027,unknown,17,jun,76,6,-1,0,unknown
11028,unknown,17,jun,271,2,-1,0,unknown
11029,unknown,17,jun,203,2,-1,0,unknown
11030,unknown,17,jun,338,2,-1,0,unknown
11031,unknown,17,jun,198,6,-1,0,unknown
11032,unknown,17,jun,259,2,-1,0,unknown
11033,unknown,17,jun,398,4,-1,0,unknown
11034,unknown,17,jun,462,5,-1,0,unknown
11035,unknown,17,jun,956,2,-1,0,unknown
11036,unknown,17,jun,76,4,-1,0,unknown
11037,unknown,17,jun,264,16,-1,0,unknown
11038,unknown,17,jun,979,9,-1,0,unknown
11039,unknown,17,jun,89,4,-1,0,unknown
11040,unknown,17,jun,135,6,-1,0,unknown
11041,unknown,17,jun,420,4,-1,0,unknown
11042,unknown,17,jun,548,3,-1,0,unknown
11043,unknown,17,jun,235,2,-1,0,unknown
11044,unknown,17,jun,87,2,-1,0,unknown
11045,unknown,17,jun,169,4,-1,0,unknown
11046,unknown,17,jun,343,2,-1,0,unknown
11047,unknown,17,jun,88,2,-1,0,unknown
11048,unknown,17,jun,68,6,-1,0,unknown
11049,unknown,17,jun,77,2,-1,0,unknown
11050,unknown,17,jun,116,3,-1,0,unknown
11051,unknown,17,jun,363,3,-1,0,unknown
11052,unknown,17,jun,116,3,-1,0,unknown
11053,unknown,17,jun,207,3,-1,0,unknown
11054,unknown,17,jun,311,2,-1,0,unknown
11055,unknown,17,jun,138,5,-1,0,unknown
11056,unknown,17,jun,48,2,-1,0,unknown
11057,unknown,17,jun,390,2,-1,0,unknown
11058,unknown,17,jun,65,2,-1,0,unknown
11059,unknown,17,jun,637,3,-1,0,unknown
11060,unknown,17,jun,564,2,-1,0,unknown
11061,unknown,17,jun,117,3,-1,0,unknown
11062,unknown,17,jun,76,3,-1,0,unknown
11063,unknown,17,jun,128,21,-1,0,unknown
11064,unknown,17,jun,193,3,-1,0,unknown
11065,unknown,17,jun,130,6,-1,0,unknown
11066,unknown,17,jun,269,3,-1,0,unknown
11067,unknown,17,jun,291,2,-1,0,unknown
11068,unknown,17,jun,150,7,-1,0,unknown
11069,unknown,17,jun,1208,3,-1,0,unknown
11070,unknown,17,jun,144,6,-1,0,unknown
11071,unknown,17,jun,228,2,-1,0,unknown
11072,unknown,17,jun,158,3,-1,0,unknown
11073,unknown,17,jun,585,2,-1,0,unknown
11074,unknown,17,jun,334,2,-1,0,unknown
11075,unknown,17,jun,229,7,-1,0,unknown
11076,unknown,17,jun,117,11,-1,0,unknown
11077,unknown,17,jun,441,3,-1,0,unknown
11078,unknown,18,jun,60,6,-1,0,unknown
11079,unknown,18,jun,47,2,-1,0,unknown
11080,unknown,18,jun,235,3,-1,0,unknown
11081,unknown,18,jun,270,3,-1,0,unknown
11082,unknown,18,jun,192,5,-1,0,unknown
11083,unknown,18,jun,26,7,-1,0,unknown
11084,unknown,18,jun,89,3,-1,0,unknown
11085,unknown,18,jun,61,7,-1,0,unknown
11086,unknown,18,jun,386,5,-1,0,unknown
11087,unknown,18,jun,54,4,-1,0,unknown
11088,unknown,18,jun,272,3,-1,0,unknown
11089,unknown,18,jun,35,3,-1,0,unknown
11090,unknown,18,jun,1365,4,-1,0,unknown
11091,unknown,18,jun,284,8,-1,0,unknown
11092,unknown,18,jun,53,2,-1,0,unknown
11093,unknown,18,jun,311,5,-1,0,unknown
11094,unknown,18,jun,245,2,-1,0,unknown
11095,unknown,18,jun,64,6,-1,0,unknown
11096,unknown,18,jun,151,3,-1,0,unknown
11097,unknown,18,jun,89,1,-1,0,unknown
11098,unknown,18,jun,66,1,-1,0,unknown
11099,unknown,18,jun,30,1,-1,0,unknown
11100,unknown,18,jun,72,1,-1,0,unknown
11101,unknown,18,jun,120,1,-1,0,unknown
11102,unknown,18,jun,126,4,-1,0,unknown
11103,unknown,18,jun,48,1,-1,0,unknown
11104,unknown,18,jun,262,9,-1,0,unknown
11105,unknown,18,jun,1062,4,-1,0,unknown
11106,unknown,18,jun,295,1,-1,0,unknown
11107,unknown,18,jun,203,1,-1,0,unknown
11108,unknown,18,jun,906,2,-1,0,unknown
11109,unknown,18,jun,37,1,-1,0,unknown
11110,unknown,18,jun,118,6,-1,0,unknown
11111,unknown,18,jun,18,1,-1,0,unknown
11112,unknown,18,jun,18,1,-1,0,unknown
11113,unknown,18,jun,350,7,-1,0,unknown
11114,unknown,18,jun,421,2,-1,0,unknown
11115,unknown,18,jun,835,1,-1,0,unknown
11116,unknown,18,jun,104,1,-1,0,unknown
11117,unknown,18,jun,164,3,-1,0,unknown
11118,unknown,18,jun,89,5,-1,0,unknown
11119,unknown,18,jun,1029,1,-1,0,unknown
11120,unknown,18,jun,112,3,-1,0,unknown
11121,unknown,18,jun,744,3,-1,0,unknown
11122,unknown,18,jun,321,2,-1,0,unknown
11123,unknown,18,jun,24,10,-1,0,unknown
11124,unknown,18,jun,213,5,-1,0,unknown
11125,unknown,18,jun,165,7,-1,0,unknown
11126,unknown,18,jun,129,3,-1,0,unknown
11127,unknown,18,jun,371,2,-1,0,unknown
11128,unknown,18,jun,190,2,-1,0,unknown
11129,unknown,18,jun,114,4,-1,0,unknown
11130,unknown,18,jun,221,5,-1,0,unknown
11131,unknown,18,jun,178,5,-1,0,unknown
11132,unknown,18,jun,247,5,-1,0,unknown
11133,unknown,18,jun,680,2,-1,0,unknown
11134,unknown,18,jun,243,3,-1,0,unknown
11135,unknown,18,jun,185,4,-1,0,unknown
11136,unknown,18,jun,110,2,-1,0,unknown
11137,unknown,18,jun,172,2,-1,0,unknown
11138,unknown,18,jun,156,3,-1,0,unknown
11139,unknown,18,jun,34,6,-1,0,unknown
11140,unknown,18,jun,347,4,-1,0,unknown
11141,unknown,18,jun,394,3,-1,0,unknown
11142,unknown,18,jun,59,3,-1,0,unknown
11143,unknown,18,jun,72,3,-1,0,unknown
11144,unknown,18,jun,417,3,-1,0,unknown
11145,unknown,18,jun,96,3,-1,0,unknown
11146,unknown,18,jun,1528,2,-1,0,unknown
11147,unknown,18,jun,154,4,-1,0,unknown
11148,unknown,18,jun,533,3,-1,0,unknown
11149,unknown,18,jun,107,1,-1,0,unknown
11150,unknown,18,jun,122,1,-1,0,unknown
11151,unknown,18,jun,257,6,-1,0,unknown
11152,unknown,18,jun,23,3,-1,0,unknown
11153,unknown,18,jun,82,1,-1,0,unknown
11154,unknown,18,jun,55,1,-1,0,unknown
11155,unknown,18,jun,67,1,-1,0,unknown
11156,unknown,18,jun,83,1,-1,0,unknown
11157,unknown,18,jun,113,1,-1,0,unknown
11158,unknown,18,jun,59,1,-1,0,unknown
11159,unknown,18,jun,551,1,-1,0,unknown
11160,unknown,18,jun,367,1,-1,0,unknown
11161,unknown,18,jun,220,1,-1,0,unknown
11162,unknown,18,jun,15,1,-1,0,unknown
11163,unknown,18,jun,173,1,-1,0,unknown
11164,unknown,18,jun,37,1,-1,0,unknown
11165,unknown,18,jun,97,8,-1,0,unknown
11166,unknown,18,jun,199,1,-1,0,unknown
11167,unknown,18,jun,94,1,-1,0,unknown
11168,unknown,18,jun,272,1,-1,0,unknown
11169,unknown,18,jun,15,1,-1,0,unknown
11170,unknown,18,jun,50,1,-1,0,unknown
11171,unknown,18,jun,417,1,-1,0,unknown
11172,unknown,18,jun,192,1,-1,0,unknown
11173,unknown,18,jun,443,1,-1,0,unknown
11174,unknown,18,jun,115,1,-1,0,unknown
11175,unknown,18,jun,1487,1,-1,0,unknown
11176,unknown,18,jun,68,1,-1,0,unknown
11177,unknown,18,jun,54,3,-1,0,unknown
11178,unknown,18,jun,159,1,-1,0,unknown
11179,unknown,18,jun,335,1,-1,0,unknown
11180,unknown,18,jun,118,1,-1,0,unknown
11181,unknown,18,jun,104,1,-1,0,unknown
11182,unknown,18,jun,236,1,-1,0,unknown
11183,unknown,18,jun,300,1,-1,0,unknown
11184,unknown,18,jun,163,1,-1,0,unknown
11185,unknown,18,jun,103,1,-1,0,unknown
11186,unknown,18,jun,187,1,-1,0,unknown
11187,unknown,18,jun,1540,1,-1,0,unknown
11188,unknown,18,jun,163,2,-1,0,unknown
11189,unknown,18,jun,129,1,-1,0,unknown
11190,unknown,18,jun,67,1,-1,0,unknown
11191,unknown,18,jun,362,1,-1,0,unknown
11192,unknown,18,jun,973,1,-1,0,unknown
11193,unknown,18,jun,36,4,-1,0,unknown
11194,unknown,18,jun,167,1,-1,0,unknown
11195,unknown,18,jun,138,1,-1,0,unknown
11196,unknown,18,jun,1009,1,-1,0,unknown
11197,unknown,18,jun,55,10,-1,0,unknown
11198,unknown,18,jun,88,8,-1,0,unknown
11199,unknown,18,jun,105,1,-1,0,unknown
11200,unknown,18,jun,339,2,-1,0,unknown
11201,unknown,18,jun,355,1,-1,0,unknown
11202,unknown,18,jun,466,2,-1,0,unknown
11203,unknown,18,jun,94,1,-1,0,unknown
11204,unknown,18,jun,227,1,-1,0,unknown
11205,unknown,18,jun,65,1,-1,0,unknown
11206,unknown,18,jun,387,1,-1,0,unknown
11207,unknown,18,jun,379,5,-1,0,unknown
11208,unknown,18,jun,205,4,-1,0,unknown
11209,unknown,18,jun,332,2,-1,0,unknown
11210,unknown,18,jun,71,1,-1,0,unknown
11211,unknown,18,jun,567,1,-1,0,unknown
11212,unknown,18,jun,200,1,-1,0,unknown
11213,unknown,18,jun,537,1,-1,0,unknown
11214,unknown,18,jun,476,1,-1,0,unknown
11215,unknown,18,jun,290,2,-1,0,unknown
11216,unknown,18,jun,1812,1,-1,0,unknown
11217,unknown,18,jun,74,1,-1,0,unknown
11218,unknown,18,jun,76,1,-1,0,unknown
11219,unknown,18,jun,26,1,-1,0,unknown
11220,unknown,18,jun,632,1,-1,0,unknown
11221,unknown,18,jun,316,1,-1,0,unknown
11222,unknown,18,jun,35,7,-1,0,unknown
11223,unknown,18,jun,52,6,-1,0,unknown
11224,unknown,18,jun,59,2,-1,0,unknown
11225,unknown,18,jun,243,1,-1,0,unknown
11226,unknown,18,jun,81,2,-1,0,unknown
11227,unknown,18,jun,205,2,-1,0,unknown
11228,unknown,18,jun,58,3,-1,0,unknown
11229,unknown,18,jun,320,3,-1,0,unknown
11230,unknown,18,jun,700,7,-1,0,unknown
11231,unknown,18,jun,453,1,-1,0,unknown
11232,unknown,18,jun,146,3,-1,0,unknown
11233,unknown,18,jun,345,1,-1,0,unknown
11234,unknown,18,jun,248,29,-1,0,unknown
11235,unknown,18,jun,188,2,-1,0,unknown
11236,unknown,18,jun,166,3,-1,0,unknown
11237,unknown,18,jun,324,2,-1,0,unknown
11238,unknown,18,jun,16,9,-1,0,unknown
11239,unknown,18,jun,392,1,-1,0,unknown
11240,unknown,18,jun,103,1,-1,0,unknown
11241,unknown,18,jun,577,4,-1,0,unknown
11242,unknown,18,jun,422,1,-1,0,unknown
11243,unknown,18,jun,112,3,-1,0,unknown
11244,unknown,18,jun,308,1,-1,0,unknown
11245,unknown,18,jun,43,1,-1,0,unknown
11246,unknown,18,jun,149,2,-1,0,unknown
11247,unknown,18,jun,324,1,-1,0,unknown
11248,unknown,18,jun,100,4,-1,0,unknown
11249,unknown,18,jun,209,12,-1,0,unknown
11250,unknown,18,jun,105,1,-1,0,unknown
11251,unknown,18,jun,707,1,-1,0,unknown
11252,unknown,18,jun,625,2,-1,0,unknown
11253,unknown,18,jun,13,11,-1,0,unknown
11254,unknown,18,jun,1255,1,-1,0,unknown
11255,unknown,18,jun,255,2,-1,0,unknown
11256,unknown,18,jun,50,2,-1,0,unknown
11257,unknown,18,jun,373,4,-1,0,unknown
11258,unknown,18,jun,18,6,-1,0,unknown
11259,unknown,18,jun,108,2,-1,0,unknown
11260,unknown,18,jun,142,20,-1,0,unknown
11261,unknown,18,jun,78,3,-1,0,unknown
11262,unknown,18,jun,376,7,-1,0,unknown
11263,unknown,18,jun,155,2,-1,0,unknown
11264,unknown,18,jun,56,1,-1,0,unknown
11265,unknown,18,jun,188,1,-1,0,unknown
11266,unknown,18,jun,443,7,-1,0,unknown
11267,unknown,18,jun,326,1,-1,0,unknown
11268,unknown,18,jun,802,3,-1,0,unknown
11269,unknown,18,jun,64,2,-1,0,unknown
11270,unknown,18,jun,18,5,-1,0,unknown
11271,unknown,18,jun,89,4,-1,0,unknown
11272,unknown,18,jun,359,2,-1,0,unknown
11273,unknown,18,jun,257,2,-1,0,unknown
11274,unknown,18,jun,19,30,-1,0,unknown
11275,unknown,18,jun,146,2,-1,0,unknown
11276,unknown,18,jun,404,2,-1,0,unknown
11277,unknown,18,jun,234,2,-1,0,unknown
11278,unknown,18,jun,13,14,-1,0,unknown
11279,unknown,18,jun,297,3,-1,0,unknown
11280,unknown,18,jun,156,9,-1,0,unknown
11281,unknown,18,jun,636,12,-1,0,unknown
11282,unknown,18,jun,300,3,-1,0,unknown
11283,unknown,18,jun,37,2,-1,0,unknown
11284,unknown,18,jun,2093,1,-1,0,unknown
11285,unknown,18,jun,61,3,-1,0,unknown
11286,unknown,18,jun,111,2,-1,0,unknown
11287,unknown,18,jun,704,4,-1,0,unknown
11288,unknown,18,jun,45,3,-1,0,unknown
11289,unknown,18,jun,73,4,-1,0,unknown
11290,unknown,18,jun,1195,2,-1,0,unknown
11291,unknown,18,jun,61,23,-1,0,unknown
11292,unknown,18,jun,96,3,-1,0,unknown
11293,unknown,18,jun,140,3,-1,0,unknown
11294,unknown,18,jun,121,2,-1,0,unknown
11295,unknown,18,jun,84,5,-1,0,unknown
11296,unknown,18,jun,719,13,-1,0,unknown
11297,unknown,18,jun,48,10,-1,0,unknown
11298,unknown,18,jun,242,2,-1,0,unknown
11299,unknown,18,jun,230,3,-1,0,unknown
11300,unknown,18,jun,130,6,-1,0,unknown
11301,unknown,18,jun,25,41,-1,0,unknown
11302,unknown,18,jun,57,2,-1,0,unknown
11303,unknown,18,jun,154,2,-1,0,unknown
11304,unknown,18,jun,74,2,-1,0,unknown
11305,unknown,18,jun,77,2,-1,0,unknown
11306,unknown,18,jun,201,1,-1,0,unknown
11307,unknown,18,jun,313,2,-1,0,unknown
11308,unknown,18,jun,114,1,-1,0,unknown
11309,unknown,18,jun,66,3,-1,0,unknown
11310,unknown,18,jun,305,6,-1,0,unknown
11311,unknown,18,jun,49,2,-1,0,unknown
11312,unknown,18,jun,429,13,-1,0,unknown
11313,unknown,18,jun,51,4,-1,0,unknown
11314,unknown,18,jun,41,8,-1,0,unknown
11315,unknown,18,jun,99,3,-1,0,unknown
11316,unknown,18,jun,771,2,-1,0,unknown
11317,unknown,18,jun,378,2,-1,0,unknown
11318,unknown,18,jun,152,9,-1,0,unknown
11319,unknown,18,jun,491,3,-1,0,unknown
11320,unknown,18,jun,203,1,-1,0,unknown
11321,unknown,18,jun,90,3,-1,0,unknown
11322,unknown,18,jun,626,5,-1,0,unknown
11323,unknown,18,jun,135,3,-1,0,unknown
11324,unknown,18,jun,65,4,-1,0,unknown
11325,unknown,18,jun,125,8,-1,0,unknown
11326,unknown,18,jun,16,14,-1,0,unknown
11327,unknown,18,jun,18,20,-1,0,unknown
11328,unknown,18,jun,90,4,-1,0,unknown
11329,unknown,18,jun,140,2,-1,0,unknown
11330,unknown,18,jun,15,8,-1,0,unknown
11331,unknown,18,jun,113,2,-1,0,unknown
11332,unknown,18,jun,249,5,-1,0,unknown
11333,unknown,18,jun,82,3,-1,0,unknown
11334,unknown,18,jun,445,3,-1,0,unknown
11335,unknown,18,jun,1060,5,-1,0,unknown
11336,unknown,18,jun,92,2,-1,0,unknown
11337,unknown,18,jun,255,3,-1,0,unknown
11338,unknown,18,jun,55,2,-1,0,unknown
11339,unknown,18,jun,521,11,-1,0,unknown
11340,unknown,18,jun,501,2,-1,0,unknown
11341,unknown,18,jun,161,2,-1,0,unknown
11342,unknown,18,jun,340,3,-1,0,unknown
11343,unknown,18,jun,40,3,-1,0,unknown
11344,unknown,18,jun,156,3,-1,0,unknown
11345,unknown,18,jun,375,2,-1,0,unknown
11346,unknown,18,jun,161,1,-1,0,unknown
11347,unknown,18,jun,43,4,-1,0,unknown
11348,unknown,18,jun,604,6,-1,0,unknown
11349,unknown,18,jun,368,1,-1,0,unknown
11350,unknown,18,jun,452,1,-1,0,unknown
11351,unknown,18,jun,1574,3,-1,0,unknown
11352,unknown,19,jun,29,11,-1,0,unknown
11353,unknown,19,jun,47,3,-1,0,unknown
11354,unknown,19,jun,102,13,-1,0,unknown
11355,unknown,19,jun,113,14,-1,0,unknown
11356,unknown,19,jun,160,6,-1,0,unknown
11357,unknown,19,jun,136,2,-1,0,unknown
11358,unknown,19,jun,170,7,-1,0,unknown
11359,unknown,19,jun,82,1,-1,0,unknown
11360,unknown,19,jun,302,5,-1,0,unknown
11361,unknown,19,jun,256,1,-1,0,unknown
11362,unknown,19,jun,147,1,-1,0,unknown
11363,unknown,19,jun,451,1,-1,0,unknown
11364,unknown,19,jun,575,1,-1,0,unknown
11365,unknown,19,jun,532,1,-1,0,unknown
11366,unknown,19,jun,39,2,-1,0,unknown
11367,unknown,19,jun,86,1,-1,0,unknown
11368,unknown,19,jun,675,5,-1,0,unknown
11369,unknown,19,jun,122,1,-1,0,unknown
11370,unknown,19,jun,172,3,-1,0,unknown
11371,unknown,19,jun,97,1,-1,0,unknown
11372,unknown,19,jun,394,1,-1,0,unknown
11373,unknown,19,jun,37,1,-1,0,unknown
11374,unknown,19,jun,266,4,-1,0,unknown
11375,unknown,19,jun,297,1,-1,0,unknown
11376,unknown,19,jun,593,1,-1,0,unknown
11377,unknown,19,jun,446,1,-1,0,unknown
11378,unknown,19,jun,276,1,-1,0,unknown
11379,unknown,19,jun,108,4,-1,0,unknown
11380,unknown,19,jun,638,1,-1,0,unknown
11381,unknown,19,jun,45,9,-1,0,unknown
11382,unknown,19,jun,240,6,-1,0,unknown
11383,unknown,19,jun,70,1,-1,0,unknown
11384,unknown,19,jun,25,1,-1,0,unknown
11385,unknown,19,jun,64,1,-1,0,unknown
11386,unknown,19,jun,2485,2,-1,0,unknown
11387,unknown,19,jun,149,1,-1,0,unknown
11388,unknown,19,jun,348,3,-1,0,unknown
11389,unknown,19,jun,71,1,-1,0,unknown
11390,unknown,19,jun,168,1,-1,0,unknown
11391,unknown,19,jun,573,1,-1,0,unknown
11392,unknown,19,jun,229,1,-1,0,unknown
11393,unknown,19,jun,446,1,-1,0,unknown
11394,unknown,19,jun,34,31,-1,0,unknown
11395,unknown,19,jun,75,1,-1,0,unknown
11396,unknown,19,jun,32,1,-1,0,unknown
11397,unknown,19,jun,268,1,-1,0,unknown
11398,unknown,19,jun,244,1,-1,0,unknown
11399,unknown,19,jun,102,3,-1,0,unknown
11400,unknown,19,jun,203,2,-1,0,unknown
11401,unknown,19,jun,252,1,-1,0,unknown
11402,unknown,19,jun,50,1,-1,0,unknown
11403,unknown,19,jun,13,1,-1,0,unknown
11404,unknown,19,jun,188,5,-1,0,unknown
11405,unknown,19,jun,395,1,-1,0,unknown
11406,unknown,19,jun,61,1,-1,0,unknown
11407,unknown,19,jun,63,1,-1,0,unknown
11408,unknown,19,jun,170,1,-1,0,unknown
11409,unknown,19,jun,207,1,-1,0,unknown
11410,unknown,19,jun,147,1,-1,0,unknown
11411,unknown,19,jun,127,1,-1,0,unknown
11412,unknown,19,jun,22,1,-1,0,unknown
11413,unknown,19,jun,109,1,-1,0,unknown
11414,unknown,19,jun,677,1,-1,0,unknown
11415,unknown,19,jun,167,1,-1,0,unknown
11416,unknown,19,jun,105,1,-1,0,unknown
11417,unknown,19,jun,318,1,-1,0,unknown
11418,unknown,19,jun,220,1,-1,0,unknown
11419,unknown,19,jun,140,1,-1,0,unknown
11420,unknown,19,jun,1082,1,-1,0,unknown
11421,unknown,19,jun,824,1,-1,0,unknown
11422,unknown,19,jun,248,1,-1,0,unknown
11423,unknown,19,jun,11,1,-1,0,unknown
11424,unknown,19,jun,89,2,-1,0,unknown
11425,unknown,19,jun,161,1,-1,0,unknown
11426,unknown,19,jun,58,1,-1,0,unknown
11427,unknown,19,jun,653,2,-1,0,unknown
11428,unknown,19,jun,216,1,-1,0,unknown
11429,unknown,19,jun,223,1,-1,0,unknown
11430,unknown,19,jun,96,1,-1,0,unknown
11431,unknown,19,jun,477,7,-1,0,unknown
11432,unknown,19,jun,30,1,-1,0,unknown
11433,unknown,19,jun,159,1,-1,0,unknown
11434,unknown,19,jun,327,1,-1,0,unknown
11435,unknown,19,jun,432,1,-1,0,unknown
11436,unknown,19,jun,446,1,-1,0,unknown
11437,unknown,19,jun,108,1,-1,0,unknown
11438,unknown,19,jun,29,1,-1,0,unknown
11439,unknown,19,jun,178,1,-1,0,unknown
11440,unknown,19,jun,152,2,-1,0,unknown
11441,unknown,19,jun,169,2,-1,0,unknown
11442,unknown,19,jun,635,3,-1,0,unknown
11443,unknown,19,jun,122,1,-1,0,unknown
11444,unknown,19,jun,136,1,-1,0,unknown
11445,unknown,19,jun,69,1,-1,0,unknown
11446,unknown,19,jun,129,3,-1,0,unknown
11447,unknown,19,jun,201,1,-1,0,unknown
11448,unknown,19,jun,1135,4,-1,0,unknown
11449,unknown,19,jun,66,1,-1,0,unknown
11450,unknown,19,jun,512,1,-1,0,unknown
11451,unknown,19,jun,818,1,-1,0,unknown
11452,unknown,19,jun,810,2,-1,0,unknown
11453,unknown,19,jun,138,1,-1,0,unknown
11454,unknown,19,jun,574,4,-1,0,unknown
11455,unknown,19,jun,44,6,-1,0,unknown
11456,unknown,19,jun,145,2,-1,0,unknown
11457,unknown,19,jun,196,2,-1,0,unknown
11458,unknown,19,jun,270,2,-1,0,unknown
11459,unknown,19,jun,200,2,-1,0,unknown
11460,unknown,19,jun,335,2,-1,0,unknown
11461,unknown,19,jun,330,1,-1,0,unknown
11462,unknown,19,jun,91,1,-1,0,unknown
11463,unknown,19,jun,361,1,-1,0,unknown
11464,unknown,19,jun,64,1,-1,0,unknown
11465,unknown,19,jun,221,12,-1,0,unknown
11466,unknown,19,jun,84,3,-1,0,unknown
11467,unknown,19,jun,53,1,-1,0,unknown
11468,unknown,19,jun,141,1,-1,0,unknown
11469,unknown,19,jun,254,1,-1,0,unknown
11470,unknown,19,jun,1007,1,-1,0,unknown
11471,unknown,19,jun,224,1,-1,0,unknown
11472,unknown,19,jun,212,1,-1,0,unknown
11473,unknown,19,jun,149,1,-1,0,unknown
11474,unknown,19,jun,116,1,-1,0,unknown
11475,unknown,19,jun,110,1,-1,0,unknown
11476,unknown,19,jun,77,1,-1,0,unknown
11477,unknown,19,jun,374,3,-1,0,unknown
11478,unknown,19,jun,207,1,-1,0,unknown
11479,unknown,19,jun,289,1,-1,0,unknown
11480,unknown,19,jun,193,1,-1,0,unknown
11481,unknown,19,jun,143,1,-1,0,unknown
11482,unknown,19,jun,106,1,-1,0,unknown
11483,unknown,19,jun,191,3,-1,0,unknown
11484,unknown,19,jun,370,1,-1,0,unknown
11485,unknown,19,jun,487,1,-1,0,unknown
11486,unknown,19,jun,534,1,-1,0,unknown
11487,unknown,19,jun,84,1,-1,0,unknown
11488,unknown,19,jun,118,4,-1,0,unknown
11489,unknown,19,jun,284,1,-1,0,unknown
11490,unknown,19,jun,253,1,-1,0,unknown
11491,unknown,19,jun,786,1,-1,0,unknown
11492,unknown,19,jun,239,1,-1,0,unknown
11493,unknown,19,jun,162,3,-1,0,unknown
11494,unknown,19,jun,219,2,-1,0,unknown
11495,unknown,19,jun,185,1,-1,0,unknown
11496,unknown,19,jun,135,1,-1,0,unknown
11497,unknown,19,jun,252,2,-1,0,unknown
11498,unknown,19,jun,416,3,-1,0,unknown
11499,unknown,19,jun,32,1,-1,0,unknown
11500,unknown,19,jun,217,2,-1,0,unknown
11501,unknown,19,jun,145,4,-1,0,unknown
11502,unknown,19,jun,93,2,-1,0,unknown
11503,unknown,19,jun,61,1,-1,0,unknown
11504,unknown,19,jun,262,5,-1,0,unknown
11505,unknown,19,jun,246,3,-1,0,unknown
11506,unknown,19,jun,92,3,-1,0,unknown
11507,unknown,19,jun,1318,3,-1,0,unknown
11508,unknown,19,jun,197,10,-1,0,unknown
11509,unknown,19,jun,282,4,-1,0,unknown
11510,unknown,19,jun,922,2,-1,0,unknown
11511,unknown,19,jun,163,3,-1,0,unknown
11512,unknown,19,jun,26,2,-1,0,unknown
11513,unknown,19,jun,63,2,-1,0,unknown
11514,unknown,19,jun,176,2,-1,0,unknown
11515,unknown,19,jun,585,1,-1,0,unknown
11516,unknown,19,jun,605,1,-1,0,unknown
11517,unknown,19,jun,75,2,-1,0,unknown
11518,unknown,19,jun,211,2,-1,0,unknown
11519,unknown,19,jun,2028,1,-1,0,unknown
11520,unknown,19,jun,453,1,-1,0,unknown
11521,unknown,19,jun,498,7,-1,0,unknown
11522,unknown,19,jun,202,2,-1,0,unknown
11523,unknown,19,jun,40,1,-1,0,unknown
11524,unknown,19,jun,184,1,-1,0,unknown
11525,unknown,19,jun,55,1,-1,0,unknown
11526,unknown,19,jun,952,4,-1,0,unknown
11527,unknown,19,jun,207,1,-1,0,unknown
11528,unknown,19,jun,238,1,-1,0,unknown
11529,unknown,19,jun,232,1,-1,0,unknown
11530,unknown,19,jun,76,2,-1,0,unknown
11531,unknown,19,jun,113,2,-1,0,unknown
11532,unknown,19,jun,153,14,-1,0,unknown
11533,unknown,19,jun,525,1,-1,0,unknown
11534,unknown,19,jun,97,1,-1,0,unknown
11535,unknown,19,jun,216,2,-1,0,unknown
11536,unknown,19,jun,142,1,-1,0,unknown
11537,unknown,19,jun,290,1,-1,0,unknown
11538,unknown,19,jun,280,3,-1,0,unknown
11539,unknown,19,jun,559,1,-1,0,unknown
11540,unknown,19,jun,235,1,-1,0,unknown
11541,unknown,19,jun,368,2,-1,0,unknown
11542,unknown,19,jun,74,1,-1,0,unknown
11543,unknown,19,jun,148,5,-1,0,unknown
11544,unknown,19,jun,359,1,-1,0,unknown
11545,unknown,19,jun,64,2,-1,0,unknown
11546,unknown,19,jun,834,1,-1,0,unknown
11547,unknown,19,jun,227,6,-1,0,unknown
11548,unknown,19,jun,16,9,-1,0,unknown
11549,unknown,19,jun,73,1,-1,0,unknown
11550,unknown,19,jun,104,1,-1,0,unknown
11551,unknown,19,jun,69,2,-1,0,unknown
11552,unknown,19,jun,65,1,-1,0,unknown
11553,unknown,19,jun,133,1,-1,0,unknown
11554,unknown,19,jun,288,1,-1,0,unknown
11555,unknown,19,jun,120,1,-1,0,unknown
11556,unknown,19,jun,38,1,-1,0,unknown
11557,unknown,19,jun,43,3,-1,0,unknown
11558,unknown,19,jun,78,1,-1,0,unknown
11559,unknown,19,jun,166,1,-1,0,unknown
11560,unknown,19,jun,30,2,-1,0,unknown
11561,unknown,19,jun,10,16,-1,0,unknown
11562,unknown,19,jun,219,1,-1,0,unknown
11563,unknown,19,jun,164,2,-1,0,unknown
11564,unknown,19,jun,148,1,-1,0,unknown
11565,unknown,19,jun,11,7,-1,0,unknown
11566,unknown,19,jun,130,1,-1,0,unknown
11567,unknown,19,jun,208,2,-1,0,unknown
11568,unknown,19,jun,140,1,-1,0,unknown
11569,unknown,19,jun,559,1,-1,0,unknown
11570,unknown,19,jun,93,4,-1,0,unknown
11571,unknown,19,jun,177,2,-1,0,unknown
11572,unknown,19,jun,405,2,-1,0,unknown
11573,unknown,19,jun,202,1,-1,0,unknown
11574,unknown,19,jun,367,1,-1,0,unknown
11575,unknown,19,jun,60,1,-1,0,unknown
11576,unknown,19,jun,1017,1,-1,0,unknown
11577,unknown,19,jun,385,1,-1,0,unknown
11578,unknown,19,jun,237,5,-1,0,unknown
11579,unknown,19,jun,237,2,-1,0,unknown
11580,unknown,19,jun,202,1,-1,0,unknown
11581,unknown,19,jun,153,1,-1,0,unknown
11582,unknown,19,jun,172,1,-1,0,unknown
11583,unknown,19,jun,163,2,-1,0,unknown
11584,unknown,19,jun,97,2,-1,0,unknown
11585,unknown,19,jun,399,1,-1,0,unknown
11586,unknown,19,jun,60,1,-1,0,unknown
11587,unknown,19,jun,431,1,-1,0,unknown
11588,unknown,19,jun,184,3,-1,0,unknown
11589,unknown,19,jun,155,1,-1,0,unknown
11590,unknown,19,jun,500,2,-1,0,unknown
11591,unknown,19,jun,27,2,-1,0,unknown
11592,unknown,19,jun,167,2,-1,0,unknown
11593,unknown,19,jun,89,2,-1,0,unknown
11594,unknown,19,jun,92,2,-1,0,unknown
11595,unknown,19,jun,296,1,-1,0,unknown
11596,unknown,19,jun,779,1,-1,0,unknown
11597,unknown,19,jun,563,2,-1,0,unknown
11598,unknown,19,jun,146,2,-1,0,unknown
11599,unknown,19,jun,92,2,-1,0,unknown
11600,unknown,19,jun,149,3,-1,0,unknown
11601,unknown,19,jun,354,7,-1,0,unknown
11602,unknown,19,jun,121,3,-1,0,unknown
11603,unknown,19,jun,106,2,-1,0,unknown
11604,unknown,19,jun,136,2,-1,0,unknown
11605,unknown,19,jun,297,1,-1,0,unknown
11606,unknown,19,jun,549,1,-1,0,unknown
11607,unknown,19,jun,267,2,-1,0,unknown
11608,unknown,19,jun,461,2,-1,0,unknown
11609,unknown,19,jun,117,2,-1,0,unknown
11610,unknown,19,jun,409,1,-1,0,unknown
11611,unknown,19,jun,104,1,-1,0,unknown
11612,unknown,19,jun,15,10,-1,0,unknown
11613,unknown,19,jun,216,2,-1,0,unknown
11614,unknown,19,jun,211,1,-1,0,unknown
11615,unknown,19,jun,71,2,-1,0,unknown
11616,unknown,19,jun,18,18,-1,0,unknown
11617,unknown,19,jun,651,3,-1,0,unknown
11618,unknown,19,jun,835,3,-1,0,unknown
11619,unknown,19,jun,683,3,-1,0,unknown
11620,unknown,19,jun,258,2,-1,0,unknown
11621,unknown,19,jun,156,6,-1,0,unknown
11622,unknown,19,jun,1012,1,-1,0,unknown
11623,unknown,19,jun,130,25,-1,0,unknown
11624,unknown,19,jun,311,2,-1,0,unknown
11625,unknown,19,jun,129,2,-1,0,unknown
11626,unknown,19,jun,91,2,-1,0,unknown
11627,unknown,19,jun,49,2,-1,0,unknown
11628,unknown,19,jun,112,4,-1,0,unknown
11629,unknown,19,jun,36,7,-1,0,unknown
11630,unknown,19,jun,112,4,-1,0,unknown
11631,unknown,19,jun,958,7,-1,0,unknown
11632,unknown,19,jun,9,28,-1,0,unknown
11633,unknown,19,jun,26,5,-1,0,unknown
11634,unknown,19,jun,91,2,-1,0,unknown
11635,unknown,19,jun,2635,3,-1,0,unknown
11636,unknown,19,jun,138,9,-1,0,unknown
11637,unknown,19,jun,318,2,-1,0,unknown
11638,unknown,19,jun,326,5,-1,0,unknown
11639,unknown,19,jun,1403,3,-1,0,unknown
11640,unknown,20,jun,179,2,-1,0,unknown
11641,unknown,20,jun,262,2,-1,0,unknown
11642,unknown,20,jun,168,2,-1,0,unknown
11643,unknown,20,jun,193,11,-1,0,unknown
11644,unknown,20,jun,333,15,-1,0,unknown
11645,unknown,20,jun,50,2,-1,0,unknown
11646,unknown,20,jun,241,2,-1,0,unknown
11647,unknown,20,jun,187,2,-1,0,unknown
11648,unknown,20,jun,37,2,-1,0,unknown
11649,unknown,20,jun,189,2,-1,0,unknown
11650,unknown,20,jun,89,3,-1,0,unknown
11651,unknown,20,jun,101,2,-1,0,unknown
11652,unknown,20,jun,112,3,-1,0,unknown
11653,unknown,20,jun,489,2,-1,0,unknown
11654,unknown,20,jun,141,4,-1,0,unknown
11655,unknown,20,jun,60,3,-1,0,unknown
11656,unknown,20,jun,241,2,-1,0,unknown
11657,unknown,20,jun,35,2,-1,0,unknown
11658,unknown,20,jun,61,2,-1,0,unknown
11659,unknown,20,jun,135,5,-1,0,unknown
11660,unknown,20,jun,24,11,-1,0,unknown
11661,unknown,20,jun,62,4,-1,0,unknown
11662,unknown,20,jun,43,8,-1,0,unknown
11663,unknown,20,jun,75,2,-1,0,unknown
11664,unknown,20,jun,177,3,-1,0,unknown
11665,unknown,20,jun,170,2,-1,0,unknown
11666,unknown,20,jun,42,5,-1,0,unknown
11667,unknown,20,jun,22,12,-1,0,unknown
11668,unknown,20,jun,99,5,-1,0,unknown
11669,unknown,20,jun,139,2,-1,0,unknown
11670,unknown,20,jun,198,10,-1,0,unknown
11671,unknown,20,jun,394,2,-1,0,unknown
11672,unknown,20,jun,42,7,-1,0,unknown
11673,unknown,20,jun,41,28,-1,0,unknown
11674,unknown,20,jun,98,2,-1,0,unknown
11675,unknown,20,jun,114,3,-1,0,unknown
11676,unknown,20,jun,191,3,-1,0,unknown
11677,unknown,20,jun,167,2,-1,0,unknown
11678,unknown,20,jun,238,3,-1,0,unknown
11679,unknown,20,jun,73,3,-1,0,unknown
11680,unknown,20,jun,206,2,-1,0,unknown
11681,unknown,20,jun,179,10,-1,0,unknown
11682,unknown,20,jun,44,3,-1,0,unknown
11683,unknown,20,jun,129,5,-1,0,unknown
11684,unknown,20,jun,160,3,-1,0,unknown
11685,unknown,20,jun,156,3,-1,0,unknown
11686,unknown,20,jun,512,2,-1,0,unknown
11687,unknown,20,jun,50,5,-1,0,unknown
11688,unknown,20,jun,65,2,-1,0,unknown
11689,unknown,20,jun,23,24,-1,0,unknown
11690,unknown,20,jun,106,3,-1,0,unknown
11691,unknown,20,jun,256,3,-1,0,unknown
11692,unknown,20,jun,633,2,-1,0,unknown
11693,unknown,20,jun,109,3,-1,0,unknown
11694,unknown,20,jun,99,2,-1,0,unknown
11695,unknown,20,jun,246,3,-1,0,unknown
11696,unknown,20,jun,59,3,-1,0,unknown
11697,unknown,20,jun,241,4,-1,0,unknown
11698,unknown,20,jun,63,1,-1,0,unknown
11699,unknown,20,jun,54,1,-1,0,unknown
11700,unknown,20,jun,87,1,-1,0,unknown
11701,unknown,20,jun,122,1,-1,0,unknown
11702,unknown,20,jun,973,2,-1,0,unknown
11703,unknown,20,jun,166,1,-1,0,unknown
11704,unknown,20,jun,375,1,-1,0,unknown
11705,unknown,20,jun,111,1,-1,0,unknown
11706,unknown,20,jun,35,1,-1,0,unknown
11707,unknown,20,jun,32,1,-1,0,unknown
11708,unknown,20,jun,625,1,-1,0,unknown
11709,unknown,20,jun,124,1,-1,0,unknown
11710,unknown,20,jun,157,2,-1,0,unknown
11711,unknown,20,jun,1467,4,-1,0,unknown
11712,unknown,20,jun,134,1,-1,0,unknown
11713,unknown,20,jun,325,1,-1,0,unknown
11714,unknown,20,jun,114,2,-1,0,unknown
11715,unknown,20,jun,792,1,-1,0,unknown
11716,unknown,20,jun,155,1,-1,0,unknown
11717,unknown,20,jun,170,1,-1,0,unknown
11718,unknown,20,jun,124,1,-1,0,unknown
11719,unknown,20,jun,111,1,-1,0,unknown
11720,unknown,20,jun,25,11,-1,0,unknown
11721,unknown,20,jun,40,1,-1,0,unknown
11722,unknown,20,jun,25,3,-1,0,unknown
11723,unknown,20,jun,368,2,-1,0,unknown
11724,unknown,20,jun,95,1,-1,0,unknown
11725,unknown,20,jun,911,1,-1,0,unknown
11726,unknown,20,jun,253,1,-1,0,unknown
11727,unknown,20,jun,41,1,-1,0,unknown
11728,unknown,20,jun,398,2,-1,0,unknown
11729,unknown,20,jun,361,1,-1,0,unknown
11730,unknown,20,jun,97,1,-1,0,unknown
11731,unknown,20,jun,20,19,-1,0,unknown
11732,unknown,20,jun,493,1,-1,0,unknown
11733,unknown,20,jun,65,1,-1,0,unknown
11734,unknown,20,jun,48,1,-1,0,unknown
11735,unknown,20,jun,382,7,-1,0,unknown
11736,unknown,20,jun,606,1,-1,0,unknown
11737,unknown,20,jun,74,1,-1,0,unknown
11738,unknown,20,jun,153,1,-1,0,unknown
11739,unknown,20,jun,1210,1,-1,0,unknown
11740,unknown,20,jun,716,2,-1,0,unknown
11741,unknown,20,jun,158,1,-1,0,unknown
11742,unknown,20,jun,158,1,-1,0,unknown
11743,unknown,20,jun,139,1,-1,0,unknown
11744,unknown,20,jun,313,1,-1,0,unknown
11745,unknown,20,jun,273,1,-1,0,unknown
11746,unknown,20,jun,218,1,-1,0,unknown
11747,unknown,20,jun,45,1,-1,0,unknown
11748,unknown,20,jun,115,4,-1,0,unknown
11749,unknown,20,jun,280,1,-1,0,unknown
11750,unknown,20,jun,109,1,-1,0,unknown
11751,unknown,20,jun,179,3,-1,0,unknown
11752,unknown,20,jun,115,1,-1,0,unknown
11753,unknown,20,jun,25,1,-1,0,unknown
11754,unknown,20,jun,75,4,-1,0,unknown
11755,unknown,20,jun,235,1,-1,0,unknown
11756,unknown,20,jun,95,2,-1,0,unknown
11757,unknown,20,jun,231,1,-1,0,unknown
11758,unknown,20,jun,132,1,-1,0,unknown
11759,unknown,20,jun,39,2,-1,0,unknown
11760,unknown,20,jun,31,1,-1,0,unknown
11761,unknown,20,jun,64,1,-1,0,unknown
11762,unknown,20,jun,838,1,-1,0,unknown
11763,unknown,20,jun,1276,1,-1,0,unknown
11764,unknown,20,jun,27,1,-1,0,unknown
11765,unknown,20,jun,100,1,-1,0,unknown
11766,unknown,20,jun,188,1,-1,0,unknown
11767,unknown,20,jun,141,1,-1,0,unknown
11768,unknown,20,jun,144,1,-1,0,unknown
11769,unknown,20,jun,329,1,-1,0,unknown
11770,unknown,20,jun,45,4,-1,0,unknown
11771,unknown,20,jun,98,1,-1,0,unknown
11772,unknown,20,jun,75,3,-1,0,unknown
11773,unknown,20,jun,258,18,-1,0,unknown
11774,unknown,20,jun,402,22,-1,0,unknown
11775,unknown,20,jun,60,1,-1,0,unknown
11776,unknown,20,jun,269,1,-1,0,unknown
11777,unknown,20,jun,422,1,-1,0,unknown
11778,unknown,20,jun,307,3,-1,0,unknown
11779,unknown,20,jun,485,3,-1,0,unknown
11780,unknown,20,jun,174,1,-1,0,unknown
11781,unknown,20,jun,1098,2,-1,0,unknown
11782,unknown,20,jun,115,20,-1,0,unknown
11783,unknown,20,jun,351,2,-1,0,unknown
11784,unknown,20,jun,62,2,-1,0,unknown
11785,unknown,20,jun,89,1,-1,0,unknown
11786,unknown,20,jun,113,1,-1,0,unknown
11787,unknown,20,jun,471,2,-1,0,unknown
11788,unknown,20,jun,256,8,-1,0,unknown
11789,unknown,20,jun,108,1,-1,0,unknown
11790,unknown,20,jun,48,1,-1,0,unknown
11791,unknown,20,jun,76,12,-1,0,unknown
11792,unknown,20,jun,35,1,-1,0,unknown
11793,unknown,20,jun,375,2,-1,0,unknown
11794,unknown,20,jun,63,1,-1,0,unknown
11795,unknown,20,jun,166,1,-1,0,unknown
11796,unknown,20,jun,342,1,-1,0,unknown
11797,unknown,20,jun,332,3,-1,0,unknown
11798,unknown,20,jun,123,3,-1,0,unknown
11799,unknown,20,jun,160,1,-1,0,unknown
11800,unknown,20,jun,326,1,-1,0,unknown
11801,unknown,20,jun,245,3,-1,0,unknown
11802,unknown,20,jun,82,1,-1,0,unknown
11803,unknown,20,jun,37,4,-1,0,unknown
11804,unknown,20,jun,95,1,-1,0,unknown
11805,unknown,20,jun,374,1,-1,0,unknown
11806,unknown,20,jun,172,2,-1,0,unknown
11807,unknown,20,jun,74,2,-1,0,unknown
11808,unknown,20,jun,174,3,-1,0,unknown
11809,unknown,20,jun,111,3,-1,0,unknown
11810,unknown,20,jun,109,2,-1,0,unknown
11811,unknown,20,jun,205,4,-1,0,unknown
11812,unknown,20,jun,471,2,-1,0,unknown
11813,unknown,20,jun,168,2,-1,0,unknown
11814,unknown,20,jun,211,2,-1,0,unknown
11815,unknown,20,jun,105,2,-1,0,unknown
11816,unknown,20,jun,534,3,-1,0,unknown
11817,unknown,20,jun,250,3,-1,0,unknown
11818,unknown,20,jun,343,2,-1,0,unknown
11819,unknown,20,jun,1573,5,-1,0,unknown
11820,unknown,20,jun,181,2,-1,0,unknown
11821,unknown,20,jun,89,3,-1,0,unknown
11822,unknown,20,jun,232,2,-1,0,unknown
11823,unknown,20,jun,126,5,-1,0,unknown
11824,unknown,20,jun,237,3,-1,0,unknown
11825,unknown,20,jun,208,2,-1,0,unknown
11826,unknown,20,jun,583,3,-1,0,unknown
11827,unknown,20,jun,174,3,-1,0,unknown
11828,unknown,20,jun,26,17,-1,0,unknown
11829,unknown,20,jun,109,3,-1,0,unknown
11830,unknown,20,jun,288,2,-1,0,unknown
11831,unknown,20,jun,14,6,-1,0,unknown
11832,unknown,20,jun,73,4,-1,0,unknown
11833,unknown,20,jun,11,2,-1,0,unknown
11834,unknown,20,jun,415,4,-1,0,unknown
11835,unknown,20,jun,44,2,-1,0,unknown
11836,unknown,20,jun,23,2,-1,0,unknown
11837,unknown,20,jun,446,1,-1,0,unknown
11838,unknown,20,jun,1663,1,-1,0,unknown
11839,unknown,20,jun,459,3,-1,0,unknown
11840,unknown,20,jun,398,1,-1,0,unknown
11841,unknown,20,jun,560,3,-1,0,unknown
11842,unknown,20,jun,64,1,-1,0,unknown
11843,unknown,20,jun,248,1,-1,0,unknown
11844,unknown,20,jun,124,2,-1,0,unknown
11845,unknown,20,jun,154,8,-1,0,unknown
11846,unknown,20,jun,1617,1,-1,0,unknown
11847,unknown,20,jun,421,6,-1,0,unknown
11848,unknown,20,jun,591,6,-1,0,unknown
11849,unknown,20,jun,454,6,-1,0,unknown
11850,unknown,20,jun,165,2,-1,0,unknown
11851,unknown,20,jun,161,7,-1,0,unknown
11852,unknown,20,jun,618,4,-1,0,unknown
11853,unknown,20,jun,70,2,-1,0,unknown
11854,unknown,20,jun,120,4,-1,0,unknown
11855,unknown,20,jun,1478,5,-1,0,unknown
11856,unknown,20,jun,14,25,-1,0,unknown
11857,unknown,20,jun,110,4,-1,0,unknown
11858,unknown,20,jun,40,4,-1,0,unknown
11859,unknown,20,jun,570,2,-1,0,unknown
11860,unknown,20,jun,519,2,-1,0,unknown
11861,unknown,20,jun,14,6,-1,0,unknown
11862,unknown,20,jun,67,2,-1,0,unknown
11863,unknown,20,jun,825,2,-1,0,unknown
11864,unknown,20,jun,263,3,-1,0,unknown
11865,unknown,20,jun,1422,10,-1,0,unknown
11866,unknown,20,jun,554,2,-1,0,unknown
11867,unknown,20,jun,55,12,-1,0,unknown
11868,unknown,20,jun,172,3,-1,0,unknown
11869,unknown,20,jun,553,2,-1,0,unknown
11870,unknown,20,jun,15,3,-1,0,unknown
11871,unknown,20,jun,81,10,-1,0,unknown
11872,unknown,20,jun,150,2,-1,0,unknown
11873,unknown,20,jun,125,2,-1,0,unknown
11874,unknown,20,jun,324,5,-1,0,unknown
11875,unknown,20,jun,93,2,-1,0,unknown
11876,unknown,20,jun,156,7,-1,0,unknown
11877,unknown,20,jun,62,3,-1,0,unknown
11878,unknown,20,jun,19,4,-1,0,unknown
11879,unknown,20,jun,47,2,-1,0,unknown
11880,unknown,20,jun,16,20,-1,0,unknown
11881,unknown,20,jun,134,2,-1,0,unknown
11882,unknown,20,jun,176,4,-1,0,unknown
11883,unknown,20,jun,238,3,-1,0,unknown
11884,unknown,20,jun,17,37,-1,0,unknown
11885,unknown,20,jun,9,18,-1,0,unknown
11886,unknown,20,jun,25,3,-1,0,unknown
11887,unknown,20,jun,14,9,-1,0,unknown
11888,unknown,20,jun,365,3,-1,0,unknown
11889,unknown,20,jun,210,2,-1,0,unknown
11890,unknown,20,jun,11,5,-1,0,unknown
11891,unknown,20,jun,12,14,-1,0,unknown
11892,unknown,20,jun,8,10,-1,0,unknown
11893,unknown,20,jun,55,4,-1,0,unknown
11894,unknown,20,jun,9,3,-1,0,unknown
11895,unknown,20,jun,13,5,-1,0,unknown
11896,unknown,20,jun,28,4,-1,0,unknown
11897,unknown,20,jun,17,5,-1,0,unknown
11898,unknown,20,jun,47,4,-1,0,unknown
11899,unknown,20,jun,8,12,-1,0,unknown
11900,unknown,20,jun,11,3,-1,0,unknown
11901,unknown,20,jun,158,5,-1,0,unknown
11902,unknown,20,jun,81,2,-1,0,unknown
11903,unknown,20,jun,14,13,-1,0,unknown
11904,unknown,20,jun,25,26,-1,0,unknown
11905,unknown,20,jun,9,2,-1,0,unknown
11906,unknown,20,jun,154,2,-1,0,unknown
11907,unknown,20,jun,34,3,-1,0,unknown
11908,unknown,20,jun,264,6,-1,0,unknown
11909,unknown,20,jun,29,3,-1,0,unknown
11910,unknown,20,jun,20,18,-1,0,unknown
11911,unknown,20,jun,85,2,-1,0,unknown
11912,unknown,20,jun,13,11,-1,0,unknown
11913,unknown,20,jun,152,3,-1,0,unknown
11914,unknown,20,jun,10,58,-1,0,unknown
11915,unknown,20,jun,29,2,-1,0,unknown
11916,unknown,20,jun,34,4,-1,0,unknown
11917,unknown,20,jun,34,29,-1,0,unknown
11918,unknown,20,jun,17,14,-1,0,unknown
11919,unknown,20,jun,14,22,-1,0,unknown
11920,unknown,20,jun,29,3,-1,0,unknown
11921,unknown,20,jun,32,27,-1,0,unknown
11922,unknown,20,jun,134,10,-1,0,unknown
11923,unknown,20,jun,92,3,-1,0,unknown
11924,unknown,20,jun,26,3,-1,0,unknown
11925,unknown,20,jun,27,25,-1,0,unknown
11926,unknown,20,jun,14,13,-1,0,unknown
11927,unknown,20,jun,15,3,-1,0,unknown
11928,unknown,20,jun,17,6,-1,0,unknown
11929,unknown,20,jun,268,3,-1,0,unknown
11930,unknown,20,jun,587,2,-1,0,unknown
11931,unknown,20,jun,10,11,-1,0,unknown
11932,unknown,20,jun,652,3,-1,0,unknown
11933,unknown,20,jun,16,18,-1,0,unknown
11934,unknown,20,jun,9,13,-1,0,unknown
11935,unknown,20,jun,435,4,-1,0,unknown
11936,unknown,20,jun,10,2,-1,0,unknown
11937,unknown,20,jun,123,4,-1,0,unknown
11938,unknown,20,jun,12,4,-1,0,unknown
11939,unknown,20,jun,179,21,-1,0,unknown
11940,unknown,20,jun,13,3,-1,0,unknown
11941,unknown,20,jun,14,2,-1,0,unknown
11942,unknown,20,jun,524,4,-1,0,unknown
11943,unknown,20,jun,74,5,-1,0,unknown
11944,unknown,20,jun,23,3,-1,0,unknown
11945,unknown,20,jun,850,3,-1,0,unknown
11946,unknown,20,jun,126,14,-1,0,unknown
11947,unknown,20,jun,15,3,-1,0,unknown
11948,unknown,20,jun,7,20,-1,0,unknown
11949,unknown,20,jun,49,4,-1,0,unknown
11950,unknown,20,jun,40,3,-1,0,unknown
11951,unknown,20,jun,15,12,-1,0,unknown
11952,unknown,20,jun,4,20,-1,0,unknown
11953,unknown,20,jun,32,9,-1,0,unknown
11954,unknown,20,jun,8,9,-1,0,unknown
11955,unknown,20,jun,12,5,-1,0,unknown
11956,unknown,20,jun,77,5,-1,0,unknown
11957,unknown,20,jun,130,4,-1,0,unknown
11958,unknown,20,jun,9,5,-1,0,unknown
11959,unknown,20,jun,17,10,-1,0,unknown
11960,unknown,20,jun,8,12,-1,0,unknown
11961,unknown,20,jun,18,22,-1,0,unknown
11962,unknown,20,jun,7,12,-1,0,unknown
11963,unknown,20,jun,11,3,-1,0,unknown
11964,unknown,20,jun,16,8,-1,0,unknown
11965,unknown,20,jun,26,11,-1,0,unknown
11966,unknown,20,jun,39,8,-1,0,unknown
11967,unknown,20,jun,16,3,-1,0,unknown
11968,unknown,20,jun,11,21,-1,0,unknown
11969,unknown,20,jun,285,4,-1,0,unknown
11970,unknown,20,jun,37,3,-1,0,unknown
11971,unknown,20,jun,205,5,-1,0,unknown
11972,unknown,20,jun,408,5,-1,0,unknown
11973,unknown,20,jun,27,16,-1,0,unknown
11974,unknown,20,jun,312,2,-1,0,unknown
11975,unknown,20,jun,46,10,-1,0,unknown
11976,unknown,20,jun,18,7,-1,0,unknown
11977,unknown,20,jun,1023,3,-1,0,unknown
11978,unknown,20,jun,253,2,-1,0,unknown
11979,unknown,20,jun,10,14,-1,0,unknown
11980,unknown,20,jun,51,19,-1,0,unknown
11981,unknown,20,jun,407,2,-1,0,unknown
11982,unknown,20,jun,10,3,-1,0,unknown
11983,unknown,20,jun,9,2,-1,0,unknown
11984,unknown,20,jun,110,3,-1,0,unknown
11985,unknown,20,jun,808,2,-1,0,unknown
11986,unknown,20,jun,11,2,-1,0,unknown
11987,unknown,20,jun,176,4,-1,0,unknown
11988,unknown,20,jun,152,3,-1,0,unknown
11989,unknown,20,jun,44,4,-1,0,unknown
11990,unknown,20,jun,13,3,-1,0,unknown
11991,unknown,20,jun,13,5,-1,0,unknown
11992,unknown,20,jun,79,4,-1,0,unknown
11993,unknown,20,jun,212,8,-1,0,unknown
11994,unknown,20,jun,78,4,-1,0,unknown
11995,unknown,20,jun,87,2,-1,0,unknown
11996,unknown,20,jun,585,2,-1,0,unknown
11997,unknown,20,jun,8,3,-1,0,unknown
11998,unknown,20,jun,10,29,-1,0,unknown
11999,unknown,20,jun,65,2,-1,0,unknown
12000,unknown,20,jun,129,3,-1,0,unknown
12001,unknown,20,jun,14,6,-1,0,unknown
12002,unknown,20,jun,9,14,-1,0,unknown
12003,unknown,20,jun,12,3,-1,0,unknown
12004,unknown,20,jun,100,4,-1,0,unknown
12005,unknown,20,jun,143,3,-1,0,unknown
12006,unknown,20,jun,9,5,-1,0,unknown
12007,unknown,20,jun,228,5,-1,0,unknown
12008,unknown,20,jun,86,2,-1,0,unknown
12009,unknown,20,jun,693,3,-1,0,unknown
12010,unknown,20,jun,8,10,-1,0,unknown
12011,unknown,20,jun,258,2,-1,0,unknown
12012,unknown,20,jun,16,6,-1,0,unknown
12013,unknown,20,jun,27,3,-1,0,unknown
12014,unknown,20,jun,12,14,-1,0,unknown
12015,unknown,20,jun,17,5,-1,0,unknown
12016,unknown,20,jun,11,15,-1,0,unknown
12017,unknown,20,jun,22,12,-1,0,unknown
12018,unknown,20,jun,155,2,-1,0,unknown
12019,unknown,20,jun,81,3,-1,0,unknown
12020,unknown,20,jun,116,3,-1,0,unknown
12021,unknown,20,jun,136,3,-1,0,unknown
12022,unknown,20,jun,8,7,-1,0,unknown
12023,unknown,20,jun,14,3,-1,0,unknown
12024,unknown,20,jun,10,4,-1,0,unknown
12025,unknown,20,jun,10,8,-1,0,unknown
12026,unknown,20,jun,157,3,-1,0,unknown
12027,unknown,20,jun,11,5,-1,0,unknown
12028,unknown,20,jun,84,4,-1,0,unknown
12029,unknown,20,jun,10,4,-1,0,unknown
12030,unknown,20,jun,199,4,-1,0,unknown
12031,unknown,20,jun,17,3,-1,0,unknown
12032,unknown,20,jun,804,12,-1,0,unknown
12033,unknown,20,jun,28,8,-1,0,unknown
12034,unknown,20,jun,241,3,-1,0,unknown
12035,unknown,20,jun,27,7,-1,0,unknown
12036,unknown,20,jun,11,11,-1,0,unknown
12037,unknown,20,jun,23,2,-1,0,unknown
12038,unknown,20,jun,43,2,-1,0,unknown
12039,unknown,20,jun,8,12,-1,0,unknown
12040,unknown,20,jun,372,3,-1,0,unknown
12041,unknown,20,jun,200,7,-1,0,unknown
12042,unknown,20,jun,9,13,-1,0,unknown
12043,unknown,20,jun,29,27,-1,0,unknown
12044,unknown,20,jun,73,3,-1,0,unknown
12045,unknown,20,jun,8,31,-1,0,unknown
12046,unknown,20,jun,78,7,-1,0,unknown
12047,unknown,20,jun,14,6,-1,0,unknown
12048,unknown,20,jun,590,4,-1,0,unknown
12049,unknown,20,jun,100,3,-1,0,unknown
12050,unknown,20,jun,13,10,-1,0,unknown
12051,unknown,20,jun,40,2,-1,0,unknown
12052,unknown,20,jun,18,6,-1,0,unknown
12053,unknown,20,jun,16,4,-1,0,unknown
12054,unknown,20,jun,74,3,-1,0,unknown
12055,unknown,20,jun,196,4,-1,0,unknown
12056,unknown,20,jun,546,10,-1,0,unknown
12057,unknown,20,jun,34,3,-1,0,unknown
12058,unknown,20,jun,17,10,-1,0,unknown
12059,unknown,20,jun,27,3,-1,0,unknown
12060,unknown,20,jun,23,4,-1,0,unknown
12061,unknown,20,jun,102,3,-1,0,unknown
12062,unknown,20,jun,14,12,-1,0,unknown
12063,unknown,20,jun,160,2,-1,0,unknown
12064,unknown,20,jun,20,7,-1,0,unknown
12065,unknown,20,jun,22,4,-1,0,unknown
12066,unknown,20,jun,287,9,-1,0,unknown
12067,unknown,20,jun,9,5,-1,0,unknown
12068,unknown,20,jun,26,6,-1,0,unknown
12069,unknown,20,jun,12,3,-1,0,unknown
12070,unknown,20,jun,13,3,-1,0,unknown
12071,unknown,20,jun,48,10,-1,0,unknown
12072,unknown,20,jun,26,29,-1,0,unknown
12073,unknown,20,jun,22,3,-1,0,unknown
12074,unknown,20,jun,13,4,-1,0,unknown
12075,unknown,20,jun,9,6,-1,0,unknown
12076,unknown,20,jun,13,14,-1,0,unknown
12077,unknown,20,jun,55,2,-1,0,unknown
12078,unknown,20,jun,52,2,-1,0,unknown
12079,unknown,20,jun,10,13,-1,0,unknown
12080,unknown,20,jun,14,8,-1,0,unknown
12081,unknown,20,jun,17,5,-1,0,unknown
12082,unknown,20,jun,20,3,-1,0,unknown
12083,unknown,20,jun,41,7,-1,0,unknown
12084,unknown,20,jun,13,7,-1,0,unknown
12085,unknown,20,jun,8,8,-1,0,unknown
12086,unknown,20,jun,7,12,-1,0,unknown
12087,unknown,20,jun,92,3,-1,0,unknown
12088,unknown,20,jun,180,6,-1,0,unknown
12089,unknown,20,jun,1094,3,-1,0,unknown
12090,unknown,20,jun,267,2,-1,0,unknown
12091,unknown,20,jun,160,3,-1,0,unknown
12092,unknown,20,jun,101,3,-1,0,unknown
12093,unknown,20,jun,75,3,-1,0,unknown
12094,unknown,20,jun,8,5,-1,0,unknown
12095,unknown,20,jun,23,13,-1,0,unknown
12096,unknown,20,jun,78,2,-1,0,unknown
12097,unknown,20,jun,13,10,-1,0,unknown
12098,unknown,20,jun,7,3,-1,0,unknown
12099,unknown,20,jun,13,5,-1,0,unknown
12100,unknown,20,jun,31,10,-1,0,unknown
12101,unknown,20,jun,36,5,-1,0,unknown
12102,unknown,20,jun,294,2,-1,0,unknown
12103,unknown,20,jun,55,5,-1,0,unknown
12104,unknown,20,jun,496,3,-1,0,unknown
12105,unknown,20,jun,15,7,-1,0,unknown
12106,unknown,20,jun,87,3,-1,0,unknown
12107,unknown,20,jun,17,2,-1,0,unknown
12108,unknown,20,jun,30,4,-1,0,unknown
12109,unknown,20,jun,39,5,-1,0,unknown
12110,unknown,20,jun,72,3,-1,0,unknown
12111,unknown,20,jun,61,3,-1,0,unknown
12112,unknown,20,jun,63,15,-1,0,unknown
12113,unknown,20,jun,25,8,-1,0,unknown
12114,unknown,20,jun,42,7,-1,0,unknown
12115,unknown,20,jun,76,4,-1,0,unknown
12116,unknown,20,jun,23,12,-1,0,unknown
12117,unknown,20,jun,252,3,-1,0,unknown
12118,unknown,20,jun,24,7,-1,0,unknown
12119,unknown,20,jun,152,3,-1,0,unknown
12120,unknown,20,jun,33,6,-1,0,unknown
12121,unknown,20,jun,31,6,-1,0,unknown
12122,unknown,20,jun,20,2,-1,0,unknown
12123,unknown,20,jun,14,4,-1,0,unknown
12124,unknown,20,jun,19,6,-1,0,unknown
12125,unknown,20,jun,21,18,-1,0,unknown
12126,unknown,20,jun,314,2,-1,0,unknown
12127,unknown,20,jun,39,3,-1,0,unknown
12128,unknown,20,jun,37,3,-1,0,unknown
12129,unknown,20,jun,34,3,-1,0,unknown
12130,unknown,20,jun,250,3,-1,0,unknown
12131,unknown,20,jun,221,3,-1,0,unknown
12132,unknown,20,jun,216,2,-1,0,unknown
12133,unknown,20,jun,21,3,-1,0,unknown
12134,unknown,20,jun,30,6,-1,0,unknown
12135,unknown,20,jun,14,3,-1,0,unknown
12136,unknown,20,jun,94,7,-1,0,unknown
12137,unknown,20,jun,709,9,-1,0,unknown
12138,unknown,20,jun,8,6,-1,0,unknown
12139,unknown,20,jun,43,2,-1,0,unknown
12140,unknown,20,jun,111,3,-1,0,unknown
12141,unknown,20,jun,8,10,-1,0,unknown
12142,unknown,20,jun,38,5,-1,0,unknown
12143,unknown,20,jun,19,2,-1,0,unknown
12144,unknown,20,jun,274,9,-1,0,unknown
12145,unknown,20,jun,1036,5,-1,0,unknown
12146,unknown,20,jun,16,8,-1,0,unknown
12147,unknown,20,jun,247,7,-1,0,unknown
12148,unknown,20,jun,27,5,-1,0,unknown
12149,unknown,20,jun,112,4,-1,0,unknown
12150,unknown,20,jun,23,7,-1,0,unknown
12151,unknown,20,jun,12,3,-1,0,unknown
12152,unknown,20,jun,375,5,-1,0,unknown
12153,unknown,20,jun,10,4,-1,0,unknown
12154,unknown,20,jun,21,3,-1,0,unknown
12155,unknown,20,jun,20,33,-1,0,unknown
12156,unknown,20,jun,14,3,-1,0,unknown
12157,unknown,20,jun,11,12,-1,0,unknown
12158,unknown,20,jun,9,7,-1,0,unknown
12159,unknown,20,jun,1409,2,-1,0,unknown
12160,unknown,20,jun,21,3,-1,0,unknown
12161,unknown,20,jun,7,3,-1,0,unknown
12162,unknown,20,jun,18,5,-1,0,unknown
12163,unknown,20,jun,10,6,-1,0,unknown
12164,unknown,20,jun,13,6,-1,0,unknown
12165,unknown,20,jun,61,2,-1,0,unknown
12166,unknown,20,jun,6,17,-1,0,unknown
12167,unknown,20,jun,24,5,-1,0,unknown
12168,unknown,20,jun,20,5,-1,0,unknown
12169,unknown,20,jun,178,3,-1,0,unknown
12170,unknown,20,jun,90,25,-1,0,unknown
12171,unknown,20,jun,19,7,-1,0,unknown
12172,unknown,20,jun,11,11,-1,0,unknown
12173,unknown,20,jun,114,10,-1,0,unknown
12174,unknown,20,jun,11,7,-1,0,unknown
12175,unknown,20,jun,24,4,-1,0,unknown
12176,unknown,20,jun,44,5,-1,0,unknown
12177,unknown,20,jun,714,4,-1,0,unknown
12178,unknown,20,jun,10,19,-1,0,unknown
12179,unknown,20,jun,185,4,-1,0,unknown
12180,unknown,20,jun,18,11,-1,0,unknown
12181,unknown,20,jun,197,6,-1,0,unknown
12182,unknown,20,jun,26,4,-1,0,unknown
12183,unknown,20,jun,61,4,-1,0,unknown
12184,unknown,20,jun,8,3,-1,0,unknown
12185,unknown,20,jun,15,26,-1,0,unknown
12186,unknown,20,jun,20,3,-1,0,unknown
12187,unknown,20,jun,39,4,-1,0,unknown
12188,unknown,20,jun,28,4,-1,0,unknown
12189,unknown,20,jun,13,12,-1,0,unknown
12190,unknown,20,jun,7,2,-1,0,unknown
12191,unknown,20,jun,18,9,-1,0,unknown
12192,unknown,20,jun,55,7,-1,0,unknown
12193,unknown,20,jun,13,4,-1,0,unknown
12194,unknown,20,jun,66,6,-1,0,unknown
12195,unknown,20,jun,35,7,-1,0,unknown
12196,unknown,20,jun,22,16,-1,0,unknown
12197,unknown,20,jun,447,2,-1,0,unknown
12198,unknown,20,jun,83,3,-1,0,unknown
12199,unknown,20,jun,11,4,-1,0,unknown
12200,unknown,20,jun,492,3,-1,0,unknown
12201,unknown,20,jun,36,4,-1,0,unknown
12202,unknown,20,jun,18,2,-1,0,unknown
12203,unknown,20,jun,34,8,-1,0,unknown
12204,unknown,20,jun,11,18,-1,0,unknown
12205,unknown,20,jun,11,20,-1,0,unknown
12206,unknown,20,jun,9,16,-1,0,unknown
12207,unknown,20,jun,6,3,-1,0,unknown
12208,unknown,20,jun,10,8,-1,0,unknown
12209,unknown,20,jun,44,3,-1,0,unknown
12210,unknown,20,jun,9,19,-1,0,unknown
12211,unknown,20,jun,11,6,-1,0,unknown
12212,unknown,20,jun,70,5,-1,0,unknown
12213,unknown,20,jun,12,24,-1,0,unknown
12214,unknown,20,jun,10,23,-1,0,unknown
12215,unknown,20,jun,86,4,-1,0,unknown
12216,unknown,20,jun,46,4,-1,0,unknown
12217,unknown,20,jun,32,5,-1,0,unknown
12218,unknown,20,jun,32,4,-1,0,unknown
12219,unknown,20,jun,36,4,-1,0,unknown
12220,unknown,20,jun,124,4,-1,0,unknown
12221,unknown,20,jun,15,3,-1,0,unknown
12222,unknown,20,jun,9,2,-1,0,unknown
12223,unknown,20,jun,10,3,-1,0,unknown
12224,unknown,20,jun,145,24,-1,0,unknown
12225,unknown,20,jun,8,13,-1,0,unknown
12226,unknown,20,jun,10,3,-1,0,unknown
12227,unknown,20,jun,81,3,-1,0,unknown
12228,unknown,20,jun,12,8,-1,0,unknown
12229,unknown,20,jun,16,28,-1,0,unknown
12230,unknown,20,jun,44,15,-1,0,unknown
12231,unknown,20,jun,22,8,-1,0,unknown
12232,unknown,20,jun,152,5,-1,0,unknown
12233,unknown,20,jun,13,2,-1,0,unknown
12234,unknown,20,jun,51,2,-1,0,unknown
12235,unknown,20,jun,41,3,-1,0,unknown
12236,unknown,20,jun,20,5,-1,0,unknown
12237,unknown,20,jun,7,7,-1,0,unknown
12238,unknown,20,jun,53,11,-1,0,unknown
12239,unknown,20,jun,29,2,-1,0,unknown
12240,unknown,20,jun,9,18,-1,0,unknown
12241,unknown,20,jun,202,2,-1,0,unknown
12242,unknown,20,jun,310,2,-1,0,unknown
12243,unknown,20,jun,204,2,-1,0,unknown
12244,unknown,20,jun,50,11,-1,0,unknown
12245,unknown,20,jun,638,9,-1,0,unknown
12246,unknown,20,jun,298,4,-1,0,unknown
12247,unknown,20,jun,988,4,-1,0,unknown
12248,unknown,23,jun,123,2,-1,0,unknown
12249,unknown,23,jun,498,2,-1,0,unknown
12250,unknown,23,jun,670,3,-1,0,unknown
12251,unknown,23,jun,82,5,-1,0,unknown
12252,unknown,23,jun,53,4,-1,0,unknown
12253,unknown,23,jun,95,3,-1,0,unknown
12254,unknown,23,jun,123,2,-1,0,unknown
12255,unknown,23,jun,598,2,-1,0,unknown
12256,unknown,23,jun,54,3,-1,0,unknown
12257,unknown,23,jun,364,2,-1,0,unknown
12258,unknown,23,jun,655,4,-1,0,unknown
12259,unknown,23,jun,339,4,-1,0,unknown
12260,unknown,23,jun,662,2,-1,0,unknown
12261,unknown,23,jun,25,2,-1,0,unknown
12262,unknown,23,jun,216,3,-1,0,unknown
12263,unknown,23,jun,41,2,-1,0,unknown
12264,unknown,24,jun,165,5,-1,0,unknown
12265,unknown,24,jun,110,5,-1,0,unknown
12266,unknown,24,jun,137,5,-1,0,unknown
12267,unknown,24,jun,62,5,-1,0,unknown
12268,unknown,24,jun,56,3,-1,0,unknown
12269,unknown,24,jun,790,3,-1,0,unknown
12270,unknown,24,jun,481,6,-1,0,unknown
12271,unknown,24,jun,32,3,-1,0,unknown
12272,unknown,24,jun,183,3,-1,0,unknown
12273,unknown,24,jun,114,4,-1,0,unknown
12274,unknown,24,jun,146,3,-1,0,unknown
12275,unknown,24,jun,404,3,-1,0,unknown
12276,unknown,24,jun,528,2,-1,0,unknown
12277,unknown,24,jun,351,3,-1,0,unknown
12278,unknown,24,jun,51,8,-1,0,unknown
12279,unknown,24,jun,237,3,-1,0,unknown
12280,unknown,24,jun,103,6,-1,0,unknown
12281,unknown,24,jun,146,4,-1,0,unknown
12282,unknown,25,jun,347,1,-1,0,unknown
12283,unknown,25,jun,372,5,-1,0,unknown
12284,unknown,25,jun,411,1,-1,0,unknown
12285,unknown,25,jun,151,1,-1,0,unknown
12286,unknown,25,jun,157,1,-1,0,unknown
12287,unknown,25,jun,43,1,-1,0,unknown
12288,unknown,25,jun,167,2,-1,0,unknown
12289,unknown,25,jun,75,1,-1,0,unknown
12290,unknown,25,jun,249,1,-1,0,unknown
12291,unknown,25,jun,53,1,-1,0,unknown
12292,unknown,25,jun,268,1,-1,0,unknown
12293,unknown,25,jun,259,2,-1,0,unknown
12294,unknown,25,jun,155,1,-1,0,unknown
12295,unknown,25,jun,247,1,-1,0,unknown
12296,unknown,25,jun,100,1,-1,0,unknown
12297,unknown,25,jun,322,1,-1,0,unknown
12298,unknown,25,jun,93,2,-1,0,unknown
12299,unknown,25,jun,231,1,-1,0,unknown
12300,unknown,25,jun,75,2,-1,0,unknown
12301,unknown,25,jun,67,2,-1,0,unknown
12302,unknown,25,jun,71,1,-1,0,unknown
12303,unknown,25,jun,151,1,-1,0,unknown
12304,unknown,25,jun,91,2,-1,0,unknown
12305,unknown,25,jun,292,2,-1,0,unknown
12306,unknown,25,jun,281,3,-1,0,unknown
12307,unknown,25,jun,375,2,-1,0,unknown
12308,unknown,25,jun,168,8,-1,0,unknown
12309,unknown,25,jun,456,3,-1,0,unknown
12310,unknown,25,jun,103,5,-1,0,unknown
12311,unknown,25,jun,305,4,-1,0,unknown
12312,unknown,26,jun,91,4,-1,0,unknown
12313,unknown,26,jun,622,3,-1,0,unknown
12314,unknown,26,jun,650,2,-1,0,unknown
12315,unknown,26,jun,178,2,-1,0,unknown
12316,unknown,26,jun,465,2,-1,0,unknown
12317,unknown,26,jun,626,2,-1,0,unknown
12318,unknown,26,jun,322,2,-1,0,unknown
12319,unknown,26,jun,177,1,-1,0,unknown
12320,unknown,26,jun,519,3,-1,0,unknown
12321,unknown,26,jun,271,1,-1,0,unknown
12322,unknown,26,jun,198,2,-1,0,unknown
12323,unknown,26,jun,677,3,-1,0,unknown
12324,unknown,26,jun,138,3,-1,0,unknown
12325,unknown,26,jun,215,3,-1,0,unknown
12326,unknown,26,jun,251,3,-1,0,unknown
12327,unknown,26,jun,318,2,-1,0,unknown
12328,unknown,26,jun,253,1,-1,0,unknown
12329,unknown,26,jun,344,1,-1,0,unknown
12330,unknown,26,jun,301,4,-1,0,unknown
12331,unknown,26,jun,197,1,-1,0,unknown
12332,unknown,26,jun,71,1,-1,0,unknown
12333,unknown,26,jun,190,1,-1,0,unknown
12334,unknown,26,jun,93,1,-1,0,unknown
12335,unknown,26,jun,29,1,-1,0,unknown
12336,unknown,26,jun,133,2,-1,0,unknown
12337,unknown,26,jun,150,1,-1,0,unknown
12338,unknown,26,jun,150,2,-1,0,unknown
12339,unknown,26,jun,182,2,-1,0,unknown
12340,unknown,26,jun,277,1,-1,0,unknown
12341,unknown,26,jun,176,7,-1,0,unknown
12342,unknown,26,jun,105,3,-1,0,unknown
12343,unknown,26,jun,565,3,-1,0,unknown
12344,unknown,26,jun,138,2,-1,0,unknown
12345,unknown,26,jun,667,3,-1,0,unknown
12346,unknown,26,jun,464,3,-1,0,unknown
12347,unknown,26,jun,3183,2,-1,0,unknown
12348,unknown,26,jun,406,2,-1,0,unknown
12349,unknown,26,jun,243,2,-1,0,unknown
12350,unknown,26,jun,110,3,-1,0,unknown
12351,unknown,26,jun,113,5,-1,0,unknown
12352,unknown,26,jun,48,4,-1,0,unknown
12353,unknown,26,jun,174,8,-1,0,unknown
12354,unknown,26,jun,529,4,-1,0,unknown
12355,unknown,26,jun,45,2,-1,0,unknown
12356,unknown,26,jun,75,5,-1,0,unknown
12357,unknown,27,jun,422,6,-1,0,unknown
12358,unknown,27,jun,381,3,-1,0,unknown
12359,unknown,27,jun,856,2,-1,0,unknown
12360,unknown,27,jun,59,4,-1,0,unknown
12361,unknown,27,jun,198,2,-1,0,unknown
12362,unknown,27,jun,433,4,-1,0,unknown
12363,unknown,27,jun,159,2,-1,0,unknown
12364,unknown,27,jun,207,3,-1,0,unknown
12365,unknown,27,jun,120,6,-1,0,unknown
12366,unknown,27,jun,121,4,-1,0,unknown
12367,unknown,27,jun,95,1,-1,0,unknown
12368,unknown,27,jun,213,1,-1,0,unknown
12369,unknown,27,jun,110,1,-1,0,unknown
12370,unknown,27,jun,747,1,-1,0,unknown
12371,unknown,27,jun,111,3,-1,0,unknown
12372,unknown,27,jun,302,2,-1,0,unknown
12373,unknown,27,jun,154,6,-1,0,unknown
12374,unknown,27,jun,194,1,-1,0,unknown
12375,unknown,27,jun,181,1,-1,0,unknown
12376,unknown,27,jun,392,4,-1,0,unknown
12377,unknown,27,jun,162,1,-1,0,unknown
12378,unknown,27,jun,634,2,-1,0,unknown
12379,unknown,27,jun,79,1,-1,0,unknown
12380,unknown,27,jun,148,5,-1,0,unknown
12381,unknown,27,jun,103,1,-1,0,unknown
12382,unknown,27,jun,141,1,-1,0,unknown
12383,unknown,27,jun,244,2,-1,0,unknown
12384,unknown,27,jun,250,8,-1,0,unknown
12385,unknown,27,jun,140,2,-1,0,unknown
12386,unknown,27,jun,92,4,-1,0,unknown
12387,unknown,27,jun,133,5,-1,0,unknown
12388,unknown,27,jun,216,1,-1,0,unknown
12389,unknown,27,jun,269,1,-1,0,unknown
12390,unknown,27,jun,397,1,-1,0,unknown
12391,unknown,27,jun,244,1,-1,0,unknown
12392,unknown,27,jun,135,2,-1,0,unknown
12393,unknown,27,jun,102,1,-1,0,unknown
12394,unknown,27,jun,326,1,-1,0,unknown
12395,unknown,27,jun,153,2,-1,0,unknown
12396,unknown,27,jun,151,2,-1,0,unknown
12397,unknown,27,jun,349,5,-1,0,unknown
12398,unknown,27,jun,291,2,-1,0,unknown
12399,unknown,27,jun,185,3,-1,0,unknown
12400,unknown,27,jun,169,2,-1,0,unknown
12401,unknown,27,jun,114,4,-1,0,unknown
12402,unknown,27,jun,293,3,-1,0,unknown
12403,unknown,27,jun,111,4,-1,0,unknown
12404,unknown,27,jun,56,2,-1,0,unknown
12405,unknown,27,jun,101,5,-1,0,unknown
12406,unknown,27,jun,247,3,-1,0,unknown
12407,unknown,30,jun,96,3,-1,0,unknown
12408,unknown,30,jun,322,3,-1,0,unknown
12409,unknown,30,jun,182,4,-1,0,unknown
12410,unknown,30,jun,198,2,-1,0,unknown
12411,unknown,30,jun,123,2,-1,0,unknown
12412,unknown,30,jun,45,2,-1,0,unknown
12413,unknown,30,jun,85,5,-1,0,unknown
12414,unknown,30,jun,146,3,-1,0,unknown
12415,unknown,30,jun,93,3,-1,0,unknown
12416,unknown,30,jun,54,3,-1,0,unknown
12417,unknown,30,jun,82,9,-1,0,unknown
12418,unknown,30,jun,27,3,-1,0,unknown
12419,unknown,30,jun,60,3,-1,0,unknown
12420,unknown,30,jun,124,2,-1,0,unknown
12421,unknown,30,jun,217,2,-1,0,unknown
12422,unknown,30,jun,165,4,-1,0,unknown
12423,unknown,30,jun,141,4,-1,0,unknown
12424,unknown,30,jun,138,4,-1,0,unknown
12425,unknown,30,jun,385,1,-1,0,unknown
12426,unknown,30,jun,266,3,-1,0,unknown
12427,unknown,30,jun,50,1,-1,0,unknown
12428,unknown,30,jun,203,1,-1,0,unknown
12429,unknown,30,jun,780,3,-1,0,unknown
12430,unknown,30,jun,176,1,-1,0,unknown
12431,unknown,30,jun,202,1,-1,0,unknown
12432,unknown,30,jun,158,1,-1,0,unknown
12433,unknown,30,jun,76,3,-1,0,unknown
12434,unknown,30,jun,224,2,-1,0,unknown
12435,unknown,30,jun,111,2,-1,0,unknown
12436,unknown,30,jun,444,3,-1,0,unknown
12437,unknown,30,jun,69,3,-1,0,unknown
12438,unknown,30,jun,88,4,-1,0,unknown
12439,unknown,30,jun,104,2,-1,0,unknown
12440,unknown,30,jun,252,4,-1,0,unknown
12441,unknown,30,jun,132,4,-1,0,unknown
12442,unknown,30,jun,450,2,-1,0,unknown
12443,unknown,1,jul,602,4,-1,0,unknown
12444,unknown,1,jul,136,3,-1,0,unknown
12445,unknown,1,jul,381,4,-1,0,unknown
12446,unknown,1,jul,158,2,-1,0,unknown
12447,unknown,1,jul,479,9,-1,0,unknown
12448,unknown,1,jul,281,3,-1,0,unknown
12449,unknown,1,jul,297,2,-1,0,unknown
12450,unknown,1,jul,128,3,-1,0,unknown
12451,unknown,1,jul,471,3,-1,0,unknown
12452,unknown,1,jul,58,1,-1,0,unknown
12453,unknown,1,jul,60,4,-1,0,unknown
12454,unknown,1,jul,108,1,-1,0,unknown
12455,unknown,1,jul,140,1,-1,0,unknown
12456,unknown,1,jul,249,1,-1,0,unknown
12457,unknown,1,jul,215,3,-1,0,unknown
12458,unknown,1,jul,625,1,-1,0,unknown
12459,unknown,1,jul,161,1,-1,0,unknown
12460,unknown,1,jul,428,2,-1,0,unknown
12461,unknown,1,jul,119,1,-1,0,unknown
12462,unknown,1,jul,117,1,-1,0,unknown
12463,unknown,1,jul,80,1,-1,0,unknown
12464,unknown,1,jul,36,1,-1,0,unknown
12465,unknown,1,jul,173,1,-1,0,unknown
12466,unknown,1,jul,292,1,-1,0,unknown
12467,unknown,1,jul,183,2,-1,0,unknown
12468,unknown,1,jul,200,1,-1,0,unknown
12469,unknown,1,jul,150,1,-1,0,unknown
12470,unknown,1,jul,163,1,-1,0,unknown
12471,unknown,1,jul,122,1,-1,0,unknown
12472,unknown,1,jul,55,1,-1,0,unknown
12473,unknown,1,jul,86,1,-1,0,unknown
12474,unknown,1,jul,359,1,-1,0,unknown
12475,unknown,1,jul,110,2,-1,0,unknown
12476,unknown,1,jul,92,1,-1,0,unknown
12477,unknown,1,jul,86,1,-1,0,unknown
12478,unknown,1,jul,125,3,-1,0,unknown
12479,unknown,1,jul,196,4,-1,0,unknown
12480,unknown,1,jul,484,1,-1,0,unknown
12481,unknown,1,jul,135,1,-1,0,unknown
12482,unknown,1,jul,56,1,-1,0,unknown
12483,unknown,1,jul,156,2,-1,0,unknown
12484,unknown,1,jul,221,1,-1,0,unknown
12485,unknown,1,jul,1992,2,-1,0,unknown
12486,unknown,1,jul,130,1,-1,0,unknown
12487,unknown,1,jul,143,1,-1,0,unknown
12488,unknown,1,jul,157,1,-1,0,unknown
12489,unknown,1,jul,333,1,-1,0,unknown
12490,unknown,1,jul,420,2,-1,0,unknown
12491,unknown,1,jul,1135,2,-1,0,unknown
12492,unknown,1,jul,224,2,-1,0,unknown
12493,unknown,1,jul,307,2,-1,0,unknown
12494,unknown,1,jul,723,2,-1,0,unknown
12495,unknown,1,jul,650,2,-1,0,unknown
12496,unknown,2,jul,660,3,-1,0,unknown
12497,unknown,2,jul,63,4,-1,0,unknown
12498,unknown,2,jul,218,2,-1,0,unknown
12499,unknown,2,jul,220,2,-1,0,unknown
12500,unknown,2,jul,97,4,-1,0,unknown
12501,unknown,2,jul,143,4,-1,0,unknown
12502,unknown,2,jul,32,3,-1,0,unknown
12503,unknown,2,jul,159,3,-1,0,unknown
12504,unknown,2,jul,44,2,-1,0,unknown
12505,unknown,2,jul,95,3,-1,0,unknown
12506,unknown,2,jul,79,3,-1,0,unknown
12507,unknown,2,jul,306,2,-1,0,unknown
12508,unknown,2,jul,71,1,-1,0,unknown
12509,unknown,2,jul,348,3,-1,0,unknown
12510,unknown,2,jul,203,1,-1,0,unknown
12511,unknown,2,jul,372,1,-1,0,unknown
12512,unknown,2,jul,199,1,-1,0,unknown
12513,unknown,2,jul,60,2,-1,0,unknown
12514,unknown,2,jul,134,2,-1,0,unknown
12515,unknown,2,jul,108,3,-1,0,unknown
12516,unknown,2,jul,193,4,-1,0,unknown
12517,unknown,2,jul,957,3,-1,0,unknown
12518,unknown,2,jul,83,3,-1,0,unknown
12519,unknown,3,jul,343,2,-1,0,unknown
12520,unknown,3,jul,158,3,-1,0,unknown
12521,unknown,3,jul,269,3,-1,0,unknown
12522,unknown,3,jul,269,2,-1,0,unknown
12523,unknown,3,jul,375,3,-1,0,unknown
12524,unknown,3,jul,202,1,-1,0,unknown
12525,unknown,3,jul,149,1,-1,0,unknown
12526,unknown,3,jul,111,1,-1,0,unknown
12527,unknown,3,jul,188,1,-1,0,unknown
12528,unknown,3,jul,211,1,-1,0,unknown
12529,unknown,3,jul,24,1,-1,0,unknown
12530,unknown,3,jul,109,1,-1,0,unknown
12531,unknown,3,jul,472,1,-1,0,unknown
12532,unknown,3,jul,116,1,-1,0,unknown
12533,unknown,3,jul,452,1,-1,0,unknown
12534,unknown,3,jul,587,3,-1,0,unknown
12535,unknown,3,jul,269,2,-1,0,unknown
12536,unknown,3,jul,206,1,-1,0,unknown
12537,unknown,3,jul,228,2,-1,0,unknown
12538,unknown,3,jul,267,1,-1,0,unknown
12539,unknown,3,jul,414,1,-1,0,unknown
12540,unknown,3,jul,60,1,-1,0,unknown
12541,unknown,3,jul,85,1,-1,0,unknown
12542,unknown,3,jul,256,3,-1,0,unknown
12543,unknown,3,jul,172,10,-1,0,unknown
12544,unknown,3,jul,84,1,-1,0,unknown
12545,unknown,3,jul,412,1,-1,0,unknown
12546,unknown,3,jul,88,1,-1,0,unknown
12547,unknown,3,jul,130,1,-1,0,unknown
12548,unknown,3,jul,115,4,-1,0,unknown
12549,unknown,3,jul,197,1,-1,0,unknown
12550,unknown,3,jul,88,1,-1,0,unknown
12551,unknown,3,jul,154,1,-1,0,unknown
12552,unknown,3,jul,90,1,-1,0,unknown
12553,unknown,3,jul,51,1,-1,0,unknown
12554,unknown,3,jul,131,1,-1,0,unknown
12555,unknown,3,jul,251,1,-1,0,unknown
12556,unknown,3,jul,89,1,-1,0,unknown
12557,unknown,3,jul,108,1,-1,0,unknown
12558,unknown,3,jul,97,1,-1,0,unknown
12559,unknown,3,jul,203,1,-1,0,unknown
12560,unknown,3,jul,326,1,-1,0,unknown
12561,unknown,3,jul,88,1,-1,0,unknown
12562,unknown,3,jul,42,1,-1,0,unknown
12563,unknown,3,jul,92,1,-1,0,unknown
12564,unknown,3,jul,676,1,-1,0,unknown
12565,unknown,3,jul,239,1,-1,0,unknown
12566,unknown,3,jul,652,1,-1,0,unknown
12567,unknown,3,jul,178,1,-1,0,unknown
12568,unknown,3,jul,122,3,-1,0,unknown
12569,unknown,3,jul,100,3,-1,0,unknown
12570,unknown,3,jul,93,1,-1,0,unknown
12571,unknown,3,jul,504,1,-1,0,unknown
12572,unknown,3,jul,251,2,-1,0,unknown
12573,unknown,3,jul,327,3,-1,0,unknown
12574,unknown,3,jul,515,2,-1,0,unknown
12575,unknown,3,jul,389,2,-1,0,unknown
12576,unknown,3,jul,155,2,-1,0,unknown
12577,unknown,3,jul,74,5,-1,0,unknown
12578,unknown,3,jul,225,2,-1,0,unknown
12579,unknown,3,jul,172,2,-1,0,unknown
12580,unknown,3,jul,202,2,-1,0,unknown
12581,unknown,3,jul,230,3,-1,0,unknown
12582,unknown,3,jul,277,2,-1,0,unknown
12583,unknown,3,jul,746,4,-1,0,unknown
12584,unknown,3,jul,935,2,-1,0,unknown
12585,unknown,3,jul,167,11,-1,0,unknown
12586,unknown,3,jul,194,2,-1,0,unknown
12587,unknown,3,jul,385,6,-1,0,unknown
12588,unknown,3,jul,1106,2,-1,0,unknown
12589,unknown,4,jul,124,2,-1,0,unknown
12590,unknown,4,jul,121,1,-1,0,unknown
12591,unknown,4,jul,566,3,-1,0,unknown
12592,unknown,4,jul,257,1,-1,0,unknown
12593,unknown,4,jul,111,1,-1,0,unknown
12594,unknown,4,jul,270,1,-1,0,unknown
12595,unknown,4,jul,43,11,-1,0,unknown
12596,unknown,4,jul,433,1,-1,0,unknown
12597,unknown,4,jul,71,1,-1,0,unknown
12598,unknown,4,jul,523,1,-1,0,unknown
12599,unknown,4,jul,49,1,-1,0,unknown
12600,unknown,4,jul,191,2,-1,0,unknown
12601,unknown,4,jul,355,1,-1,0,unknown
12602,unknown,4,jul,31,1,-1,0,unknown
12603,unknown,4,jul,52,4,-1,0,unknown
12604,unknown,4,jul,64,1,-1,0,unknown
12605,unknown,4,jul,60,1,-1,0,unknown
12606,unknown,4,jul,62,1,-1,0,unknown
12607,unknown,4,jul,99,1,-1,0,unknown
12608,unknown,4,jul,192,1,-1,0,unknown
12609,unknown,4,jul,133,1,-1,0,unknown
12610,unknown,4,jul,68,1,-1,0,unknown
12611,unknown,4,jul,208,1,-1,0,unknown
12612,unknown,4,jul,30,2,-1,0,unknown
12613,unknown,4,jul,246,1,-1,0,unknown
12614,unknown,4,jul,219,1,-1,0,unknown
12615,unknown,4,jul,165,2,-1,0,unknown
12616,unknown,4,jul,105,3,-1,0,unknown
12617,unknown,4,jul,538,1,-1,0,unknown
12618,unknown,4,jul,100,1,-1,0,unknown
12619,unknown,4,jul,164,2,-1,0,unknown
12620,unknown,4,jul,46,3,-1,0,unknown
12621,unknown,4,jul,253,1,-1,0,unknown
12622,unknown,4,jul,133,3,-1,0,unknown
12623,unknown,4,jul,584,1,-1,0,unknown
12624,unknown,4,jul,260,3,-1,0,unknown
12625,unknown,4,jul,126,4,-1,0,unknown
12626,unknown,4,jul,121,1,-1,0,unknown
12627,unknown,4,jul,101,1,-1,0,unknown
12628,unknown,4,jul,195,1,-1,0,unknown
12629,unknown,4,jul,400,1,-1,0,unknown
12630,unknown,4,jul,178,1,-1,0,unknown
12631,unknown,4,jul,134,1,-1,0,unknown
12632,unknown,4,jul,104,1,-1,0,unknown
12633,unknown,4,jul,316,1,-1,0,unknown
12634,unknown,4,jul,88,1,-1,0,unknown
12635,unknown,4,jul,742,1,-1,0,unknown
12636,unknown,4,jul,692,1,-1,0,unknown
12637,unknown,4,jul,85,3,-1,0,unknown
12638,unknown,4,jul,678,2,-1,0,unknown
12639,unknown,4,jul,840,2,-1,0,unknown
12640,unknown,4,jul,96,2,-1,0,unknown
12641,unknown,4,jul,106,2,-1,0,unknown
12642,unknown,4,jul,137,2,-1,0,unknown
12643,unknown,4,jul,53,2,-1,0,unknown
12644,unknown,4,jul,89,2,-1,0,unknown
12645,unknown,4,jul,502,2,-1,0,unknown
12646,unknown,4,jul,203,1,-1,0,unknown
12647,unknown,4,jul,608,1,-1,0,unknown
12648,unknown,4,jul,407,1,-1,0,unknown
12649,unknown,4,jul,426,3,-1,0,unknown
12650,unknown,4,jul,1576,3,-1,0,unknown
12651,unknown,4,jul,468,6,-1,0,unknown
12652,unknown,4,jul,150,2,-1,0,unknown
12653,unknown,4,jul,327,1,-1,0,unknown
12654,unknown,4,jul,212,1,-1,0,unknown
12655,unknown,4,jul,235,1,-1,0,unknown
12656,unknown,4,jul,333,1,-1,0,unknown
12657,cellular,4,jul,255,1,-1,0,unknown
12658,cellular,4,jul,297,1,-1,0,unknown
12659,cellular,4,jul,668,2,-1,0,unknown
12660,telephone,4,jul,65,2,-1,0,unknown
12661,cellular,4,jul,436,4,-1,0,unknown
12662,cellular,4,jul,1044,3,-1,0,unknown
12663,telephone,4,jul,141,2,-1,0,unknown
12664,cellular,4,jul,39,2,-1,0,unknown
12665,telephone,4,jul,112,2,-1,0,unknown
12666,cellular,4,jul,135,3,-1,0,unknown
12667,cellular,4,jul,53,6,-1,0,unknown
12668,cellular,4,jul,138,3,-1,0,unknown
12669,cellular,4,jul,178,2,-1,0,unknown
12670,cellular,4,jul,548,2,-1,0,unknown
12671,cellular,4,jul,134,2,-1,0,unknown
12672,cellular,4,jul,95,2,-1,0,unknown
12673,cellular,4,jul,273,3,-1,0,unknown
12674,telephone,4,jul,304,3,-1,0,unknown
12675,cellular,4,jul,425,2,-1,0,unknown
12676,cellular,4,jul,64,1,-1,0,unknown
12677,cellular,4,jul,276,1,-1,0,unknown
12678,cellular,4,jul,92,1,-1,0,unknown
12679,cellular,4,jul,407,1,-1,0,unknown
12680,cellular,7,jul,147,4,-1,0,unknown
12681,cellular,7,jul,148,3,-1,0,unknown
12682,cellular,7,jul,125,2,-1,0,unknown
12683,cellular,7,jul,151,4,-1,0,unknown
12684,cellular,7,jul,491,3,-1,0,unknown
12685,cellular,7,jul,494,4,-1,0,unknown
12686,cellular,7,jul,615,2,-1,0,unknown
12687,cellular,7,jul,152,5,-1,0,unknown
12688,cellular,7,jul,164,5,-1,0,unknown
12689,cellular,7,jul,575,2,-1,0,unknown
12690,cellular,7,jul,17,19,-1,0,unknown
12691,cellular,7,jul,316,5,-1,0,unknown
12692,cellular,7,jul,148,2,-1,0,unknown
12693,cellular,7,jul,160,3,-1,0,unknown
12694,cellular,7,jul,181,2,-1,0,unknown
12695,cellular,7,jul,89,4,-1,0,unknown
12696,cellular,7,jul,111,2,-1,0,unknown
12697,cellular,7,jul,142,3,-1,0,unknown
12698,cellular,7,jul,119,3,-1,0,unknown
12699,cellular,7,jul,107,5,-1,0,unknown
12700,cellular,7,jul,227,6,-1,0,unknown
12701,cellular,7,jul,149,5,-1,0,unknown
12702,cellular,7,jul,134,2,-1,0,unknown
12703,cellular,7,jul,1434,5,-1,0,unknown
12704,cellular,7,jul,179,2,-1,0,unknown
12705,telephone,7,jul,176,6,-1,0,unknown
12706,telephone,7,jul,63,6,-1,0,unknown
12707,cellular,7,jul,86,2,-1,0,unknown
12708,cellular,7,jul,113,2,-1,0,unknown
12709,cellular,7,jul,200,4,-1,0,unknown
12710,cellular,7,jul,196,2,-1,0,unknown
12711,cellular,7,jul,250,2,-1,0,unknown
12712,cellular,7,jul,450,2,-1,0,unknown
12713,cellular,7,jul,185,2,-1,0,unknown
12714,cellular,7,jul,75,3,-1,0,unknown
12715,cellular,7,jul,136,4,-1,0,unknown
12716,telephone,7,jul,229,5,-1,0,unknown
12717,cellular,7,jul,200,1,-1,0,unknown
12718,cellular,7,jul,718,2,-1,0,unknown
12719,cellular,7,jul,139,2,-1,0,unknown
12720,cellular,7,jul,161,2,-1,0,unknown
12721,cellular,7,jul,141,3,-1,0,unknown
12722,cellular,7,jul,256,2,-1,0,unknown
12723,cellular,7,jul,39,9,-1,0,unknown
12724,cellular,7,jul,49,6,-1,0,unknown
12725,cellular,7,jul,66,2,-1,0,unknown
12726,cellular,7,jul,321,3,-1,0,unknown
12727,cellular,7,jul,434,3,-1,0,unknown
12728,cellular,7,jul,782,1,-1,0,unknown
12729,cellular,7,jul,118,4,-1,0,unknown
12730,cellular,7,jul,128,3,-1,0,unknown
12731,cellular,7,jul,104,2,-1,0,unknown
12732,cellular,7,jul,126,3,-1,0,unknown
12733,cellular,7,jul,87,2,-1,0,unknown
12734,cellular,7,jul,107,3,-1,0,unknown
12735,cellular,7,jul,1272,3,-1,0,unknown
12736,cellular,7,jul,401,2,-1,0,unknown
12737,cellular,7,jul,64,2,-1,0,unknown
12738,cellular,7,jul,758,1,-1,0,unknown
12739,cellular,7,jul,316,2,-1,0,unknown
12740,cellular,7,jul,277,2,-1,0,unknown
12741,cellular,7,jul,107,3,-1,0,unknown
12742,cellular,7,jul,111,3,-1,0,unknown
12743,cellular,7,jul,360,3,-1,0,unknown
12744,cellular,7,jul,461,2,-1,0,unknown
12745,cellular,7,jul,412,4,-1,0,unknown
12746,cellular,7,jul,244,4,-1,0,unknown
12747,cellular,7,jul,240,1,-1,0,unknown
12748,cellular,7,jul,62,4,-1,0,unknown
12749,telephone,7,jul,46,2,-1,0,unknown
12750,telephone,7,jul,41,9,-1,0,unknown
12751,cellular,7,jul,122,2,-1,0,unknown
12752,cellular,7,jul,559,4,-1,0,unknown
12753,cellular,7,jul,722,3,-1,0,unknown
12754,cellular,7,jul,64,1,-1,0,unknown
12755,cellular,7,jul,621,2,-1,0,unknown
12756,cellular,7,jul,232,1,-1,0,unknown
12757,telephone,7,jul,259,8,-1,0,unknown
12758,cellular,7,jul,629,2,-1,0,unknown
12759,cellular,7,jul,1103,3,-1,0,unknown
12760,cellular,7,jul,317,6,-1,0,unknown
12761,cellular,7,jul,61,1,-1,0,unknown
12762,telephone,7,jul,126,4,-1,0,unknown
12763,telephone,7,jul,66,8,-1,0,unknown
12764,cellular,7,jul,385,5,-1,0,unknown
12765,cellular,7,jul,190,4,-1,0,unknown
12766,cellular,7,jul,61,6,-1,0,unknown
12767,cellular,7,jul,74,7,-1,0,unknown
12768,cellular,7,jul,96,14,-1,0,unknown
12769,telephone,7,jul,86,4,-1,0,unknown
12770,cellular,7,jul,94,1,-1,0,unknown
12771,cellular,7,jul,56,4,-1,0,unknown
12772,cellular,7,jul,209,4,-1,0,unknown
12773,telephone,7,jul,69,3,-1,0,unknown
12774,cellular,7,jul,326,3,-1,0,unknown
12775,cellular,7,jul,497,1,-1,0,unknown
12776,cellular,7,jul,21,2,-1,0,unknown
12777,cellular,7,jul,223,1,-1,0,unknown
12778,cellular,7,jul,236,1,-1,0,unknown
12779,cellular,7,jul,66,1,-1,0,unknown
12780,telephone,7,jul,274,1,-1,0,unknown
12781,cellular,7,jul,459,1,-1,0,unknown
12782,cellular,7,jul,217,1,-1,0,unknown
12783,cellular,7,jul,289,1,-1,0,unknown
12784,cellular,7,jul,173,1,-1,0,unknown
12785,cellular,7,jul,130,1,-1,0,unknown
12786,cellular,7,jul,332,1,-1,0,unknown
12787,cellular,7,jul,263,1,-1,0,unknown
12788,cellular,7,jul,114,1,-1,0,unknown
12789,cellular,7,jul,166,1,-1,0,unknown
12790,cellular,7,jul,94,1,-1,0,unknown
12791,cellular,7,jul,169,1,-1,0,unknown
12792,cellular,7,jul,385,1,-1,0,unknown
12793,cellular,7,jul,248,3,-1,0,unknown
12794,cellular,7,jul,118,1,-1,0,unknown
12795,cellular,7,jul,889,1,-1,0,unknown
12796,cellular,7,jul,625,1,-1,0,unknown
12797,cellular,7,jul,199,1,-1,0,unknown
12798,cellular,7,jul,240,1,-1,0,unknown
12799,telephone,7,jul,199,4,-1,0,unknown
12800,cellular,7,jul,158,1,-1,0,unknown
12801,cellular,7,jul,39,1,-1,0,unknown
12802,telephone,7,jul,256,15,-1,0,unknown
12803,cellular,7,jul,174,1,-1,0,unknown
12804,cellular,7,jul,161,1,-1,0,unknown
12805,cellular,7,jul,461,1,-1,0,unknown
12806,cellular,7,jul,187,3,-1,0,unknown
12807,cellular,7,jul,201,1,-1,0,unknown
12808,cellular,7,jul,206,6,-1,0,unknown
12809,cellular,7,jul,139,1,-1,0,unknown
12810,cellular,7,jul,643,3,-1,0,unknown
12811,cellular,7,jul,262,1,-1,0,unknown
12812,cellular,7,jul,44,3,-1,0,unknown
12813,cellular,7,jul,84,1,-1,0,unknown
12814,cellular,7,jul,121,1,-1,0,unknown
12815,cellular,7,jul,60,4,-1,0,unknown
12816,cellular,7,jul,130,1,-1,0,unknown
12817,cellular,7,jul,106,1,-1,0,unknown
12818,cellular,7,jul,149,3,-1,0,unknown
12819,cellular,7,jul,480,1,-1,0,unknown
12820,cellular,7,jul,51,1,-1,0,unknown
12821,cellular,7,jul,532,1,-1,0,unknown
12822,cellular,7,jul,575,1,-1,0,unknown
12823,cellular,7,jul,72,1,-1,0,unknown
12824,cellular,7,jul,574,1,-1,0,unknown
12825,cellular,7,jul,445,1,-1,0,unknown
12826,cellular,7,jul,554,1,-1,0,unknown
12827,cellular,7,jul,129,4,-1,0,unknown
12828,cellular,7,jul,46,1,-1,0,unknown
12829,cellular,7,jul,254,1,-1,0,unknown
12830,cellular,7,jul,226,1,-1,0,unknown
12831,telephone,7,jul,118,2,-1,0,unknown
12832,cellular,7,jul,1200,1,-1,0,unknown
12833,cellular,7,jul,295,1,-1,0,unknown
12834,cellular,7,jul,125,2,-1,0,unknown
12835,cellular,7,jul,78,11,-1,0,unknown
12836,cellular,7,jul,174,1,-1,0,unknown
12837,telephone,7,jul,107,6,-1,0,unknown
12838,cellular,7,jul,309,1,-1,0,unknown
12839,cellular,7,jul,209,1,-1,0,unknown
12840,cellular,7,jul,630,3,-1,0,unknown
12841,cellular,7,jul,57,1,-1,0,unknown
12842,cellular,7,jul,206,3,-1,0,unknown
12843,cellular,7,jul,243,2,-1,0,unknown
12844,cellular,7,jul,451,1,-1,0,unknown
12845,cellular,7,jul,111,1,-1,0,unknown
12846,cellular,7,jul,154,1,-1,0,unknown
12847,cellular,7,jul,162,4,-1,0,unknown
12848,cellular,7,jul,86,2,-1,0,unknown
12849,cellular,7,jul,448,1,-1,0,unknown
12850,cellular,7,jul,261,12,-1,0,unknown
12851,cellular,7,jul,151,1,-1,0,unknown
12852,cellular,7,jul,120,1,-1,0,unknown
12853,cellular,7,jul,199,1,-1,0,unknown
12854,telephone,7,jul,94,2,-1,0,unknown
12855,cellular,7,jul,97,3,-1,0,unknown
12856,cellular,7,jul,531,1,-1,0,unknown
12857,cellular,7,jul,112,1,-1,0,unknown
12858,cellular,7,jul,80,1,-1,0,unknown
12859,telephone,7,jul,41,1,-1,0,unknown
12860,cellular,7,jul,210,1,-1,0,unknown
12861,cellular,7,jul,153,1,-1,0,unknown
12862,cellular,7,jul,599,1,-1,0,unknown
12863,cellular,7,jul,2201,1,-1,0,unknown
12864,cellular,7,jul,236,1,-1,0,unknown
12865,cellular,7,jul,532,2,-1,0,unknown
12866,cellular,7,jul,849,1,-1,0,unknown
12867,cellular,7,jul,136,1,-1,0,unknown
12868,cellular,7,jul,500,1,-1,0,unknown
12869,cellular,7,jul,61,6,-1,0,unknown
12870,cellular,7,jul,212,4,-1,0,unknown
12871,cellular,7,jul,337,4,-1,0,unknown
12872,cellular,7,jul,1467,1,-1,0,unknown
12873,cellular,7,jul,117,3,-1,0,unknown
12874,cellular,7,jul,387,2,-1,0,unknown
12875,cellular,7,jul,353,4,-1,0,unknown
12876,cellular,7,jul,500,2,-1,0,unknown
12877,cellular,7,jul,387,1,-1,0,unknown
12878,cellular,7,jul,162,2,-1,0,unknown
12879,cellular,7,jul,70,1,-1,0,unknown
12880,cellular,7,jul,535,1,-1,0,unknown
12881,cellular,7,jul,175,1,-1,0,unknown
12882,cellular,7,jul,973,3,-1,0,unknown
12883,telephone,7,jul,141,1,-1,0,unknown
12884,cellular,7,jul,422,3,-1,0,unknown
12885,cellular,7,jul,354,1,-1,0,unknown
12886,cellular,7,jul,835,4,-1,0,unknown
12887,cellular,7,jul,511,3,-1,0,unknown
12888,cellular,7,jul,209,1,-1,0,unknown
12889,cellular,7,jul,166,1,-1,0,unknown
12890,cellular,7,jul,1165,2,-1,0,unknown
12891,cellular,7,jul,113,4,-1,0,unknown
12892,cellular,7,jul,98,1,-1,0,unknown
12893,cellular,7,jul,190,1,-1,0,unknown
12894,cellular,7,jul,104,1,-1,0,unknown
12895,cellular,7,jul,88,1,-1,0,unknown
12896,cellular,7,jul,316,1,-1,0,unknown
12897,telephone,7,jul,211,2,-1,0,unknown
12898,cellular,7,jul,455,1,-1,0,unknown
12899,cellular,7,jul,830,5,-1,0,unknown
12900,cellular,7,jul,271,3,-1,0,unknown
12901,cellular,7,jul,167,2,-1,0,unknown
12902,cellular,7,jul,108,2,-1,0,unknown
12903,cellular,7,jul,326,2,-1,0,unknown
12904,cellular,7,jul,91,3,-1,0,unknown
12905,cellular,7,jul,375,3,-1,0,unknown
12906,cellular,7,jul,457,5,-1,0,unknown
12907,cellular,7,jul,227,4,-1,0,unknown
12908,cellular,7,jul,216,5,-1,0,unknown
12909,cellular,7,jul,299,3,-1,0,unknown
12910,cellular,7,jul,366,2,-1,0,unknown
12911,cellular,7,jul,238,2,-1,0,unknown
12912,cellular,7,jul,281,1,-1,0,unknown
12913,cellular,7,jul,290,1,-1,0,unknown
12914,cellular,7,jul,234,1,-1,0,unknown
12915,cellular,7,jul,107,6,-1,0,unknown
12916,cellular,7,jul,92,1,-1,0,unknown
12917,telephone,7,jul,46,5,-1,0,unknown
12918,cellular,7,jul,159,1,-1,0,unknown
12919,cellular,7,jul,97,1,-1,0,unknown
12920,cellular,7,jul,112,3,-1,0,unknown
12921,cellular,7,jul,293,7,-1,0,unknown
12922,cellular,7,jul,88,3,-1,0,unknown
12923,cellular,7,jul,273,5,-1,0,unknown
12924,cellular,7,jul,152,2,-1,0,unknown
12925,cellular,7,jul,87,1,-1,0,unknown
12926,telephone,7,jul,339,2,-1,0,unknown
12927,cellular,7,jul,98,1,-1,0,unknown
12928,cellular,7,jul,124,1,-1,0,unknown
12929,cellular,7,jul,244,4,-1,0,unknown
12930,cellular,7,jul,264,1,-1,0,unknown
12931,cellular,7,jul,280,1,-1,0,unknown
12932,cellular,7,jul,116,3,-1,0,unknown
12933,cellular,7,jul,164,2,-1,0,unknown
12934,cellular,7,jul,25,30,-1,0,unknown
12935,cellular,7,jul,196,3,-1,0,unknown
12936,cellular,7,jul,36,33,-1,0,unknown
12937,cellular,7,jul,277,2,-1,0,unknown
12938,cellular,7,jul,95,3,-1,0,unknown
12939,cellular,7,jul,116,1,-1,0,unknown
12940,cellular,7,jul,305,1,-1,0,unknown
12941,cellular,7,jul,15,11,-1,0,unknown
12942,telephone,7,jul,237,2,-1,0,unknown
12943,cellular,7,jul,263,1,-1,0,unknown
12944,cellular,7,jul,210,2,-1,0,unknown
12945,cellular,7,jul,333,5,-1,0,unknown
12946,cellular,7,jul,100,4,-1,0,unknown
12947,cellular,7,jul,75,3,-1,0,unknown
12948,telephone,7,jul,416,8,-1,0,unknown
12949,cellular,7,jul,221,8,-1,0,unknown
12950,cellular,7,jul,51,2,-1,0,unknown
12951,cellular,7,jul,199,7,-1,0,unknown
12952,cellular,7,jul,576,2,-1,0,unknown
12953,cellular,7,jul,340,3,-1,0,unknown
12954,telephone,7,jul,260,13,-1,0,unknown
12955,cellular,7,jul,187,3,-1,0,unknown
12956,cellular,7,jul,255,2,-1,0,unknown
12957,cellular,7,jul,160,5,-1,0,unknown
12958,cellular,7,jul,96,3,-1,0,unknown
12959,telephone,7,jul,543,2,-1,0,unknown
12960,cellular,7,jul,182,3,-1,0,unknown
12961,cellular,7,jul,104,4,-1,0,unknown
12962,cellular,7,jul,13,20,-1,0,unknown
12963,cellular,7,jul,150,4,-1,0,unknown
12964,cellular,7,jul,167,2,-1,0,unknown
12965,cellular,7,jul,264,5,-1,0,unknown
12966,cellular,7,jul,224,4,-1,0,unknown
12967,cellular,7,jul,317,3,-1,0,unknown
12968,cellular,7,jul,74,7,-1,0,unknown
12969,cellular,7,jul,179,4,-1,0,unknown
12970,cellular,7,jul,422,1,-1,0,unknown
12971,cellular,7,jul,447,3,-1,0,unknown
12972,cellular,7,jul,371,2,-1,0,unknown
12973,cellular,7,jul,122,5,-1,0,unknown
12974,telephone,7,jul,41,4,-1,0,unknown
12975,cellular,7,jul,79,2,-1,0,unknown
12976,cellular,7,jul,159,2,-1,0,unknown
12977,telephone,7,jul,238,8,-1,0,unknown
12978,cellular,7,jul,261,5,-1,0,unknown
12979,cellular,7,jul,140,4,-1,0,unknown
12980,telephone,7,jul,360,3,-1,0,unknown
12981,cellular,7,jul,500,5,-1,0,unknown
12982,telephone,7,jul,146,4,-1,0,unknown
12983,cellular,7,jul,407,1,-1,0,unknown
12984,cellular,7,jul,416,4,-1,0,unknown
12985,cellular,7,jul,112,5,-1,0,unknown
12986,cellular,7,jul,756,3,-1,0,unknown
12987,telephone,7,jul,122,2,-1,0,unknown
12988,cellular,7,jul,339,2,-1,0,unknown
12989,telephone,7,jul,352,2,-1,0,unknown
12990,cellular,7,jul,164,3,-1,0,unknown
12991,telephone,7,jul,245,5,-1,0,unknown
12992,telephone,7,jul,327,2,-1,0,unknown
12993,cellular,7,jul,95,2,-1,0,unknown
12994,cellular,7,jul,285,1,-1,0,unknown
12995,cellular,7,jul,88,1,-1,0,unknown
12996,cellular,7,jul,78,1,-1,0,unknown
12997,cellular,7,jul,422,2,-1,0,unknown
12998,cellular,7,jul,719,2,-1,0,unknown
12999,telephone,7,jul,167,3,-1,0,unknown
13000,telephone,7,jul,89,13,-1,0,unknown
13001,cellular,7,jul,269,2,-1,0,unknown
13002,cellular,7,jul,112,10,-1,0,unknown
13003,cellular,7,jul,28,24,-1,0,unknown
13004,cellular,7,jul,208,2,-1,0,unknown
13005,cellular,7,jul,221,2,-1,0,unknown
13006,cellular,7,jul,624,5,-1,0,unknown
13007,cellular,7,jul,252,1,-1,0,unknown
13008,cellular,7,jul,230,1,-1,0,unknown
13009,cellular,7,jul,482,3,-1,0,unknown
13010,telephone,7,jul,564,1,-1,0,unknown
13011,cellular,7,jul,625,1,-1,0,unknown
13012,cellular,7,jul,53,1,-1,0,unknown
13013,cellular,7,jul,279,11,-1,0,unknown
13014,cellular,7,jul,136,1,-1,0,unknown
13015,cellular,7,jul,242,1,-1,0,unknown
13016,cellular,7,jul,185,1,-1,0,unknown
13017,telephone,7,jul,79,15,-1,0,unknown
13018,telephone,7,jul,9,17,-1,0,unknown
13019,cellular,7,jul,205,4,-1,0,unknown
13020,cellular,7,jul,131,3,-1,0,unknown
13021,cellular,7,jul,15,11,-1,0,unknown
13022,cellular,7,jul,192,1,-1,0,unknown
13023,cellular,7,jul,118,1,-1,0,unknown
13024,cellular,7,jul,219,1,-1,0,unknown
13025,cellular,7,jul,214,1,-1,0,unknown
13026,cellular,8,jul,188,1,-1,0,unknown
13027,cellular,8,jul,262,1,-1,0,unknown
13028,cellular,8,jul,226,1,-1,0,unknown
13029,cellular,8,jul,164,1,-1,0,unknown
13030,cellular,8,jul,290,1,-1,0,unknown
13031,cellular,8,jul,342,1,-1,0,unknown
13032,cellular,8,jul,140,1,-1,0,unknown
13033,cellular,8,jul,161,1,-1,0,unknown
13034,cellular,8,jul,259,1,-1,0,unknown
13035,cellular,8,jul,47,7,-1,0,unknown
13036,cellular,8,jul,163,1,-1,0,unknown
13037,cellular,8,jul,491,1,-1,0,unknown
13038,cellular,8,jul,220,1,-1,0,unknown
13039,cellular,8,jul,104,2,-1,0,unknown
13040,telephone,8,jul,54,3,-1,0,unknown
13041,telephone,8,jul,141,1,-1,0,unknown
13042,cellular,8,jul,109,1,-1,0,unknown
13043,cellular,8,jul,259,1,-1,0,unknown
13044,cellular,8,jul,226,1,-1,0,unknown
13045,cellular,8,jul,183,1,-1,0,unknown
13046,cellular,8,jul,24,26,-1,0,unknown
13047,cellular,8,jul,216,1,-1,0,unknown
13048,telephone,8,jul,58,2,-1,0,unknown
13049,cellular,8,jul,123,1,-1,0,unknown
13050,cellular,8,jul,146,1,-1,0,unknown
13051,cellular,8,jul,362,1,-1,0,unknown
13052,cellular,8,jul,159,1,-1,0,unknown
13053,cellular,8,jul,124,1,-1,0,unknown
13054,cellular,8,jul,306,1,-1,0,unknown
13055,cellular,8,jul,191,1,-1,0,unknown
13056,cellular,8,jul,165,1,-1,0,unknown
13057,cellular,8,jul,509,4,-1,0,unknown
13058,cellular,8,jul,431,1,-1,0,unknown
13059,cellular,8,jul,160,1,-1,0,unknown
13060,cellular,8,jul,175,1,-1,0,unknown
13061,cellular,8,jul,178,1,-1,0,unknown
13062,cellular,8,jul,186,1,-1,0,unknown
13063,cellular,8,jul,395,1,-1,0,unknown
13064,cellular,8,jul,143,1,-1,0,unknown
13065,cellular,8,jul,201,1,-1,0,unknown
13066,cellular,8,jul,740,1,-1,0,unknown
13067,cellular,8,jul,534,1,-1,0,unknown
13068,cellular,8,jul,320,1,-1,0,unknown
13069,cellular,8,jul,425,1,-1,0,unknown
13070,cellular,8,jul,59,1,-1,0,unknown
13071,telephone,8,jul,208,5,-1,0,unknown
13072,cellular,8,jul,290,1,-1,0,unknown
13073,cellular,8,jul,85,4,-1,0,unknown
13074,cellular,8,jul,31,3,-1,0,unknown
13075,cellular,8,jul,393,1,-1,0,unknown
13076,cellular,8,jul,82,1,-1,0,unknown
13077,cellular,8,jul,523,3,-1,0,unknown
13078,cellular,8,jul,203,1,-1,0,unknown
13079,cellular,8,jul,136,2,-1,0,unknown
13080,cellular,8,jul,144,4,-1,0,unknown
13081,cellular,8,jul,152,1,-1,0,unknown
13082,cellular,8,jul,119,2,-1,0,unknown
13083,cellular,8,jul,732,1,-1,0,unknown
13084,cellular,8,jul,136,1,-1,0,unknown
13085,cellular,8,jul,733,1,-1,0,unknown
13086,cellular,8,jul,85,1,-1,0,unknown
13087,cellular,8,jul,524,1,-1,0,unknown
13088,telephone,8,jul,377,1,-1,0,unknown
13089,cellular,8,jul,286,1,-1,0,unknown
13090,cellular,8,jul,304,1,-1,0,unknown
13091,cellular,8,jul,106,1,-1,0,unknown
13092,cellular,8,jul,102,1,-1,0,unknown
13093,cellular,8,jul,42,1,-1,0,unknown
13094,cellular,8,jul,240,1,-1,0,unknown
13095,cellular,8,jul,711,1,-1,0,unknown
13096,cellular,8,jul,288,1,-1,0,unknown
13097,cellular,8,jul,215,1,-1,0,unknown
13098,cellular,8,jul,99,1,-1,0,unknown
13099,cellular,8,jul,238,3,-1,0,unknown
13100,cellular,8,jul,136,1,-1,0,unknown
13101,cellular,8,jul,225,1,-1,0,unknown
13102,cellular,8,jul,367,1,-1,0,unknown
13103,cellular,8,jul,188,1,-1,0,unknown
13104,cellular,8,jul,531,1,-1,0,unknown
13105,cellular,8,jul,217,1,-1,0,unknown
13106,cellular,8,jul,256,1,-1,0,unknown
13107,cellular,8,jul,634,1,-1,0,unknown
13108,cellular,8,jul,124,1,-1,0,unknown
13109,cellular,8,jul,260,1,-1,0,unknown
13110,cellular,8,jul,133,2,-1,0,unknown
13111,cellular,8,jul,460,3,-1,0,unknown
13112,cellular,8,jul,113,1,-1,0,unknown
13113,cellular,8,jul,166,1,-1,0,unknown
13114,cellular,8,jul,1046,2,-1,0,unknown
13115,cellular,8,jul,240,1,-1,0,unknown
13116,cellular,8,jul,239,1,-1,0,unknown
13117,cellular,8,jul,116,1,-1,0,unknown
13118,cellular,8,jul,265,1,-1,0,unknown
13119,telephone,8,jul,176,1,-1,0,unknown
13120,cellular,8,jul,130,1,-1,0,unknown
13121,cellular,8,jul,130,1,-1,0,unknown
13122,cellular,8,jul,96,2,-1,0,unknown
13123,cellular,8,jul,272,1,-1,0,unknown
13124,cellular,8,jul,71,1,-1,0,unknown
13125,cellular,8,jul,705,1,-1,0,unknown
13126,cellular,8,jul,428,1,-1,0,unknown
13127,cellular,8,jul,106,1,-1,0,unknown
13128,cellular,8,jul,185,2,-1,0,unknown
13129,cellular,8,jul,455,1,-1,0,unknown
13130,cellular,8,jul,187,2,-1,0,unknown
13131,cellular,8,jul,253,1,-1,0,unknown
13132,cellular,8,jul,154,1,-1,0,unknown
13133,cellular,8,jul,114,1,-1,0,unknown
13134,cellular,8,jul,154,1,-1,0,unknown
13135,cellular,8,jul,201,1,-1,0,unknown
13136,cellular,8,jul,574,2,-1,0,unknown
13137,cellular,8,jul,202,2,-1,0,unknown
13138,cellular,8,jul,46,1,-1,0,unknown
13139,cellular,8,jul,401,2,-1,0,unknown
13140,cellular,8,jul,191,1,-1,0,unknown
13141,telephone,8,jul,291,1,-1,0,unknown
13142,cellular,8,jul,362,1,-1,0,unknown
13143,cellular,8,jul,92,2,-1,0,unknown
13144,telephone,8,jul,287,1,-1,0,unknown
13145,cellular,8,jul,220,2,-1,0,unknown
13146,cellular,8,jul,574,2,-1,0,unknown
13147,cellular,8,jul,249,3,-1,0,unknown
13148,cellular,8,jul,82,4,-1,0,unknown
13149,cellular,8,jul,359,1,-1,0,unknown
13150,cellular,8,jul,443,1,-1,0,unknown
13151,cellular,8,jul,165,1,-1,0,unknown
13152,telephone,8,jul,190,1,-1,0,unknown
13153,telephone,8,jul,186,2,-1,0,unknown
13154,cellular,8,jul,325,1,-1,0,unknown
13155,cellular,8,jul,1767,2,-1,0,unknown
13156,cellular,8,jul,145,2,-1,0,unknown
13157,cellular,8,jul,267,2,-1,0,unknown
13158,cellular,8,jul,188,1,-1,0,unknown
13159,cellular,8,jul,199,1,-1,0,unknown
13160,cellular,8,jul,141,3,-1,0,unknown
13161,cellular,8,jul,167,2,-1,0,unknown
13162,cellular,8,jul,545,3,-1,0,unknown
13163,cellular,8,jul,148,2,-1,0,unknown
13164,cellular,8,jul,681,1,-1,0,unknown
13165,cellular,8,jul,489,1,-1,0,unknown
13166,cellular,8,jul,483,2,-1,0,unknown
13167,cellular,8,jul,165,1,-1,0,unknown
13168,telephone,8,jul,132,7,-1,0,unknown
13169,cellular,8,jul,245,1,-1,0,unknown
13170,cellular,8,jul,156,1,-1,0,unknown
13171,cellular,8,jul,173,1,-1,0,unknown
13172,cellular,8,jul,310,1,-1,0,unknown
13173,cellular,8,jul,214,1,-1,0,unknown
13174,cellular,8,jul,1082,1,-1,0,unknown
13175,cellular,8,jul,206,1,-1,0,unknown
13176,cellular,8,jul,143,2,-1,0,unknown
13177,cellular,8,jul,730,1,-1,0,unknown
13178,cellular,8,jul,119,2,-1,0,unknown
13179,cellular,8,jul,125,2,-1,0,unknown
13180,cellular,8,jul,259,1,-1,0,unknown
13181,cellular,8,jul,154,1,-1,0,unknown
13182,cellular,8,jul,70,2,-1,0,unknown
13183,cellular,8,jul,211,2,-1,0,unknown
13184,cellular,8,jul,163,1,-1,0,unknown
13185,cellular,8,jul,123,4,-1,0,unknown
13186,cellular,8,jul,716,5,-1,0,unknown
13187,cellular,8,jul,86,2,-1,0,unknown
13188,cellular,8,jul,116,2,-1,0,unknown
13189,cellular,8,jul,250,2,-1,0,unknown
13190,cellular,8,jul,338,3,-1,0,unknown
13191,cellular,8,jul,175,1,-1,0,unknown
13192,cellular,8,jul,212,1,-1,0,unknown
13193,telephone,8,jul,77,2,-1,0,unknown
13194,cellular,8,jul,413,1,-1,0,unknown
13195,cellular,8,jul,97,6,-1,0,unknown
13196,cellular,8,jul,135,1,-1,0,unknown
13197,cellular,8,jul,528,2,-1,0,unknown
13198,cellular,8,jul,361,1,-1,0,unknown
13199,cellular,8,jul,293,1,-1,0,unknown
13200,cellular,8,jul,220,1,-1,0,unknown
13201,cellular,8,jul,803,2,-1,0,unknown
13202,cellular,8,jul,217,1,-1,0,unknown
13203,cellular,8,jul,188,1,-1,0,unknown
13204,cellular,8,jul,604,1,-1,0,unknown
13205,cellular,8,jul,159,2,-1,0,unknown
13206,cellular,8,jul,498,1,-1,0,unknown
13207,cellular,8,jul,220,4,-1,0,unknown
13208,cellular,8,jul,285,1,-1,0,unknown
13209,cellular,8,jul,231,1,-1,0,unknown
13210,cellular,8,jul,305,1,-1,0,unknown
13211,cellular,8,jul,96,1,-1,0,unknown
13212,cellular,8,jul,221,1,-1,0,unknown
13213,cellular,8,jul,454,1,-1,0,unknown
13214,cellular,8,jul,215,2,-1,0,unknown
13215,cellular,8,jul,764,5,-1,0,unknown
13216,cellular,8,jul,163,1,-1,0,unknown
13217,cellular,8,jul,121,1,-1,0,unknown
13218,cellular,8,jul,185,1,-1,0,unknown
13219,cellular,8,jul,297,1,-1,0,unknown
13220,cellular,8,jul,266,1,-1,0,unknown
13221,cellular,8,jul,303,1,-1,0,unknown
13222,cellular,8,jul,266,1,-1,0,unknown
13223,telephone,8,jul,112,1,-1,0,unknown
13224,cellular,8,jul,424,1,-1,0,unknown
13225,cellular,8,jul,61,3,-1,0,unknown
13226,cellular,8,jul,306,2,-1,0,unknown
13227,cellular,8,jul,1027,1,-1,0,unknown
13228,cellular,8,jul,831,1,-1,0,unknown
13229,cellular,8,jul,510,1,-1,0,unknown
13230,cellular,8,jul,338,2,-1,0,unknown
13231,cellular,8,jul,107,2,-1,0,unknown
13232,cellular,8,jul,210,2,-1,0,unknown
13233,cellular,8,jul,138,1,-1,0,unknown
13234,cellular,8,jul,58,1,-1,0,unknown
13235,cellular,8,jul,305,2,-1,0,unknown
13236,cellular,8,jul,312,2,-1,0,unknown
13237,cellular,8,jul,283,1,-1,0,unknown
13238,cellular,8,jul,55,1,-1,0,unknown
13239,cellular,8,jul,360,4,-1,0,unknown
13240,cellular,8,jul,327,5,-1,0,unknown
13241,cellular,8,jul,216,1,-1,0,unknown
13242,cellular,8,jul,76,2,-1,0,unknown
13243,cellular,8,jul,202,2,-1,0,unknown
13244,cellular,8,jul,108,1,-1,0,unknown
13245,cellular,8,jul,194,3,-1,0,unknown
13246,cellular,8,jul,165,3,-1,0,unknown
13247,cellular,8,jul,141,2,-1,0,unknown
13248,cellular,8,jul,82,1,-1,0,unknown
13249,cellular,8,jul,84,3,-1,0,unknown
13250,cellular,8,jul,89,1,-1,0,unknown
13251,cellular,8,jul,136,1,-1,0,unknown
13252,cellular,8,jul,203,1,-1,0,unknown
13253,cellular,8,jul,54,2,-1,0,unknown
13254,cellular,8,jul,632,2,-1,0,unknown
13255,cellular,8,jul,158,1,-1,0,unknown
13256,cellular,8,jul,192,1,-1,0,unknown
13257,cellular,8,jul,144,1,-1,0,unknown
13258,cellular,8,jul,251,1,-1,0,unknown
13259,cellular,8,jul,319,4,-1,0,unknown
13260,cellular,8,jul,635,1,-1,0,unknown
13261,cellular,8,jul,584,2,-1,0,unknown
13262,cellular,8,jul,157,8,-1,0,unknown
13263,cellular,8,jul,117,2,-1,0,unknown
13264,cellular,8,jul,606,2,-1,0,unknown
13265,cellular,8,jul,78,4,-1,0,unknown
13266,cellular,8,jul,119,3,-1,0,unknown
13267,cellular,8,jul,192,2,-1,0,unknown
13268,cellular,8,jul,1720,4,-1,0,unknown
13269,cellular,8,jul,355,1,-1,0,unknown
13270,cellular,8,jul,452,3,-1,0,unknown
13271,cellular,8,jul,460,2,-1,0,unknown
13272,cellular,8,jul,819,3,-1,0,unknown
13273,cellular,8,jul,447,2,-1,0,unknown
13274,cellular,8,jul,294,2,-1,0,unknown
13275,telephone,8,jul,63,3,-1,0,unknown
13276,cellular,8,jul,518,2,-1,0,unknown
13277,telephone,8,jul,336,4,-1,0,unknown
13278,cellular,8,jul,171,2,-1,0,unknown
13279,cellular,8,jul,326,6,-1,0,unknown
13280,cellular,8,jul,55,2,-1,0,unknown
13281,cellular,8,jul,302,3,-1,0,unknown
13282,cellular,8,jul,323,2,-1,0,unknown
13283,telephone,8,jul,346,2,-1,0,unknown
13284,cellular,8,jul,291,2,-1,0,unknown
13285,cellular,8,jul,426,3,-1,0,unknown
13286,cellular,8,jul,483,2,-1,0,unknown
13287,telephone,8,jul,107,3,-1,0,unknown
13288,cellular,8,jul,474,2,-1,0,unknown
13289,cellular,8,jul,289,1,-1,0,unknown
13290,cellular,8,jul,517,2,-1,0,unknown
13291,telephone,8,jul,71,1,-1,0,unknown
13292,cellular,8,jul,554,1,-1,0,unknown
13293,cellular,8,jul,96,1,-1,0,unknown
13294,cellular,8,jul,59,1,-1,0,unknown
13295,cellular,8,jul,228,2,-1,0,unknown
13296,cellular,8,jul,150,2,-1,0,unknown
13297,cellular,8,jul,154,3,-1,0,unknown
13298,cellular,8,jul,658,2,-1,0,unknown
13299,cellular,8,jul,117,3,-1,0,unknown
13300,cellular,8,jul,362,2,-1,0,unknown
13301,cellular,8,jul,145,12,-1,0,unknown
13302,cellular,8,jul,1061,4,-1,0,unknown
13303,cellular,8,jul,236,2,-1,0,unknown
13304,cellular,8,jul,268,2,-1,0,unknown
13305,cellular,8,jul,237,3,-1,0,unknown
13306,cellular,8,jul,378,1,-1,0,unknown
13307,cellular,8,jul,171,1,-1,0,unknown
13308,cellular,8,jul,514,5,-1,0,unknown
13309,cellular,8,jul,392,2,-1,0,unknown
13310,cellular,8,jul,218,3,-1,0,unknown
13311,cellular,8,jul,21,35,-1,0,unknown
13312,telephone,8,jul,116,2,-1,0,unknown
13313,cellular,8,jul,201,9,-1,0,unknown
13314,cellular,8,jul,520,3,-1,0,unknown
13315,cellular,8,jul,137,3,-1,0,unknown
13316,cellular,8,jul,82,4,-1,0,unknown
13317,cellular,8,jul,687,2,-1,0,unknown
13318,telephone,8,jul,243,5,-1,0,unknown
13319,telephone,8,jul,212,2,-1,0,unknown
13320,telephone,8,jul,49,7,-1,0,unknown
13321,telephone,8,jul,65,3,-1,0,unknown
13322,cellular,8,jul,376,1,-1,0,unknown
13323,cellular,8,jul,476,2,-1,0,unknown
13324,telephone,8,jul,379,3,-1,0,unknown
13325,cellular,8,jul,141,4,-1,0,unknown
13326,cellular,8,jul,155,2,-1,0,unknown
13327,cellular,8,jul,90,2,-1,0,unknown
13328,telephone,8,jul,17,4,-1,0,unknown
13329,cellular,8,jul,187,2,-1,0,unknown
13330,cellular,8,jul,416,4,-1,0,unknown
13331,telephone,8,jul,389,7,-1,0,unknown
13332,cellular,8,jul,283,2,-1,0,unknown
13333,telephone,8,jul,554,3,-1,0,unknown
13334,cellular,8,jul,22,3,-1,0,unknown
13335,cellular,8,jul,38,2,-1,0,unknown
13336,cellular,8,jul,212,2,-1,0,unknown
13337,cellular,8,jul,249,2,-1,0,unknown
13338,cellular,8,jul,227,2,-1,0,unknown
13339,cellular,8,jul,256,2,-1,0,unknown
13340,telephone,8,jul,153,1,-1,0,unknown
13341,cellular,8,jul,120,3,-1,0,unknown
13342,cellular,8,jul,241,3,-1,0,unknown
13343,telephone,8,jul,103,1,-1,0,unknown
13344,telephone,8,jul,114,3,-1,0,unknown
13345,cellular,8,jul,861,3,-1,0,unknown
13346,telephone,8,jul,127,3,-1,0,unknown
13347,cellular,8,jul,250,2,-1,0,unknown
13348,cellular,8,jul,529,5,-1,0,unknown
13349,cellular,8,jul,244,3,-1,0,unknown
13350,cellular,8,jul,199,1,-1,0,unknown
13351,telephone,8,jul,104,3,-1,0,unknown
13352,cellular,8,jul,191,1,-1,0,unknown
13353,cellular,8,jul,161,1,-1,0,unknown
13354,cellular,8,jul,89,1,-1,0,unknown
13355,cellular,8,jul,214,4,-1,0,unknown
13356,cellular,8,jul,75,1,-1,0,unknown
13357,cellular,8,jul,1111,1,-1,0,unknown
13358,cellular,8,jul,99,9,-1,0,unknown
13359,cellular,8,jul,183,5,-1,0,unknown
13360,cellular,8,jul,173,1,-1,0,unknown
13361,cellular,8,jul,329,4,-1,0,unknown
13362,cellular,8,jul,225,2,-1,0,unknown
13363,cellular,8,jul,210,2,-1,0,unknown
13364,telephone,8,jul,201,3,-1,0,unknown
13365,telephone,8,jul,320,3,-1,0,unknown
13366,cellular,8,jul,1011,1,-1,0,unknown
13367,telephone,8,jul,280,5,-1,0,unknown
13368,cellular,9,jul,184,1,-1,0,unknown
13369,cellular,9,jul,75,1,-1,0,unknown
13370,cellular,9,jul,353,1,-1,0,unknown
13371,cellular,9,jul,126,1,-1,0,unknown
13372,cellular,9,jul,183,1,-1,0,unknown
13373,cellular,9,jul,134,1,-1,0,unknown
13374,cellular,9,jul,254,1,-1,0,unknown
13375,cellular,9,jul,394,1,-1,0,unknown
13376,cellular,9,jul,139,1,-1,0,unknown
13377,cellular,9,jul,80,2,-1,0,unknown
13378,cellular,9,jul,53,3,-1,0,unknown
13379,cellular,9,jul,129,2,-1,0,unknown
13380,cellular,9,jul,618,1,-1,0,unknown
13381,telephone,9,jul,250,1,-1,0,unknown
13382,cellular,9,jul,82,1,-1,0,unknown
13383,cellular,9,jul,158,1,-1,0,unknown
13384,cellular,9,jul,1272,1,-1,0,unknown
13385,cellular,9,jul,182,1,-1,0,unknown
13386,cellular,9,jul,95,1,-1,0,unknown
13387,cellular,9,jul,72,1,-1,0,unknown
13388,cellular,9,jul,150,3,-1,0,unknown
13389,cellular,9,jul,98,1,-1,0,unknown
13390,cellular,9,jul,132,1,-1,0,unknown
13391,cellular,9,jul,259,3,-1,0,unknown
13392,cellular,9,jul,205,1,-1,0,unknown
13393,cellular,9,jul,261,3,-1,0,unknown
13394,cellular,9,jul,323,1,-1,0,unknown
13395,cellular,9,jul,537,1,-1,0,unknown
13396,cellular,9,jul,64,1,-1,0,unknown
13397,telephone,9,jul,42,1,-1,0,unknown
13398,cellular,9,jul,618,1,-1,0,unknown
13399,cellular,9,jul,406,1,-1,0,unknown
13400,cellular,9,jul,183,1,-1,0,unknown
13401,cellular,9,jul,112,2,-1,0,unknown
13402,cellular,9,jul,199,2,-1,0,unknown
13403,cellular,9,jul,296,1,-1,0,unknown
13404,cellular,9,jul,206,1,-1,0,unknown
13405,cellular,9,jul,133,2,-1,0,unknown
13406,cellular,9,jul,317,1,-1,0,unknown
13407,cellular,9,jul,97,1,-1,0,unknown
13408,cellular,9,jul,128,1,-1,0,unknown
13409,cellular,9,jul,296,1,-1,0,unknown
13410,cellular,9,jul,74,1,-1,0,unknown
13411,cellular,9,jul,126,1,-1,0,unknown
13412,cellular,9,jul,389,3,-1,0,unknown
13413,cellular,9,jul,99,2,-1,0,unknown
13414,cellular,9,jul,99,2,-1,0,unknown
13415,cellular,9,jul,194,1,-1,0,unknown
13416,cellular,9,jul,420,1,-1,0,unknown
13417,cellular,9,jul,96,1,-1,0,unknown
13418,telephone,9,jul,138,3,-1,0,unknown
13419,cellular,9,jul,110,1,-1,0,unknown
13420,cellular,9,jul,55,1,-1,0,unknown
13421,cellular,9,jul,45,1,-1,0,unknown
13422,cellular,9,jul,175,1,-1,0,unknown
13423,cellular,9,jul,153,2,-1,0,unknown
13424,cellular,9,jul,185,1,-1,0,unknown
13425,cellular,9,jul,62,1,-1,0,unknown
13426,cellular,9,jul,72,1,-1,0,unknown
13427,cellular,9,jul,51,1,-1,0,unknown
13428,cellular,9,jul,94,1,-1,0,unknown
13429,cellular,9,jul,93,1,-1,0,unknown
13430,cellular,9,jul,272,1,-1,0,unknown
13431,cellular,9,jul,295,1,-1,0,unknown
13432,cellular,9,jul,42,1,-1,0,unknown
13433,cellular,9,jul,225,2,-1,0,unknown
13434,cellular,9,jul,127,1,-1,0,unknown
13435,cellular,9,jul,85,1,-1,0,unknown
13436,telephone,9,jul,42,1,-1,0,unknown
13437,cellular,9,jul,55,1,-1,0,unknown
13438,cellular,9,jul,206,1,-1,0,unknown
13439,cellular,9,jul,781,1,-1,0,unknown
13440,cellular,9,jul,113,2,-1,0,unknown
13441,cellular,9,jul,275,1,-1,0,unknown
13442,cellular,9,jul,92,1,-1,0,unknown
13443,cellular,9,jul,157,1,-1,0,unknown
13444,telephone,9,jul,16,1,-1,0,unknown
13445,cellular,9,jul,89,1,-1,0,unknown
13446,cellular,9,jul,205,1,-1,0,unknown
13447,cellular,9,jul,128,1,-1,0,unknown
13448,cellular,9,jul,65,1,-1,0,unknown
13449,cellular,9,jul,515,1,-1,0,unknown
13450,cellular,9,jul,194,1,-1,0,unknown
13451,cellular,9,jul,147,1,-1,0,unknown
13452,cellular,9,jul,112,1,-1,0,unknown
13453,telephone,9,jul,25,1,-1,0,unknown
13454,cellular,9,jul,285,1,-1,0,unknown
13455,cellular,9,jul,61,1,-1,0,unknown
13456,cellular,9,jul,174,1,-1,0,unknown
13457,cellular,9,jul,42,1,-1,0,unknown
13458,cellular,9,jul,1486,1,-1,0,unknown
13459,cellular,9,jul,130,1,-1,0,unknown
13460,cellular,9,jul,44,1,-1,0,unknown
13461,cellular,9,jul,145,1,-1,0,unknown
13462,telephone,9,jul,238,8,-1,0,unknown
13463,cellular,9,jul,160,2,-1,0,unknown
13464,cellular,9,jul,645,1,-1,0,unknown
13465,cellular,9,jul,254,1,-1,0,unknown
13466,cellular,9,jul,1242,1,-1,0,unknown
13467,telephone,9,jul,990,1,-1,0,unknown
13468,cellular,9,jul,64,1,-1,0,unknown
13469,cellular,9,jul,219,1,-1,0,unknown
13470,cellular,9,jul,115,1,-1,0,unknown
13471,cellular,9,jul,113,1,-1,0,unknown
13472,cellular,9,jul,126,1,-1,0,unknown
13473,cellular,9,jul,662,1,-1,0,unknown
13474,cellular,9,jul,625,1,-1,0,unknown
13475,cellular,9,jul,189,1,-1,0,unknown
13476,cellular,9,jul,124,1,-1,0,unknown
13477,cellular,9,jul,321,1,-1,0,unknown
13478,cellular,9,jul,102,1,-1,0,unknown
13479,cellular,9,jul,482,1,-1,0,unknown
13480,cellular,9,jul,727,3,-1,0,unknown
13481,cellular,9,jul,147,1,-1,0,unknown
13482,cellular,9,jul,127,1,-1,0,unknown
13483,cellular,9,jul,36,6,-1,0,unknown
13484,cellular,9,jul,73,3,-1,0,unknown
13485,cellular,9,jul,189,1,-1,0,unknown
13486,cellular,9,jul,127,1,-1,0,unknown
13487,telephone,9,jul,130,2,-1,0,unknown
13488,telephone,9,jul,196,1,-1,0,unknown
13489,cellular,9,jul,290,13,-1,0,unknown
13490,cellular,9,jul,112,1,-1,0,unknown
13491,cellular,9,jul,389,5,-1,0,unknown
13492,cellular,9,jul,310,1,-1,0,unknown
13493,cellular,9,jul,294,1,-1,0,unknown
13494,cellular,9,jul,611,2,-1,0,unknown
13495,cellular,9,jul,62,1,-1,0,unknown
13496,cellular,9,jul,259,1,-1,0,unknown
13497,cellular,9,jul,160,1,-1,0,unknown
13498,cellular,9,jul,177,1,-1,0,unknown
13499,cellular,9,jul,156,1,-1,0,unknown
13500,cellular,9,jul,275,1,-1,0,unknown
13501,cellular,9,jul,427,1,-1,0,unknown
13502,cellular,9,jul,143,1,-1,0,unknown
13503,cellular,9,jul,92,1,-1,0,unknown
13504,cellular,9,jul,175,1,-1,0,unknown
13505,cellular,9,jul,148,2,-1,0,unknown
13506,cellular,9,jul,366,1,-1,0,unknown
13507,cellular,9,jul,138,1,-1,0,unknown
13508,cellular,9,jul,121,1,-1,0,unknown
13509,cellular,9,jul,337,1,-1,0,unknown
13510,cellular,9,jul,236,1,-1,0,unknown
13511,telephone,9,jul,52,1,-1,0,unknown
13512,telephone,9,jul,36,2,-1,0,unknown
13513,cellular,9,jul,90,10,-1,0,unknown
13514,cellular,9,jul,426,3,-1,0,unknown
13515,cellular,9,jul,127,1,-1,0,unknown
13516,cellular,9,jul,180,1,-1,0,unknown
13517,cellular,9,jul,98,1,-1,0,unknown
13518,cellular,9,jul,111,1,-1,0,unknown
13519,cellular,9,jul,90,1,-1,0,unknown
13520,cellular,9,jul,72,1,-1,0,unknown
13521,cellular,9,jul,113,1,-1,0,unknown
13522,telephone,9,jul,54,1,-1,0,unknown
13523,cellular,9,jul,1121,1,-1,0,unknown
13524,cellular,9,jul,236,1,-1,0,unknown
13525,cellular,9,jul,81,1,-1,0,unknown
13526,cellular,9,jul,628,1,-1,0,unknown
13527,cellular,9,jul,118,1,-1,0,unknown
13528,cellular,9,jul,119,1,-1,0,unknown
13529,cellular,9,jul,171,1,-1,0,unknown
13530,cellular,9,jul,71,6,-1,0,unknown
13531,cellular,9,jul,1156,1,-1,0,unknown
13532,cellular,9,jul,668,1,-1,0,unknown
13533,cellular,9,jul,134,1,-1,0,unknown
13534,cellular,9,jul,128,2,-1,0,unknown
13535,cellular,9,jul,171,2,-1,0,unknown
13536,cellular,9,jul,76,2,-1,0,unknown
13537,cellular,9,jul,89,3,-1,0,unknown
13538,cellular,9,jul,277,1,-1,0,unknown
13539,cellular,9,jul,78,1,-1,0,unknown
13540,cellular,9,jul,188,1,-1,0,unknown
13541,cellular,9,jul,869,1,-1,0,unknown
13542,cellular,9,jul,197,1,-1,0,unknown
13543,cellular,9,jul,125,1,-1,0,unknown
13544,cellular,9,jul,98,1,-1,0,unknown
13545,cellular,9,jul,556,5,-1,0,unknown
13546,cellular,9,jul,175,1,-1,0,unknown
13547,telephone,9,jul,87,8,-1,0,unknown
13548,cellular,9,jul,100,5,-1,0,unknown
13549,telephone,9,jul,31,1,-1,0,unknown
13550,cellular,9,jul,205,2,-1,0,unknown
13551,cellular,9,jul,167,1,-1,0,unknown
13552,cellular,9,jul,108,2,-1,0,unknown
13553,cellular,9,jul,180,1,-1,0,unknown
13554,cellular,9,jul,31,1,-1,0,unknown
13555,cellular,9,jul,96,2,-1,0,unknown
13556,cellular,9,jul,133,1,-1,0,unknown
13557,cellular,9,jul,161,1,-1,0,unknown
13558,cellular,9,jul,130,1,-1,0,unknown
13559,cellular,9,jul,145,1,-1,0,unknown
13560,cellular,9,jul,80,1,-1,0,unknown
13561,cellular,9,jul,108,1,-1,0,unknown
13562,telephone,9,jul,145,2,-1,0,unknown
13563,cellular,9,jul,532,1,-1,0,unknown
13564,cellular,9,jul,91,1,-1,0,unknown
13565,cellular,9,jul,124,2,-1,0,unknown
13566,cellular,9,jul,279,1,-1,0,unknown
13567,cellular,9,jul,143,1,-1,0,unknown
13568,cellular,9,jul,100,4,-1,0,unknown
13569,cellular,9,jul,178,2,-1,0,unknown
13570,cellular,9,jul,103,1,-1,0,unknown
13571,cellular,9,jul,144,5,-1,0,unknown
13572,cellular,9,jul,71,1,-1,0,unknown
13573,cellular,9,jul,332,1,-1,0,unknown
13574,telephone,9,jul,693,2,-1,0,unknown
13575,cellular,9,jul,225,2,-1,0,unknown
13576,cellular,9,jul,289,1,-1,0,unknown
13577,telephone,9,jul,224,1,-1,0,unknown
13578,cellular,9,jul,224,1,-1,0,unknown
13579,cellular,9,jul,125,1,-1,0,unknown
13580,telephone,9,jul,672,6,-1,0,unknown
13581,cellular,9,jul,219,1,-1,0,unknown
13582,cellular,9,jul,192,2,-1,0,unknown
13583,cellular,9,jul,160,1,-1,0,unknown
13584,cellular,9,jul,173,1,-1,0,unknown
13585,cellular,9,jul,94,1,-1,0,unknown
13586,cellular,9,jul,176,1,-1,0,unknown
13587,cellular,9,jul,74,1,-1,0,unknown
13588,cellular,9,jul,378,1,-1,0,unknown
13589,cellular,9,jul,70,1,-1,0,unknown
13590,cellular,9,jul,294,1,-1,0,unknown
13591,telephone,9,jul,183,2,-1,0,unknown
13592,cellular,9,jul,643,1,-1,0,unknown
13593,cellular,9,jul,203,3,-1,0,unknown
13594,cellular,9,jul,313,1,-1,0,unknown
13595,cellular,9,jul,364,1,-1,0,unknown
13596,cellular,9,jul,171,5,-1,0,unknown
13597,cellular,9,jul,290,2,-1,0,unknown
13598,cellular,9,jul,659,1,-1,0,unknown
13599,cellular,9,jul,77,1,-1,0,unknown
13600,cellular,9,jul,140,3,-1,0,unknown
13601,cellular,9,jul,87,1,-1,0,unknown
13602,cellular,9,jul,176,1,-1,0,unknown
13603,cellular,9,jul,458,1,-1,0,unknown
13604,cellular,9,jul,384,1,-1,0,unknown
13605,cellular,9,jul,174,7,-1,0,unknown
13606,cellular,9,jul,295,1,-1,0,unknown
13607,cellular,9,jul,90,1,-1,0,unknown
13608,telephone,9,jul,206,1,-1,0,unknown
13609,telephone,9,jul,304,1,-1,0,unknown
13610,telephone,9,jul,49,1,-1,0,unknown
13611,cellular,9,jul,181,1,-1,0,unknown
13612,telephone,9,jul,106,1,-1,0,unknown
13613,cellular,9,jul,601,1,-1,0,unknown
13614,cellular,9,jul,113,1,-1,0,unknown
13615,cellular,9,jul,219,1,-1,0,unknown
13616,cellular,9,jul,208,1,-1,0,unknown
13617,cellular,9,jul,359,1,-1,0,unknown
13618,cellular,9,jul,388,1,-1,0,unknown
13619,cellular,9,jul,397,6,-1,0,unknown
13620,cellular,9,jul,431,1,-1,0,unknown
13621,cellular,9,jul,71,1,-1,0,unknown
13622,cellular,9,jul,347,1,-1,0,unknown
13623,cellular,9,jul,977,4,-1,0,unknown
13624,cellular,9,jul,218,3,-1,0,unknown
13625,cellular,9,jul,676,5,-1,0,unknown
13626,telephone,9,jul,74,1,-1,0,unknown
13627,cellular,9,jul,240,2,-1,0,unknown
13628,telephone,9,jul,83,1,-1,0,unknown
13629,cellular,9,jul,247,3,-1,0,unknown
13630,telephone,9,jul,271,1,-1,0,unknown
13631,telephone,9,jul,233,7,-1,0,unknown
13632,cellular,9,jul,425,1,-1,0,unknown
13633,cellular,9,jul,293,1,-1,0,unknown
13634,cellular,9,jul,391,1,-1,0,unknown
13635,cellular,9,jul,432,1,-1,0,unknown
13636,cellular,9,jul,411,1,-1,0,unknown
13637,cellular,9,jul,61,4,-1,0,unknown
13638,cellular,9,jul,359,5,-1,0,unknown
13639,cellular,9,jul,530,2,-1,0,unknown
13640,unknown,9,jul,399,8,-1,0,unknown
13641,cellular,9,jul,328,3,-1,0,unknown
13642,telephone,9,jul,446,1,-1,0,unknown
13643,cellular,9,jul,211,11,-1,0,unknown
13644,cellular,9,jul,266,1,-1,0,unknown
13645,cellular,9,jul,263,2,-1,0,unknown
13646,cellular,9,jul,226,2,-1,0,unknown
13647,cellular,9,jul,231,2,-1,0,unknown
13648,cellular,9,jul,364,1,-1,0,unknown
13649,telephone,9,jul,60,1,-1,0,unknown
13650,cellular,9,jul,171,3,-1,0,unknown
13651,cellular,9,jul,243,5,-1,0,unknown
13652,unknown,9,jul,137,16,-1,0,unknown
13653,cellular,9,jul,593,2,-1,0,unknown
13654,telephone,9,jul,148,1,-1,0,unknown
13655,cellular,9,jul,156,1,-1,0,unknown
13656,telephone,9,jul,246,3,-1,0,unknown
13657,cellular,9,jul,445,2,-1,0,unknown
13658,telephone,9,jul,337,1,-1,0,unknown
13659,cellular,9,jul,1014,1,-1,0,unknown
13660,cellular,9,jul,399,17,-1,0,unknown
13661,unknown,9,jul,85,5,-1,0,unknown
13662,cellular,9,jul,173,1,-1,0,unknown
13663,unknown,9,jul,10,20,-1,0,unknown
13664,telephone,9,jul,17,1,-1,0,unknown
13665,unknown,9,jul,197,1,-1,0,unknown
13666,cellular,9,jul,1290,4,-1,0,unknown
13667,unknown,9,jul,297,5,-1,0,unknown
13668,cellular,9,jul,281,3,-1,0,unknown
13669,cellular,9,jul,564,5,-1,0,unknown
13670,unknown,9,jul,193,4,-1,0,unknown
13671,cellular,9,jul,128,2,-1,0,unknown
13672,telephone,9,jul,76,1,-1,0,unknown
13673,telephone,9,jul,39,1,-1,0,unknown
13674,unknown,9,jul,300,1,-1,0,unknown
13675,telephone,9,jul,16,43,-1,0,unknown
13676,telephone,9,jul,20,5,-1,0,unknown
13677,cellular,9,jul,115,2,-1,0,unknown
13678,cellular,9,jul,175,1,-1,0,unknown
13679,cellular,9,jul,90,1,-1,0,unknown
13680,cellular,9,jul,607,4,-1,0,unknown
13681,telephone,9,jul,236,4,-1,0,unknown
13682,cellular,9,jul,150,1,-1,0,unknown
13683,telephone,9,jul,56,1,-1,0,unknown
13684,cellular,9,jul,799,6,-1,0,unknown
13685,telephone,9,jul,372,1,-1,0,unknown
13686,cellular,9,jul,1439,6,-1,0,unknown
13687,unknown,9,jul,120,3,-1,0,unknown
13688,unknown,9,jul,119,1,-1,0,unknown
13689,unknown,9,jul,130,6,-1,0,unknown
13690,cellular,9,jul,919,2,-1,0,unknown
13691,cellular,9,jul,227,1,-1,0,unknown
13692,cellular,9,jul,497,1,-1,0,unknown
13693,cellular,9,jul,170,1,-1,0,unknown
13694,cellular,9,jul,89,1,-1,0,unknown
13695,cellular,9,jul,185,1,-1,0,unknown
13696,cellular,9,jul,630,4,-1,0,unknown
13697,unknown,9,jul,139,1,-1,0,unknown
13698,cellular,9,jul,196,1,-1,0,unknown
13699,cellular,9,jul,41,12,-1,0,unknown
13700,cellular,9,jul,134,4,-1,0,unknown
13701,cellular,9,jul,1426,3,-1,0,unknown
13702,cellular,10,jul,121,1,-1,0,unknown
13703,cellular,10,jul,307,1,-1,0,unknown
13704,telephone,10,jul,37,1,-1,0,unknown
13705,cellular,10,jul,75,1,-1,0,unknown
13706,cellular,10,jul,151,1,-1,0,unknown
13707,cellular,10,jul,143,1,-1,0,unknown
13708,telephone,10,jul,317,2,-1,0,unknown
13709,cellular,10,jul,168,1,-1,0,unknown
13710,cellular,10,jul,122,1,-1,0,unknown
13711,cellular,10,jul,67,1,-1,0,unknown
13712,telephone,10,jul,29,1,-1,0,unknown
13713,cellular,10,jul,214,1,-1,0,unknown
13714,cellular,10,jul,347,1,-1,0,unknown
13715,cellular,10,jul,88,1,-1,0,unknown
13716,cellular,10,jul,305,1,-1,0,unknown
13717,cellular,10,jul,111,1,-1,0,unknown
13718,cellular,10,jul,281,1,-1,0,unknown
13719,cellular,10,jul,241,4,-1,0,unknown
13720,cellular,10,jul,185,1,-1,0,unknown
13721,cellular,10,jul,901,1,-1,0,unknown
13722,cellular,10,jul,235,1,-1,0,unknown
13723,cellular,10,jul,144,1,-1,0,unknown
13724,cellular,10,jul,266,1,-1,0,unknown
13725,cellular,10,jul,121,3,-1,0,unknown
13726,cellular,10,jul,162,6,-1,0,unknown
13727,cellular,10,jul,192,1,-1,0,unknown
13728,cellular,10,jul,124,1,-1,0,unknown
13729,cellular,10,jul,108,2,-1,0,unknown
13730,cellular,10,jul,93,1,-1,0,unknown
13731,cellular,10,jul,998,4,-1,0,unknown
13732,cellular,10,jul,1019,1,-1,0,unknown
13733,telephone,10,jul,73,1,-1,0,unknown
13734,cellular,10,jul,211,1,-1,0,unknown
13735,cellular,10,jul,156,1,-1,0,unknown
13736,cellular,10,jul,119,5,-1,0,unknown
13737,telephone,10,jul,30,2,-1,0,unknown
13738,cellular,10,jul,402,1,-1,0,unknown
13739,cellular,10,jul,371,1,-1,0,unknown
13740,cellular,10,jul,226,1,-1,0,unknown
13741,cellular,10,jul,105,1,-1,0,unknown
13742,cellular,10,jul,218,1,-1,0,unknown
13743,cellular,10,jul,158,1,-1,0,unknown
13744,cellular,10,jul,168,1,-1,0,unknown
13745,cellular,10,jul,387,1,-1,0,unknown
13746,cellular,10,jul,68,1,-1,0,unknown
13747,cellular,10,jul,217,1,-1,0,unknown
13748,cellular,10,jul,183,1,-1,0,unknown
13749,cellular,10,jul,129,1,-1,0,unknown
13750,cellular,10,jul,121,1,-1,0,unknown
13751,cellular,10,jul,41,1,-1,0,unknown
13752,cellular,10,jul,327,1,-1,0,unknown
13753,cellular,10,jul,160,1,-1,0,unknown
13754,cellular,10,jul,89,1,-1,0,unknown
13755,cellular,10,jul,105,1,-1,0,unknown
13756,cellular,10,jul,192,1,-1,0,unknown
13757,cellular,10,jul,272,1,-1,0,unknown
13758,telephone,10,jul,364,1,-1,0,unknown
13759,cellular,10,jul,255,1,-1,0,unknown
13760,cellular,10,jul,90,1,-1,0,unknown
13761,cellular,10,jul,624,1,-1,0,unknown
13762,cellular,10,jul,128,6,-1,0,unknown
13763,cellular,10,jul,81,3,-1,0,unknown
13764,cellular,10,jul,51,1,-1,0,unknown
13765,telephone,10,jul,75,1,-1,0,unknown
13766,cellular,10,jul,384,1,-1,0,unknown
13767,cellular,10,jul,268,1,-1,0,unknown
13768,cellular,10,jul,497,1,-1,0,unknown
13769,cellular,10,jul,165,1,-1,0,unknown
13770,cellular,10,jul,42,1,-1,0,unknown
13771,cellular,10,jul,181,1,-1,0,unknown
13772,cellular,10,jul,234,1,-1,0,unknown
13773,telephone,10,jul,121,1,-1,0,unknown
13774,cellular,10,jul,190,1,-1,0,unknown
13775,cellular,10,jul,298,1,-1,0,unknown
13776,cellular,10,jul,356,1,-1,0,unknown
13777,cellular,10,jul,783,1,-1,0,unknown
13778,cellular,10,jul,228,1,-1,0,unknown
13779,cellular,10,jul,1102,1,-1,0,unknown
13780,cellular,10,jul,441,1,-1,0,unknown
13781,cellular,10,jul,370,1,-1,0,unknown
13782,cellular,10,jul,489,1,-1,0,unknown
13783,cellular,10,jul,103,1,-1,0,unknown
13784,cellular,10,jul,277,1,-1,0,unknown
13785,cellular,10,jul,154,1,-1,0,unknown
13786,cellular,10,jul,144,1,-1,0,unknown
13787,cellular,10,jul,633,1,-1,0,unknown
13788,cellular,10,jul,214,1,-1,0,unknown
13789,cellular,10,jul,37,1,-1,0,unknown
13790,cellular,10,jul,793,1,-1,0,unknown
13791,cellular,10,jul,473,1,-1,0,unknown
13792,cellular,10,jul,140,2,-1,0,unknown
13793,cellular,10,jul,412,1,-1,0,unknown
13794,cellular,10,jul,455,1,-1,0,unknown
13795,cellular,10,jul,503,1,-1,0,unknown
13796,cellular,10,jul,439,1,-1,0,unknown
13797,cellular,10,jul,152,1,-1,0,unknown
13798,cellular,10,jul,174,1,-1,0,unknown
13799,cellular,10,jul,804,1,-1,0,unknown
13800,cellular,10,jul,179,1,-1,0,unknown
13801,cellular,10,jul,961,1,-1,0,unknown
13802,cellular,10,jul,347,1,-1,0,unknown
13803,cellular,10,jul,58,1,-1,0,unknown
13804,cellular,10,jul,221,1,-1,0,unknown
13805,cellular,10,jul,329,1,-1,0,unknown
13806,cellular,10,jul,187,1,-1,0,unknown
13807,telephone,10,jul,39,1,-1,0,unknown
13808,cellular,10,jul,982,1,-1,0,unknown
13809,cellular,10,jul,324,1,-1,0,unknown
13810,cellular,10,jul,171,1,-1,0,unknown
13811,cellular,10,jul,149,1,-1,0,unknown
13812,cellular,10,jul,147,1,-1,0,unknown
13813,cellular,10,jul,45,1,-1,0,unknown
13814,cellular,10,jul,224,1,-1,0,unknown
13815,cellular,10,jul,150,1,-1,0,unknown
13816,cellular,10,jul,117,1,-1,0,unknown
13817,cellular,10,jul,95,1,-1,0,unknown
13818,cellular,10,jul,96,1,-1,0,unknown
13819,cellular,10,jul,48,2,-1,0,unknown
13820,cellular,10,jul,292,1,-1,0,unknown
13821,cellular,10,jul,369,6,-1,0,unknown
13822,cellular,10,jul,100,1,-1,0,unknown
13823,cellular,10,jul,184,1,-1,0,unknown
13824,cellular,10,jul,285,1,-1,0,unknown
13825,cellular,10,jul,418,4,-1,0,unknown
13826,telephone,10,jul,532,2,-1,0,unknown
13827,cellular,10,jul,467,1,-1,0,unknown
13828,telephone,10,jul,38,1,-1,0,unknown
13829,cellular,10,jul,220,1,-1,0,unknown
13830,cellular,10,jul,330,1,-1,0,unknown
13831,cellular,10,jul,584,1,-1,0,unknown
13832,cellular,10,jul,613,1,-1,0,unknown
13833,cellular,10,jul,152,6,-1,0,unknown
13834,cellular,10,jul,542,1,-1,0,unknown
13835,cellular,10,jul,210,1,-1,0,unknown
13836,cellular,10,jul,120,1,-1,0,unknown
13837,cellular,10,jul,122,1,-1,0,unknown
13838,cellular,10,jul,132,1,-1,0,unknown
13839,cellular,10,jul,108,1,-1,0,unknown
13840,cellular,10,jul,80,1,-1,0,unknown
13841,cellular,10,jul,143,1,-1,0,unknown
13842,cellular,10,jul,212,1,-1,0,unknown
13843,cellular,10,jul,279,1,-1,0,unknown
13844,cellular,10,jul,154,1,-1,0,unknown
13845,cellular,10,jul,68,1,-1,0,unknown
13846,cellular,10,jul,182,1,-1,0,unknown
13847,telephone,10,jul,123,1,-1,0,unknown
13848,telephone,10,jul,185,1,-1,0,unknown
13849,cellular,10,jul,478,1,-1,0,unknown
13850,cellular,10,jul,136,1,-1,0,unknown
13851,telephone,10,jul,27,1,-1,0,unknown
13852,cellular,10,jul,173,1,-1,0,unknown
13853,cellular,10,jul,259,1,-1,0,unknown
13854,cellular,10,jul,157,1,-1,0,unknown
13855,cellular,10,jul,277,1,-1,0,unknown
13856,cellular,10,jul,526,1,-1,0,unknown
13857,cellular,10,jul,283,1,-1,0,unknown
13858,cellular,10,jul,506,3,-1,0,unknown
13859,cellular,10,jul,563,1,-1,0,unknown
13860,cellular,10,jul,66,1,-1,0,unknown
13861,cellular,10,jul,579,1,-1,0,unknown
13862,cellular,10,jul,421,1,-1,0,unknown
13863,cellular,10,jul,301,1,-1,0,unknown
13864,cellular,10,jul,188,1,-1,0,unknown
13865,cellular,10,jul,123,1,-1,0,unknown
13866,cellular,10,jul,288,1,-1,0,unknown
13867,cellular,10,jul,633,1,-1,0,unknown
13868,cellular,10,jul,111,1,-1,0,unknown
13869,cellular,10,jul,268,1,-1,0,unknown
13870,cellular,10,jul,262,1,-1,0,unknown
13871,cellular,10,jul,307,1,-1,0,unknown
13872,cellular,10,jul,58,1,-1,0,unknown
13873,cellular,10,jul,446,1,-1,0,unknown
13874,cellular,10,jul,102,9,-1,0,unknown
13875,cellular,10,jul,151,1,-1,0,unknown
13876,cellular,10,jul,133,1,-1,0,unknown
13877,cellular,10,jul,466,1,-1,0,unknown
13878,cellular,10,jul,226,1,-1,0,unknown
13879,cellular,10,jul,380,1,-1,0,unknown
13880,cellular,10,jul,358,1,-1,0,unknown
13881,cellular,10,jul,209,1,-1,0,unknown
13882,cellular,10,jul,114,1,-1,0,unknown
13883,cellular,10,jul,421,6,-1,0,unknown
13884,cellular,10,jul,207,1,-1,0,unknown
13885,telephone,10,jul,139,1,-1,0,unknown
13886,cellular,10,jul,112,1,-1,0,unknown
13887,cellular,10,jul,323,1,-1,0,unknown
13888,cellular,10,jul,400,1,-1,0,unknown
13889,cellular,10,jul,428,1,-1,0,unknown
13890,cellular,10,jul,81,7,-1,0,unknown
13891,cellular,10,jul,313,1,-1,0,unknown
13892,cellular,10,jul,720,2,-1,0,unknown
13893,cellular,10,jul,328,1,-1,0,unknown
13894,cellular,10,jul,361,2,-1,0,unknown
13895,telephone,10,jul,45,1,-1,0,unknown
13896,cellular,10,jul,85,1,-1,0,unknown
13897,telephone,10,jul,73,1,-1,0,unknown
13898,cellular,10,jul,486,1,-1,0,unknown
13899,telephone,10,jul,144,2,-1,0,unknown
13900,telephone,10,jul,83,1,-1,0,unknown
13901,telephone,10,jul,123,1,-1,0,unknown
13902,cellular,10,jul,190,1,-1,0,unknown
13903,telephone,10,jul,445,1,-1,0,unknown
13904,cellular,10,jul,81,3,-1,0,unknown
13905,cellular,10,jul,161,5,-1,0,unknown
13906,telephone,10,jul,245,1,-1,0,unknown
13907,telephone,10,jul,45,1,-1,0,unknown
13908,cellular,10,jul,228,1,-1,0,unknown
13909,cellular,10,jul,293,1,-1,0,unknown
13910,cellular,10,jul,627,1,-1,0,unknown
13911,telephone,10,jul,92,1,-1,0,unknown
13912,cellular,10,jul,244,1,-1,0,unknown
13913,cellular,10,jul,1341,7,-1,0,unknown
13914,cellular,10,jul,634,1,-1,0,unknown
13915,cellular,10,jul,144,1,-1,0,unknown
13916,cellular,10,jul,148,1,-1,0,unknown
13917,cellular,10,jul,197,1,-1,0,unknown
13918,cellular,10,jul,604,1,-1,0,unknown
13919,cellular,10,jul,270,1,-1,0,unknown
13920,cellular,10,jul,210,1,-1,0,unknown
13921,cellular,10,jul,269,1,-1,0,unknown
13922,cellular,10,jul,446,1,-1,0,unknown
13923,cellular,10,jul,71,1,-1,0,unknown
13924,cellular,10,jul,121,1,-1,0,unknown
13925,cellular,10,jul,573,6,-1,0,unknown
13926,cellular,10,jul,829,5,-1,0,unknown
13927,cellular,10,jul,476,4,-1,0,unknown
13928,telephone,10,jul,136,1,-1,0,unknown
13929,cellular,10,jul,360,17,-1,0,unknown
13930,telephone,10,jul,96,1,-1,0,unknown
13931,telephone,10,jul,227,7,-1,0,unknown
13932,cellular,10,jul,724,1,-1,0,unknown
13933,cellular,10,jul,500,1,-1,0,unknown
13934,cellular,10,jul,559,2,-1,0,unknown
13935,cellular,10,jul,353,1,-1,0,unknown
13936,cellular,10,jul,2029,1,-1,0,unknown
13937,cellular,10,jul,57,3,-1,0,unknown
13938,cellular,10,jul,351,2,-1,0,unknown
13939,cellular,10,jul,129,1,-1,0,unknown
13940,cellular,10,jul,60,1,-1,0,unknown
13941,cellular,10,jul,270,2,-1,0,unknown
13942,cellular,10,jul,502,2,-1,0,unknown
13943,cellular,10,jul,227,1,-1,0,unknown
13944,cellular,10,jul,1499,3,-1,0,unknown
13945,cellular,10,jul,186,1,-1,0,unknown
13946,cellular,10,jul,82,5,-1,0,unknown
13947,cellular,10,jul,108,1,-1,0,unknown
13948,cellular,10,jul,81,6,-1,0,unknown
13949,cellular,10,jul,240,1,-1,0,unknown
13950,cellular,10,jul,189,1,-1,0,unknown
13951,cellular,10,jul,72,1,-1,0,unknown
13952,telephone,10,jul,160,3,-1,0,unknown
13953,cellular,10,jul,99,1,-1,0,unknown
13954,cellular,10,jul,340,1,-1,0,unknown
13955,cellular,10,jul,183,1,-1,0,unknown
13956,telephone,10,jul,564,2,-1,0,unknown
13957,cellular,10,jul,151,4,-1,0,unknown
13958,cellular,10,jul,90,9,-1,0,unknown
13959,cellular,10,jul,363,2,-1,0,unknown
13960,cellular,10,jul,114,1,-1,0,unknown
13961,cellular,10,jul,192,1,-1,0,unknown
13962,cellular,10,jul,119,2,-1,0,unknown
13963,cellular,10,jul,154,4,-1,0,unknown
13964,cellular,10,jul,171,1,-1,0,unknown
13965,telephone,10,jul,387,2,-1,0,unknown
13966,cellular,10,jul,223,8,-1,0,unknown
13967,cellular,10,jul,480,4,-1,0,unknown
13968,telephone,10,jul,156,7,-1,0,unknown
13969,telephone,10,jul,834,10,-1,0,unknown
13970,cellular,10,jul,412,1,-1,0,unknown
13971,cellular,10,jul,164,5,-1,0,unknown
13972,cellular,10,jul,562,1,-1,0,unknown
13973,cellular,10,jul,326,5,-1,0,unknown
13974,telephone,10,jul,127,1,-1,0,unknown
13975,cellular,10,jul,290,2,-1,0,unknown
13976,cellular,10,jul,185,1,-1,0,unknown
13977,cellular,10,jul,118,1,-1,0,unknown
13978,cellular,10,jul,377,3,-1,0,unknown
13979,telephone,10,jul,524,3,-1,0,unknown
13980,telephone,10,jul,85,6,-1,0,unknown
13981,cellular,10,jul,61,4,-1,0,unknown
13982,telephone,10,jul,180,3,-1,0,unknown
13983,cellular,10,jul,1399,1,-1,0,unknown
13984,cellular,10,jul,374,3,-1,0,unknown
13985,cellular,10,jul,133,3,-1,0,unknown
13986,cellular,10,jul,1187,3,-1,0,unknown
13987,cellular,10,jul,460,1,-1,0,unknown
13988,telephone,10,jul,270,7,-1,0,unknown
13989,cellular,10,jul,338,9,-1,0,unknown
13990,cellular,10,jul,171,5,-1,0,unknown
13991,cellular,10,jul,721,3,-1,0,unknown
13992,cellular,10,jul,182,1,-1,0,unknown
13993,cellular,10,jul,487,1,-1,0,unknown
13994,telephone,10,jul,229,4,-1,0,unknown
13995,cellular,10,jul,140,3,-1,0,unknown
13996,cellular,10,jul,113,6,-1,0,unknown
13997,cellular,10,jul,109,5,-1,0,unknown
13998,cellular,10,jul,55,6,-1,0,unknown
13999,cellular,10,jul,184,3,-1,0,unknown
14000,telephone,10,jul,148,20,-1,0,unknown
14001,cellular,10,jul,91,15,-1,0,unknown
14002,cellular,10,jul,144,5,-1,0,unknown
14003,cellular,10,jul,1097,3,-1,0,unknown
14004,telephone,10,jul,150,10,-1,0,unknown
14005,cellular,10,jul,300,3,-1,0,unknown
14006,telephone,10,jul,465,7,-1,0,unknown
14007,cellular,10,jul,154,14,-1,0,unknown
14008,telephone,10,jul,311,27,-1,0,unknown
14009,cellular,10,jul,123,4,-1,0,unknown
14010,cellular,10,jul,176,1,-1,0,unknown
14011,telephone,10,jul,924,5,-1,0,unknown
14012,cellular,10,jul,200,5,-1,0,unknown
14013,cellular,10,jul,212,1,-1,0,unknown
14014,cellular,10,jul,258,1,-1,0,unknown
14015,telephone,11,jul,117,1,-1,0,unknown
14016,cellular,11,jul,194,3,-1,0,unknown
14017,cellular,11,jul,114,1,-1,0,unknown
14018,cellular,11,jul,215,1,-1,0,unknown
14019,cellular,11,jul,58,1,-1,0,unknown
14020,cellular,11,jul,175,1,-1,0,unknown
14021,cellular,11,jul,122,2,-1,0,unknown
14022,cellular,11,jul,166,1,-1,0,unknown
14023,cellular,11,jul,89,1,-1,0,unknown
14024,telephone,11,jul,189,1,-1,0,unknown
14025,cellular,11,jul,159,1,-1,0,unknown
14026,cellular,11,jul,393,1,-1,0,unknown
14027,cellular,11,jul,508,1,-1,0,unknown
14028,cellular,11,jul,522,1,-1,0,unknown
14029,cellular,11,jul,166,1,-1,0,unknown
14030,cellular,11,jul,545,2,-1,0,unknown
14031,cellular,11,jul,67,1,-1,0,unknown
14032,cellular,11,jul,264,3,-1,0,unknown
14033,cellular,11,jul,812,1,-1,0,unknown
14034,cellular,11,jul,404,1,-1,0,unknown
14035,cellular,11,jul,191,1,-1,0,unknown
14036,cellular,11,jul,104,1,-1,0,unknown
14037,cellular,11,jul,170,1,-1,0,unknown
14038,cellular,11,jul,90,1,-1,0,unknown
14039,cellular,11,jul,333,1,-1,0,unknown
14040,cellular,11,jul,252,1,-1,0,unknown
14041,cellular,11,jul,443,1,-1,0,unknown
14042,cellular,11,jul,67,1,-1,0,unknown
14043,cellular,11,jul,467,1,-1,0,unknown
14044,cellular,11,jul,159,1,-1,0,unknown
14045,telephone,11,jul,57,1,-1,0,unknown
14046,cellular,11,jul,484,1,-1,0,unknown
14047,cellular,11,jul,378,1,-1,0,unknown
14048,cellular,11,jul,772,1,-1,0,unknown
14049,cellular,11,jul,230,1,-1,0,unknown
14050,cellular,11,jul,136,1,-1,0,unknown
14051,cellular,11,jul,451,1,-1,0,unknown
14052,cellular,11,jul,124,1,-1,0,unknown
14053,cellular,11,jul,283,1,-1,0,unknown
14054,cellular,11,jul,55,1,-1,0,unknown
14055,cellular,11,jul,203,1,-1,0,unknown
14056,cellular,11,jul,143,2,-1,0,unknown
14057,cellular,11,jul,43,1,-1,0,unknown
14058,cellular,11,jul,108,1,-1,0,unknown
14059,cellular,11,jul,117,3,-1,0,unknown
14060,cellular,11,jul,170,2,-1,0,unknown
14061,cellular,11,jul,131,2,-1,0,unknown
14062,cellular,11,jul,102,2,-1,0,unknown
14063,cellular,11,jul,151,2,-1,0,unknown
14064,cellular,11,jul,269,2,-1,0,unknown
14065,cellular,11,jul,143,2,-1,0,unknown
14066,cellular,11,jul,196,2,-1,0,unknown
14067,cellular,11,jul,479,2,-1,0,unknown
14068,cellular,11,jul,211,2,-1,0,unknown
14069,cellular,11,jul,128,2,-1,0,unknown
14070,cellular,11,jul,183,2,-1,0,unknown
14071,cellular,11,jul,439,2,-1,0,unknown
14072,cellular,11,jul,86,2,-1,0,unknown
14073,cellular,11,jul,165,2,-1,0,unknown
14074,cellular,11,jul,148,2,-1,0,unknown
14075,cellular,11,jul,106,2,-1,0,unknown
14076,telephone,11,jul,321,2,-1,0,unknown
14077,cellular,11,jul,891,2,-1,0,unknown
14078,cellular,11,jul,80,2,-1,0,unknown
14079,telephone,11,jul,76,2,-1,0,unknown
14080,cellular,11,jul,132,2,-1,0,unknown
14081,cellular,11,jul,216,2,-1,0,unknown
14082,cellular,11,jul,318,2,-1,0,unknown
14083,cellular,11,jul,141,2,-1,0,unknown
14084,cellular,11,jul,906,2,-1,0,unknown
14085,cellular,11,jul,139,2,-1,0,unknown
14086,telephone,11,jul,41,2,-1,0,unknown
14087,cellular,11,jul,93,2,-1,0,unknown
14088,cellular,11,jul,564,2,-1,0,unknown
14089,telephone,11,jul,31,2,-1,0,unknown
14090,cellular,11,jul,16,2,-1,0,unknown
14091,telephone,11,jul,518,3,-1,0,unknown
14092,telephone,11,jul,87,2,-1,0,unknown
14093,cellular,11,jul,504,2,-1,0,unknown
14094,cellular,11,jul,98,2,-1,0,unknown
14095,cellular,11,jul,93,2,-1,0,unknown
14096,cellular,11,jul,82,2,-1,0,unknown
14097,cellular,11,jul,223,2,-1,0,unknown
14098,cellular,11,jul,67,2,-1,0,unknown
14099,cellular,11,jul,59,2,-1,0,unknown
14100,cellular,11,jul,186,2,-1,0,unknown
14101,cellular,11,jul,1060,2,-1,0,unknown
14102,cellular,11,jul,249,2,-1,0,unknown
14103,cellular,11,jul,60,2,-1,0,unknown
14104,cellular,11,jul,126,2,-1,0,unknown
14105,telephone,11,jul,52,4,-1,0,unknown
14106,cellular,11,jul,222,7,-1,0,unknown
14107,cellular,11,jul,109,2,-1,0,unknown
14108,cellular,11,jul,113,2,-1,0,unknown
14109,cellular,11,jul,112,2,-1,0,unknown
14110,cellular,11,jul,173,2,-1,0,unknown
14111,cellular,11,jul,261,2,-1,0,unknown
14112,cellular,11,jul,87,2,-1,0,unknown
14113,cellular,11,jul,42,2,-1,0,unknown
14114,cellular,11,jul,131,2,-1,0,unknown
14115,cellular,11,jul,147,10,-1,0,unknown
14116,cellular,11,jul,717,2,-1,0,unknown
14117,cellular,11,jul,286,2,-1,0,unknown
14118,cellular,11,jul,614,2,-1,0,unknown
14119,cellular,11,jul,50,2,-1,0,unknown
14120,cellular,11,jul,83,2,-1,0,unknown
14121,cellular,11,jul,289,2,-1,0,unknown
14122,telephone,11,jul,117,2,-1,0,unknown
14123,cellular,11,jul,85,2,-1,0,unknown
14124,cellular,11,jul,487,3,-1,0,unknown
14125,cellular,11,jul,256,2,-1,0,unknown
14126,cellular,11,jul,103,2,-1,0,unknown
14127,cellular,11,jul,181,2,-1,0,unknown
14128,cellular,11,jul,348,2,-1,0,unknown
14129,cellular,11,jul,154,2,-1,0,unknown
14130,cellular,11,jul,196,2,-1,0,unknown
14131,cellular,11,jul,593,2,-1,0,unknown
14132,cellular,11,jul,71,3,-1,0,unknown
14133,cellular,11,jul,118,2,-1,0,unknown
14134,cellular,11,jul,47,2,-1,0,unknown
14135,cellular,11,jul,314,2,-1,0,unknown
14136,cellular,11,jul,965,2,-1,0,unknown
14137,cellular,11,jul,123,2,-1,0,unknown
14138,cellular,11,jul,94,2,-1,0,unknown
14139,cellular,11,jul,144,2,-1,0,unknown
14140,cellular,11,jul,116,2,-1,0,unknown
14141,cellular,11,jul,146,2,-1,0,unknown
14142,cellular,11,jul,712,2,-1,0,unknown
14143,cellular,11,jul,366,2,-1,0,unknown
14144,cellular,11,jul,502,2,-1,0,unknown
14145,cellular,11,jul,260,2,-1,0,unknown
14146,cellular,11,jul,184,2,-1,0,unknown
14147,cellular,11,jul,251,2,-1,0,unknown
14148,cellular,11,jul,128,2,-1,0,unknown
14149,cellular,11,jul,764,2,-1,0,unknown
14150,cellular,11,jul,1120,2,-1,0,unknown
14151,cellular,11,jul,16,2,-1,0,unknown
14152,cellular,11,jul,970,2,-1,0,unknown
14153,cellular,11,jul,963,2,-1,0,unknown
14154,cellular,11,jul,64,2,-1,0,unknown
14155,cellular,11,jul,1973,2,-1,0,unknown
14156,cellular,11,jul,117,2,-1,0,unknown
14157,cellular,11,jul,141,2,-1,0,unknown
14158,cellular,11,jul,232,2,-1,0,unknown
14159,telephone,11,jul,178,2,-1,0,unknown
14160,cellular,11,jul,1041,2,-1,0,unknown
14161,cellular,11,jul,324,2,-1,0,unknown
14162,cellular,11,jul,1389,2,-1,0,unknown
14163,cellular,11,jul,120,10,-1,0,unknown
14164,telephone,11,jul,61,2,-1,0,unknown
14165,cellular,11,jul,213,2,-1,0,unknown
14166,cellular,11,jul,121,2,-1,0,unknown
14167,cellular,11,jul,636,2,-1,0,unknown
14168,telephone,11,jul,330,2,-1,0,unknown
14169,cellular,11,jul,919,2,-1,0,unknown
14170,cellular,11,jul,100,2,-1,0,unknown
14171,cellular,11,jul,210,2,-1,0,unknown
14172,cellular,11,jul,71,2,-1,0,unknown
14173,cellular,11,jul,255,3,-1,0,unknown
14174,cellular,11,jul,260,2,-1,0,unknown
14175,cellular,11,jul,666,2,-1,0,unknown
14176,telephone,11,jul,498,2,-1,0,unknown
14177,cellular,11,jul,92,2,-1,0,unknown
14178,cellular,11,jul,344,2,-1,0,unknown
14179,cellular,11,jul,221,2,-1,0,unknown
14180,cellular,11,jul,189,2,-1,0,unknown
14181,cellular,11,jul,184,2,-1,0,unknown
14182,cellular,11,jul,154,2,-1,0,unknown
14183,cellular,11,jul,271,2,-1,0,unknown
14184,cellular,11,jul,159,2,-1,0,unknown
14185,cellular,11,jul,134,2,-1,0,unknown
14186,telephone,11,jul,470,2,-1,0,unknown
14187,cellular,11,jul,221,2,-1,0,unknown
14188,cellular,11,jul,595,2,-1,0,unknown
14189,cellular,11,jul,211,2,-1,0,unknown
14190,cellular,11,jul,254,2,-1,0,unknown
14191,cellular,11,jul,178,2,-1,0,unknown
14192,cellular,11,jul,106,2,-1,0,unknown
14193,cellular,11,jul,184,2,-1,0,unknown
14194,cellular,11,jul,333,2,-1,0,unknown
14195,cellular,11,jul,69,2,-1,0,unknown
14196,cellular,11,jul,94,2,-1,0,unknown
14197,cellular,11,jul,271,2,-1,0,unknown
14198,cellular,11,jul,396,3,-1,0,unknown
14199,cellular,11,jul,145,2,-1,0,unknown
14200,cellular,11,jul,215,2,-1,0,unknown
14201,cellular,11,jul,94,2,-1,0,unknown
14202,cellular,11,jul,271,5,-1,0,unknown
14203,cellular,11,jul,911,2,-1,0,unknown
14204,cellular,11,jul,165,2,-1,0,unknown
14205,cellular,11,jul,196,2,-1,0,unknown
14206,telephone,11,jul,437,7,-1,0,unknown
14207,cellular,11,jul,135,2,-1,0,unknown
14208,cellular,11,jul,193,2,-1,0,unknown
14209,telephone,11,jul,328,2,-1,0,unknown
14210,cellular,11,jul,342,2,-1,0,unknown
14211,cellular,11,jul,425,2,-1,0,unknown
14212,cellular,11,jul,151,2,-1,0,unknown
14213,cellular,11,jul,163,2,-1,0,unknown
14214,cellular,11,jul,773,3,-1,0,unknown
14215,cellular,11,jul,188,2,-1,0,unknown
14216,cellular,11,jul,549,2,-1,0,unknown
14217,cellular,11,jul,853,2,-1,0,unknown
14218,cellular,11,jul,172,2,-1,0,unknown
14219,cellular,11,jul,161,4,-1,0,unknown
14220,cellular,11,jul,96,2,-1,0,unknown
14221,cellular,11,jul,1649,2,-1,0,unknown
14222,cellular,11,jul,1310,2,-1,0,unknown
14223,cellular,11,jul,1187,3,-1,0,unknown
14224,cellular,14,jul,135,2,-1,0,unknown
14225,cellular,14,jul,151,2,-1,0,unknown
14226,cellular,14,jul,324,2,-1,0,unknown
14227,cellular,14,jul,77,2,-1,0,unknown
14228,cellular,14,jul,122,2,-1,0,unknown
14229,cellular,14,jul,122,2,-1,0,unknown
14230,cellular,14,jul,175,2,-1,0,unknown
14231,cellular,14,jul,246,2,-1,0,unknown
14232,cellular,14,jul,330,2,-1,0,unknown
14233,cellular,14,jul,607,2,-1,0,unknown
14234,cellular,14,jul,104,2,-1,0,unknown
14235,cellular,14,jul,114,2,-1,0,unknown
14236,telephone,14,jul,83,2,-1,0,unknown
14237,cellular,14,jul,332,2,-1,0,unknown
14238,cellular,14,jul,125,2,-1,0,unknown
14239,telephone,14,jul,236,2,-1,0,unknown
14240,cellular,14,jul,65,2,-1,0,unknown
14241,telephone,14,jul,216,2,-1,0,unknown
14242,cellular,14,jul,114,2,-1,0,unknown
14243,cellular,14,jul,324,2,-1,0,unknown
14244,cellular,14,jul,68,3,-1,0,unknown
14245,cellular,14,jul,61,2,-1,0,unknown
14246,cellular,14,jul,179,2,-1,0,unknown
14247,cellular,14,jul,349,2,-1,0,unknown
14248,cellular,14,jul,113,3,-1,0,unknown
14249,cellular,14,jul,90,2,-1,0,unknown
14250,telephone,14,jul,256,2,-1,0,unknown
14251,cellular,14,jul,102,2,-1,0,unknown
14252,cellular,14,jul,287,2,-1,0,unknown
14253,cellular,14,jul,41,2,-1,0,unknown
14254,cellular,14,jul,221,3,-1,0,unknown
14255,cellular,14,jul,329,2,-1,0,unknown
14256,cellular,14,jul,97,2,-1,0,unknown
14257,cellular,14,jul,96,2,-1,0,unknown
14258,cellular,14,jul,227,2,-1,0,unknown
14259,cellular,14,jul,80,2,-1,0,unknown
14260,cellular,14,jul,56,2,-1,0,unknown
14261,cellular,14,jul,102,2,-1,0,unknown
14262,cellular,14,jul,194,2,-1,0,unknown
14263,cellular,14,jul,285,2,-1,0,unknown
14264,cellular,14,jul,231,2,-1,0,unknown
14265,cellular,14,jul,53,8,-1,0,unknown
14266,cellular,14,jul,276,3,-1,0,unknown
14267,cellular,14,jul,505,2,-1,0,unknown
14268,telephone,14,jul,211,3,-1,0,unknown
14269,cellular,14,jul,116,2,-1,0,unknown
14270,cellular,14,jul,135,3,-1,0,unknown
14271,cellular,14,jul,94,3,-1,0,unknown
14272,cellular,14,jul,172,3,-1,0,unknown
14273,cellular,14,jul,84,2,-1,0,unknown
14274,cellular,14,jul,367,2,-1,0,unknown
14275,cellular,14,jul,103,3,-1,0,unknown
14276,cellular,14,jul,244,7,-1,0,unknown
14277,cellular,14,jul,158,3,-1,0,unknown
14278,cellular,14,jul,611,2,-1,0,unknown
14279,cellular,14,jul,78,3,-1,0,unknown
14280,cellular,14,jul,306,2,-1,0,unknown
14281,telephone,14,jul,79,3,-1,0,unknown
14282,cellular,14,jul,126,6,-1,0,unknown
14283,cellular,14,jul,289,3,-1,0,unknown
14284,cellular,14,jul,297,3,-1,0,unknown
14285,cellular,14,jul,66,2,-1,0,unknown
14286,cellular,14,jul,64,2,-1,0,unknown
14287,telephone,14,jul,120,3,-1,0,unknown
14288,cellular,14,jul,72,4,-1,0,unknown
14289,cellular,14,jul,767,12,-1,0,unknown
14290,cellular,14,jul,328,2,-1,0,unknown
14291,cellular,14,jul,151,2,-1,0,unknown
14292,cellular,14,jul,329,5,-1,0,unknown
14293,cellular,14,jul,84,2,-1,0,unknown
14294,cellular,14,jul,105,3,-1,0,unknown
14295,telephone,14,jul,214,3,-1,0,unknown
14296,cellular,14,jul,189,3,-1,0,unknown
14297,cellular,14,jul,1397,3,-1,0,unknown
14298,cellular,14,jul,192,2,-1,0,unknown
14299,cellular,14,jul,331,2,-1,0,unknown
14300,cellular,14,jul,155,2,-1,0,unknown
14301,cellular,14,jul,137,3,-1,0,unknown
14302,cellular,14,jul,333,2,-1,0,unknown
14303,telephone,14,jul,44,14,-1,0,unknown
14304,cellular,14,jul,173,6,-1,0,unknown
14305,cellular,14,jul,209,2,-1,0,unknown
14306,cellular,14,jul,122,3,-1,0,unknown
14307,cellular,14,jul,238,3,-1,0,unknown
14308,cellular,14,jul,84,3,-1,0,unknown
14309,telephone,14,jul,363,3,-1,0,unknown
14310,cellular,14,jul,226,4,-1,0,unknown
14311,cellular,14,jul,97,3,-1,0,unknown
14312,cellular,14,jul,80,3,-1,0,unknown
14313,cellular,14,jul,187,3,-1,0,unknown
14314,cellular,14,jul,467,3,-1,0,unknown
14315,cellular,14,jul,549,3,-1,0,unknown
14316,cellular,14,jul,254,2,-1,0,unknown
14317,cellular,14,jul,460,3,-1,0,unknown
14318,cellular,14,jul,247,2,-1,0,unknown
14319,cellular,14,jul,1153,3,-1,0,unknown
14320,cellular,14,jul,121,3,-1,0,unknown
14321,cellular,14,jul,151,2,-1,0,unknown
14322,telephone,14,jul,281,3,-1,0,unknown
14323,cellular,14,jul,132,4,-1,0,unknown
14324,cellular,14,jul,126,3,-1,0,unknown
14325,cellular,14,jul,56,3,-1,0,unknown
14326,cellular,14,jul,69,2,-1,0,unknown
14327,cellular,14,jul,55,2,-1,0,unknown
14328,telephone,14,jul,251,2,-1,0,unknown
14329,cellular,14,jul,125,5,-1,0,unknown
14330,cellular,14,jul,183,3,-1,0,unknown
14331,cellular,14,jul,119,2,-1,0,unknown
14332,cellular,14,jul,127,3,-1,0,unknown
14333,cellular,14,jul,74,2,-1,0,unknown
14334,cellular,14,jul,74,6,-1,0,unknown
14335,cellular,14,jul,634,3,-1,0,unknown
14336,cellular,14,jul,297,3,-1,0,unknown
14337,telephone,14,jul,113,3,-1,0,unknown
14338,cellular,14,jul,213,3,-1,0,unknown
14339,cellular,14,jul,51,2,-1,0,unknown
14340,telephone,14,jul,124,12,-1,0,unknown
14341,cellular,14,jul,58,11,-1,0,unknown
14342,cellular,14,jul,219,3,-1,0,unknown
14343,telephone,14,jul,310,3,-1,0,unknown
14344,cellular,14,jul,144,2,-1,0,unknown
14345,cellular,14,jul,76,2,-1,0,unknown
14346,cellular,14,jul,41,2,-1,0,unknown
14347,cellular,14,jul,397,3,-1,0,unknown
14348,cellular,14,jul,101,3,-1,0,unknown
14349,telephone,14,jul,305,3,-1,0,unknown
14350,cellular,14,jul,227,4,-1,0,unknown
14351,cellular,14,jul,111,3,-1,0,unknown
14352,cellular,14,jul,319,3,-1,0,unknown
14353,cellular,14,jul,766,3,-1,0,unknown
14354,cellular,14,jul,673,8,-1,0,unknown
14355,cellular,14,jul,86,3,-1,0,unknown
14356,cellular,14,jul,388,3,-1,0,unknown
14357,cellular,14,jul,334,3,-1,0,unknown
14358,cellular,14,jul,191,3,-1,0,unknown
14359,cellular,14,jul,77,2,-1,0,unknown
14360,cellular,14,jul,129,2,-1,0,unknown
14361,telephone,14,jul,162,3,-1,0,unknown
14362,cellular,14,jul,292,3,-1,0,unknown
14363,cellular,14,jul,331,2,-1,0,unknown
14364,cellular,14,jul,788,2,-1,0,unknown
14365,cellular,14,jul,64,3,-1,0,unknown
14366,cellular,14,jul,171,4,-1,0,unknown
14367,cellular,14,jul,72,3,-1,0,unknown
14368,telephone,14,jul,105,3,-1,0,unknown
14369,cellular,14,jul,106,4,-1,0,unknown
14370,cellular,14,jul,126,3,-1,0,unknown
14371,cellular,14,jul,122,2,-1,0,unknown
14372,cellular,14,jul,124,3,-1,0,unknown
14373,cellular,14,jul,201,3,-1,0,unknown
14374,cellular,14,jul,616,3,-1,0,unknown
14375,cellular,14,jul,68,3,-1,0,unknown
14376,cellular,14,jul,245,3,-1,0,unknown
14377,cellular,14,jul,79,3,-1,0,unknown
14378,cellular,14,jul,130,3,-1,0,unknown
14379,cellular,14,jul,204,3,-1,0,unknown
14380,cellular,14,jul,145,2,-1,0,unknown
14381,cellular,14,jul,699,3,-1,0,unknown
14382,cellular,14,jul,140,2,-1,0,unknown
14383,cellular,14,jul,768,2,-1,0,unknown
14384,cellular,14,jul,1130,3,-1,0,unknown
14385,cellular,14,jul,80,3,-1,0,unknown
14386,cellular,14,jul,341,3,-1,0,unknown
14387,cellular,14,jul,417,3,-1,0,unknown
14388,cellular,14,jul,154,4,-1,0,unknown
14389,cellular,14,jul,455,3,-1,0,unknown
14390,cellular,14,jul,85,3,-1,0,unknown
14391,cellular,14,jul,225,2,-1,0,unknown
14392,cellular,14,jul,243,3,-1,0,unknown
14393,cellular,14,jul,85,2,-1,0,unknown
14394,cellular,14,jul,76,2,-1,0,unknown
14395,cellular,14,jul,163,2,-1,0,unknown
14396,cellular,14,jul,568,8,-1,0,unknown
14397,cellular,14,jul,334,3,-1,0,unknown
14398,cellular,14,jul,1062,4,-1,0,unknown
14399,cellular,14,jul,393,5,-1,0,unknown
14400,cellular,14,jul,364,3,-1,0,unknown
14401,cellular,14,jul,229,3,-1,0,unknown
14402,cellular,14,jul,118,4,-1,0,unknown
14403,cellular,14,jul,111,2,-1,0,unknown
14404,cellular,14,jul,115,2,-1,0,unknown
14405,cellular,14,jul,103,4,-1,0,unknown
14406,cellular,14,jul,385,3,-1,0,unknown
14407,cellular,14,jul,245,2,-1,0,unknown
14408,cellular,14,jul,140,2,-1,0,unknown
14409,cellular,14,jul,124,3,-1,0,unknown
14410,cellular,14,jul,93,3,-1,0,unknown
14411,cellular,14,jul,465,3,-1,0,unknown
14412,cellular,14,jul,197,3,-1,0,unknown
14413,cellular,14,jul,216,3,-1,0,unknown
14414,cellular,14,jul,392,4,-1,0,unknown
14415,cellular,14,jul,407,2,-1,0,unknown
14416,telephone,14,jul,81,2,-1,0,unknown
14417,cellular,14,jul,619,2,-1,0,unknown
14418,cellular,14,jul,81,3,-1,0,unknown
14419,cellular,14,jul,248,3,-1,0,unknown
14420,cellular,14,jul,214,3,-1,0,unknown
14421,cellular,14,jul,201,3,-1,0,unknown
14422,cellular,14,jul,425,3,-1,0,unknown
14423,cellular,14,jul,1669,2,-1,0,unknown
14424,cellular,14,jul,108,6,-1,0,unknown
14425,cellular,14,jul,460,3,-1,0,unknown
14426,cellular,14,jul,272,3,-1,0,unknown
14427,cellular,14,jul,166,3,-1,0,unknown
14428,cellular,14,jul,431,3,-1,0,unknown
14429,cellular,14,jul,377,3,-1,0,unknown
14430,cellular,14,jul,184,2,-1,0,unknown
14431,cellular,14,jul,119,3,-1,0,unknown
14432,cellular,14,jul,123,3,-1,0,unknown
14433,cellular,14,jul,109,8,-1,0,unknown
14434,cellular,14,jul,301,6,-1,0,unknown
14435,cellular,14,jul,257,4,-1,0,unknown
14436,cellular,14,jul,136,6,-1,0,unknown
14437,cellular,14,jul,340,3,-1,0,unknown
14438,cellular,14,jul,387,2,-1,0,unknown
14439,cellular,14,jul,326,11,-1,0,unknown
14440,cellular,14,jul,557,5,-1,0,unknown
14441,cellular,14,jul,512,3,-1,0,unknown
14442,telephone,14,jul,197,5,-1,0,unknown
14443,cellular,14,jul,97,4,-1,0,unknown
14444,telephone,14,jul,109,6,-1,0,unknown
14445,cellular,14,jul,194,3,-1,0,unknown
14446,cellular,14,jul,643,2,-1,0,unknown
14447,cellular,14,jul,1271,2,-1,0,unknown
14448,cellular,14,jul,81,6,-1,0,unknown
14449,cellular,14,jul,244,3,-1,0,unknown
14450,cellular,14,jul,1336,4,-1,0,unknown
14451,telephone,14,jul,111,3,-1,0,unknown
14452,cellular,14,jul,157,3,-1,0,unknown
14453,cellular,14,jul,455,13,-1,0,unknown
14454,cellular,14,jul,218,3,-1,0,unknown
14455,cellular,14,jul,118,3,-1,0,unknown
14456,cellular,14,jul,444,3,-1,0,unknown
14457,telephone,14,jul,185,4,-1,0,unknown
14458,cellular,14,jul,138,3,-1,0,unknown
14459,cellular,14,jul,171,3,-1,0,unknown
14460,cellular,14,jul,304,4,-1,0,unknown
14461,cellular,14,jul,43,4,-1,0,unknown
14462,telephone,14,jul,167,4,-1,0,unknown
14463,cellular,14,jul,347,4,-1,0,unknown
14464,cellular,14,jul,240,3,-1,0,unknown
14465,cellular,14,jul,565,4,-1,0,unknown
14466,telephone,14,jul,716,3,-1,0,unknown
14467,cellular,14,jul,149,3,-1,0,unknown
14468,cellular,14,jul,150,4,-1,0,unknown
14469,cellular,14,jul,615,3,-1,0,unknown
14470,cellular,14,jul,149,4,-1,0,unknown
14471,cellular,14,jul,424,4,-1,0,unknown
14472,cellular,14,jul,364,4,-1,0,unknown
14473,telephone,14,jul,179,3,-1,0,unknown
14474,cellular,14,jul,235,3,-1,0,unknown
14475,cellular,14,jul,330,4,-1,0,unknown
14476,telephone,14,jul,160,10,-1,0,unknown
14477,unknown,14,jul,12,3,-1,0,unknown
14478,cellular,14,jul,77,3,-1,0,unknown
14479,cellular,14,jul,552,3,-1,0,unknown
14480,cellular,14,jul,36,2,-1,0,unknown
14481,cellular,14,jul,46,3,-1,0,unknown
14482,telephone,14,jul,821,3,-1,0,unknown
14483,telephone,14,jul,198,5,-1,0,unknown
14484,cellular,14,jul,894,7,-1,0,unknown
14485,cellular,14,jul,84,6,-1,0,unknown
14486,cellular,14,jul,335,4,-1,0,unknown
14487,cellular,14,jul,250,3,-1,0,unknown
14488,cellular,14,jul,110,3,-1,0,unknown
14489,cellular,14,jul,133,3,-1,0,unknown
14490,cellular,14,jul,78,4,-1,0,unknown
14491,cellular,14,jul,227,4,-1,0,unknown
14492,cellular,14,jul,223,3,-1,0,unknown
14493,telephone,14,jul,164,3,-1,0,unknown
14494,cellular,14,jul,131,4,-1,0,unknown
14495,cellular,14,jul,356,3,-1,0,unknown
14496,cellular,14,jul,116,3,-1,0,unknown
14497,cellular,14,jul,358,6,-1,0,unknown
14498,cellular,14,jul,180,4,-1,0,unknown
14499,telephone,14,jul,252,4,-1,0,unknown
14500,telephone,14,jul,109,3,-1,0,unknown
14501,cellular,14,jul,72,3,-1,0,unknown
14502,telephone,14,jul,102,14,-1,0,unknown
14503,cellular,14,jul,457,3,-1,0,unknown
14504,cellular,14,jul,400,3,-1,0,unknown
14505,telephone,14,jul,123,4,-1,0,unknown
14506,cellular,14,jul,546,2,-1,0,unknown
14507,cellular,15,jul,231,2,-1,0,unknown
14508,telephone,15,jul,321,3,-1,0,unknown
14509,cellular,15,jul,31,19,-1,0,unknown
14510,cellular,15,jul,56,3,-1,0,unknown
14511,cellular,15,jul,170,3,-1,0,unknown
14512,cellular,15,jul,101,3,-1,0,unknown
14513,cellular,15,jul,376,3,-1,0,unknown
14514,cellular,15,jul,656,3,-1,0,unknown
14515,cellular,15,jul,122,4,-1,0,unknown
14516,cellular,15,jul,335,2,-1,0,unknown
14517,cellular,15,jul,136,3,-1,0,unknown
14518,cellular,15,jul,528,3,-1,0,unknown
14519,cellular,15,jul,805,3,-1,0,unknown
14520,cellular,15,jul,21,3,-1,0,unknown
14521,cellular,15,jul,56,3,-1,0,unknown
14522,cellular,15,jul,129,2,-1,0,unknown
14523,cellular,15,jul,129,4,-1,0,unknown
14524,cellular,15,jul,125,3,-1,0,unknown
14525,cellular,15,jul,101,2,-1,0,unknown
14526,cellular,15,jul,169,2,-1,0,unknown
14527,cellular,15,jul,110,2,-1,0,unknown
14528,cellular,15,jul,175,4,-1,0,unknown
14529,cellular,15,jul,231,3,-1,0,unknown
14530,cellular,15,jul,439,2,-1,0,unknown
14531,cellular,15,jul,249,2,-1,0,unknown
14532,cellular,15,jul,353,3,-1,0,unknown
14533,cellular,15,jul,104,3,-1,0,unknown
14534,cellular,15,jul,92,3,-1,0,unknown
14535,cellular,15,jul,131,2,-1,0,unknown
14536,cellular,15,jul,184,2,-1,0,unknown
14537,cellular,15,jul,94,3,-1,0,unknown
14538,cellular,15,jul,164,3,-1,0,unknown
14539,cellular,15,jul,56,4,-1,0,unknown
14540,cellular,15,jul,274,3,-1,0,unknown
14541,cellular,15,jul,75,4,-1,0,unknown
14542,cellular,15,jul,199,4,-1,0,unknown
14543,cellular,15,jul,131,5,-1,0,unknown
14544,cellular,15,jul,138,4,-1,0,unknown
14545,cellular,15,jul,94,3,-1,0,unknown
14546,cellular,15,jul,416,3,-1,0,unknown
14547,cellular,15,jul,659,3,-1,0,unknown
14548,cellular,15,jul,202,3,-1,0,unknown
14549,cellular,15,jul,368,2,-1,0,unknown
14550,telephone,15,jul,265,4,-1,0,unknown
14551,cellular,15,jul,195,7,-1,0,unknown
14552,cellular,15,jul,80,4,-1,0,unknown
14553,cellular,15,jul,401,4,-1,0,unknown
14554,cellular,15,jul,71,4,-1,0,unknown
14555,telephone,15,jul,41,5,-1,0,unknown
14556,cellular,15,jul,280,5,-1,0,unknown
14557,telephone,15,jul,289,2,-1,0,unknown
14558,cellular,15,jul,77,3,-1,0,unknown
14559,cellular,15,jul,63,2,-1,0,unknown
14560,telephone,15,jul,533,3,-1,0,unknown
14561,cellular,15,jul,76,3,-1,0,unknown
14562,cellular,15,jul,1056,2,-1,0,unknown
14563,cellular,15,jul,753,4,-1,0,unknown
14564,telephone,15,jul,80,2,-1,0,unknown
14565,cellular,15,jul,317,3,-1,0,unknown
14566,cellular,15,jul,129,2,-1,0,unknown
14567,cellular,15,jul,237,4,-1,0,unknown
14568,cellular,15,jul,188,3,-1,0,unknown
14569,cellular,15,jul,815,4,-1,0,unknown
14570,cellular,15,jul,117,3,-1,0,unknown
14571,cellular,15,jul,101,2,-1,0,unknown
14572,cellular,15,jul,109,2,-1,0,unknown
14573,cellular,15,jul,315,2,-1,0,unknown
14574,cellular,15,jul,226,3,-1,0,unknown
14575,telephone,15,jul,49,3,-1,0,unknown
14576,cellular,15,jul,121,4,-1,0,unknown
14577,telephone,15,jul,778,3,-1,0,unknown
14578,cellular,15,jul,368,4,-1,0,unknown
14579,cellular,15,jul,103,4,-1,0,unknown
14580,cellular,15,jul,232,3,-1,0,unknown
14581,cellular,15,jul,60,3,-1,0,unknown
14582,cellular,15,jul,87,5,-1,0,unknown
14583,cellular,15,jul,156,4,-1,0,unknown
14584,cellular,15,jul,924,4,-1,0,unknown
14585,cellular,15,jul,65,3,-1,0,unknown
14586,cellular,15,jul,256,5,-1,0,unknown
14587,cellular,15,jul,132,3,-1,0,unknown
14588,telephone,15,jul,207,3,-1,0,unknown
14589,telephone,15,jul,152,4,-1,0,unknown
14590,cellular,15,jul,646,4,-1,0,unknown
14591,cellular,15,jul,808,3,-1,0,unknown
14592,cellular,15,jul,58,2,-1,0,unknown
14593,cellular,15,jul,178,3,-1,0,unknown
14594,cellular,15,jul,56,4,-1,0,unknown
14595,cellular,15,jul,88,3,-1,0,unknown
14596,cellular,15,jul,364,10,-1,0,unknown
14597,cellular,15,jul,177,3,-1,0,unknown
14598,cellular,15,jul,156,4,-1,0,unknown
14599,cellular,15,jul,77,2,-1,0,unknown
14600,cellular,15,jul,200,3,-1,0,unknown
14601,cellular,15,jul,59,2,-1,0,unknown
14602,cellular,15,jul,126,3,-1,0,unknown
14603,telephone,15,jul,174,3,-1,0,unknown
14604,cellular,15,jul,133,4,-1,0,unknown
14605,cellular,15,jul,321,5,-1,0,unknown
14606,cellular,15,jul,201,4,-1,0,unknown
14607,telephone,15,jul,571,3,-1,0,unknown
14608,cellular,15,jul,503,6,-1,0,unknown
14609,cellular,15,jul,377,4,-1,0,unknown
14610,cellular,15,jul,83,3,-1,0,unknown
14611,cellular,15,jul,53,1,-1,0,unknown
14612,cellular,15,jul,106,12,-1,0,unknown
14613,cellular,15,jul,82,2,-1,0,unknown
14614,cellular,15,jul,180,4,-1,0,unknown
14615,cellular,15,jul,135,1,-1,0,unknown
14616,cellular,15,jul,387,5,-1,0,unknown
14617,cellular,15,jul,372,4,-1,0,unknown
14618,cellular,15,jul,128,1,-1,0,unknown
14619,cellular,15,jul,860,4,-1,0,unknown
14620,telephone,15,jul,162,1,-1,0,unknown
14621,cellular,15,jul,246,1,-1,0,unknown
14622,cellular,15,jul,317,1,-1,0,unknown
14623,cellular,15,jul,462,1,-1,0,unknown
14624,telephone,15,jul,277,1,-1,0,unknown
14625,telephone,15,jul,280,6,-1,0,unknown
14626,cellular,15,jul,218,1,-1,0,unknown
14627,cellular,15,jul,317,5,-1,0,unknown
14628,cellular,15,jul,274,1,-1,0,unknown
14629,cellular,15,jul,130,1,-1,0,unknown
14630,cellular,15,jul,116,5,-1,0,unknown
14631,cellular,15,jul,98,2,-1,0,unknown
14632,cellular,15,jul,92,4,-1,0,unknown
14633,telephone,15,jul,141,4,-1,0,unknown
14634,cellular,15,jul,144,1,-1,0,unknown
14635,cellular,15,jul,794,1,-1,0,unknown
14636,cellular,15,jul,90,1,-1,0,unknown
14637,cellular,15,jul,70,1,-1,0,unknown
14638,cellular,15,jul,878,2,-1,0,unknown
14639,cellular,15,jul,193,6,-1,0,unknown
14640,cellular,15,jul,513,5,-1,0,unknown
14641,cellular,15,jul,792,4,-1,0,unknown
14642,cellular,15,jul,355,1,-1,0,unknown
14643,cellular,15,jul,881,1,-1,0,unknown
14644,cellular,15,jul,734,2,-1,0,unknown
14645,cellular,15,jul,981,1,-1,0,unknown
14646,cellular,15,jul,103,4,-1,0,unknown
14647,cellular,15,jul,90,1,-1,0,unknown
14648,cellular,15,jul,820,4,-1,0,unknown
14649,cellular,15,jul,1001,3,-1,0,unknown
14650,cellular,15,jul,348,1,-1,0,unknown
14651,cellular,15,jul,129,1,-1,0,unknown
14652,cellular,15,jul,119,5,-1,0,unknown
14653,cellular,15,jul,94,4,-1,0,unknown
14654,cellular,15,jul,192,3,-1,0,unknown
14655,cellular,15,jul,331,2,-1,0,unknown
14656,cellular,15,jul,779,2,-1,0,unknown
14657,telephone,15,jul,91,2,-1,0,unknown
14658,cellular,15,jul,61,2,-1,0,unknown
14659,cellular,15,jul,555,2,-1,0,unknown
14660,cellular,15,jul,157,5,-1,0,unknown
14661,cellular,15,jul,167,7,-1,0,unknown
14662,cellular,15,jul,83,2,-1,0,unknown
14663,cellular,15,jul,603,11,-1,0,unknown
14664,cellular,15,jul,111,8,-1,0,unknown
14665,cellular,15,jul,211,6,-1,0,unknown
14666,cellular,15,jul,105,7,-1,0,unknown
14667,cellular,15,jul,514,5,-1,0,unknown
14668,cellular,15,jul,479,1,-1,0,unknown
14669,cellular,15,jul,111,5,-1,0,unknown
14670,cellular,15,jul,112,4,-1,0,unknown
14671,telephone,15,jul,541,2,-1,0,unknown
14672,cellular,15,jul,149,4,-1,0,unknown
14673,cellular,15,jul,257,5,-1,0,unknown
14674,cellular,15,jul,98,4,-1,0,unknown
14675,cellular,15,jul,408,4,-1,0,unknown
14676,cellular,15,jul,134,2,-1,0,unknown
14677,cellular,15,jul,306,14,-1,0,unknown
14678,telephone,15,jul,159,2,-1,0,unknown
14679,telephone,15,jul,275,2,-1,0,unknown
14680,cellular,15,jul,68,8,-1,0,unknown
14681,cellular,15,jul,135,5,-1,0,unknown
14682,cellular,15,jul,716,3,-1,0,unknown
14683,cellular,15,jul,257,5,-1,0,unknown
14684,cellular,15,jul,1083,2,-1,0,unknown
14685,cellular,15,jul,955,5,-1,0,unknown
14686,cellular,15,jul,194,5,-1,0,unknown
14687,cellular,15,jul,194,4,-1,0,unknown
14688,cellular,15,jul,123,4,-1,0,unknown
14689,cellular,15,jul,612,4,-1,0,unknown
14690,cellular,15,jul,106,13,-1,0,unknown
14691,cellular,15,jul,85,8,-1,0,unknown
14692,telephone,15,jul,237,7,-1,0,unknown
14693,cellular,15,jul,196,4,-1,0,unknown
14694,cellular,15,jul,179,3,-1,0,unknown
14695,cellular,15,jul,155,2,-1,0,unknown
14696,cellular,15,jul,107,4,-1,0,unknown
14697,cellular,15,jul,260,5,-1,0,unknown
14698,cellular,15,jul,687,7,-1,0,unknown
14699,cellular,15,jul,150,5,-1,0,unknown
14700,cellular,15,jul,673,2,-1,0,unknown
14701,cellular,15,jul,127,5,-1,0,unknown
14702,cellular,15,jul,197,2,-1,0,unknown
14703,cellular,15,jul,275,4,-1,0,unknown
14704,cellular,15,jul,157,5,-1,0,unknown
14705,cellular,15,jul,419,7,-1,0,unknown
14706,cellular,15,jul,146,4,-1,0,unknown
14707,cellular,15,jul,347,4,-1,0,unknown
14708,cellular,15,jul,136,2,-1,0,unknown
14709,cellular,15,jul,357,4,-1,0,unknown
14710,cellular,15,jul,374,5,-1,0,unknown
14711,cellular,15,jul,120,6,-1,0,unknown
14712,cellular,15,jul,323,3,-1,0,unknown
14713,cellular,15,jul,364,2,-1,0,unknown
14714,cellular,15,jul,98,2,-1,0,unknown
14715,cellular,15,jul,84,5,-1,0,unknown
14716,telephone,15,jul,78,4,-1,0,unknown
14717,telephone,15,jul,59,4,-1,0,unknown
14718,cellular,15,jul,395,4,-1,0,unknown
14719,telephone,15,jul,543,6,-1,0,unknown
14720,cellular,15,jul,106,3,-1,0,unknown
14721,cellular,15,jul,209,4,-1,0,unknown
14722,telephone,15,jul,469,4,-1,0,unknown
14723,cellular,15,jul,216,7,-1,0,unknown
14724,cellular,15,jul,769,4,-1,0,unknown
14725,cellular,15,jul,115,5,-1,0,unknown
14726,cellular,15,jul,889,5,-1,0,unknown
14727,cellular,15,jul,547,12,-1,0,unknown
14728,cellular,15,jul,1424,4,-1,0,unknown
14729,cellular,15,jul,490,5,-1,0,unknown
14730,cellular,15,jul,838,3,-1,0,unknown
14731,cellular,15,jul,166,4,-1,0,unknown
14732,cellular,15,jul,270,5,-1,0,unknown
14733,telephone,15,jul,232,4,-1,0,unknown
14734,telephone,15,jul,112,6,-1,0,unknown
14735,cellular,15,jul,118,5,-1,0,unknown
14736,cellular,15,jul,159,6,-1,0,unknown
14737,telephone,15,jul,265,5,-1,0,unknown
14738,cellular,15,jul,419,8,-1,0,unknown
14739,cellular,15,jul,624,6,-1,0,unknown
14740,cellular,15,jul,812,3,-1,0,unknown
14741,cellular,15,jul,97,5,-1,0,unknown
14742,telephone,15,jul,119,8,-1,0,unknown
14743,cellular,15,jul,448,5,-1,0,unknown
14744,cellular,15,jul,632,6,-1,0,unknown
14745,cellular,15,jul,163,6,-1,0,unknown
14746,cellular,15,jul,114,4,-1,0,unknown
14747,telephone,15,jul,32,7,-1,0,unknown
14748,telephone,15,jul,1142,4,-1,0,unknown
14749,cellular,15,jul,87,8,-1,0,unknown
14750,telephone,15,jul,62,5,-1,0,unknown
14751,telephone,15,jul,341,6,-1,0,unknown
14752,cellular,15,jul,160,2,-1,0,unknown
14753,cellular,15,jul,1412,4,-1,0,unknown
14754,telephone,16,jul,61,14,-1,0,unknown
14755,telephone,16,jul,41,6,-1,0,unknown
14756,cellular,16,jul,276,4,-1,0,unknown
14757,telephone,16,jul,208,8,-1,0,unknown
14758,cellular,16,jul,41,4,-1,0,unknown
14759,cellular,16,jul,298,2,-1,0,unknown
14760,cellular,16,jul,767,5,-1,0,unknown
14761,telephone,16,jul,174,5,-1,0,unknown
14762,cellular,16,jul,186,4,-1,0,unknown
14763,cellular,16,jul,350,7,-1,0,unknown
14764,cellular,16,jul,52,8,-1,0,unknown
14765,telephone,16,jul,46,8,-1,0,unknown
14766,cellular,16,jul,510,3,-1,0,unknown
14767,telephone,16,jul,126,4,-1,0,unknown
14768,cellular,16,jul,81,7,-1,0,unknown
14769,cellular,16,jul,464,3,-1,0,unknown
14770,cellular,16,jul,220,5,-1,0,unknown
14771,telephone,16,jul,31,6,-1,0,unknown
14772,cellular,16,jul,64,1,-1,0,unknown
14773,telephone,16,jul,188,3,-1,0,unknown
14774,cellular,16,jul,172,1,-1,0,unknown
14775,cellular,16,jul,135,1,-1,0,unknown
14776,cellular,16,jul,132,1,-1,0,unknown
14777,cellular,16,jul,133,1,-1,0,unknown
14778,cellular,16,jul,141,1,-1,0,unknown
14779,cellular,16,jul,130,6,-1,0,unknown
14780,cellular,16,jul,95,4,-1,0,unknown
14781,cellular,16,jul,221,1,-1,0,unknown
14782,cellular,16,jul,469,7,-1,0,unknown
14783,telephone,16,jul,51,1,-1,0,unknown
14784,cellular,16,jul,578,1,-1,0,unknown
14785,cellular,16,jul,69,2,-1,0,unknown
14786,cellular,16,jul,771,1,-1,0,unknown
14787,telephone,16,jul,164,1,-1,0,unknown
14788,cellular,16,jul,390,2,-1,0,unknown
14789,cellular,16,jul,154,2,-1,0,unknown
14790,cellular,16,jul,178,1,-1,0,unknown
14791,cellular,16,jul,46,1,-1,0,unknown
14792,cellular,16,jul,574,1,-1,0,unknown
14793,cellular,16,jul,715,1,-1,0,unknown
14794,cellular,16,jul,525,2,-1,0,unknown
14795,cellular,16,jul,70,1,-1,0,unknown
14796,cellular,16,jul,229,1,-1,0,unknown
14797,cellular,16,jul,1806,4,-1,0,unknown
14798,cellular,16,jul,400,1,-1,0,unknown
14799,cellular,16,jul,92,1,-1,0,unknown
14800,cellular,16,jul,284,1,-1,0,unknown
14801,cellular,16,jul,130,1,-1,0,unknown
14802,cellular,16,jul,151,4,-1,0,unknown
14803,cellular,16,jul,46,1,-1,0,unknown
14804,cellular,16,jul,79,1,-1,0,unknown
14805,cellular,16,jul,57,8,-1,0,unknown
14806,cellular,16,jul,344,3,-1,0,unknown
14807,cellular,16,jul,401,1,-1,0,unknown
14808,cellular,16,jul,145,4,-1,0,unknown
14809,cellular,16,jul,272,1,-1,0,unknown
14810,cellular,16,jul,122,1,-1,0,unknown
14811,cellular,16,jul,226,1,-1,0,unknown
14812,cellular,16,jul,211,2,-1,0,unknown
14813,cellular,16,jul,428,2,-1,0,unknown
14814,cellular,16,jul,156,1,-1,0,unknown
14815,cellular,16,jul,191,1,-1,0,unknown
14816,cellular,16,jul,225,2,-1,0,unknown
14817,cellular,16,jul,496,1,-1,0,unknown
14818,cellular,16,jul,195,1,-1,0,unknown
14819,cellular,16,jul,49,1,-1,0,unknown
14820,cellular,16,jul,586,1,-1,0,unknown
14821,cellular,16,jul,90,1,-1,0,unknown
14822,cellular,16,jul,689,1,-1,0,unknown
14823,cellular,16,jul,94,3,-1,0,unknown
14824,cellular,16,jul,120,4,-1,0,unknown
14825,cellular,16,jul,303,1,-1,0,unknown
14826,cellular,16,jul,239,1,-1,0,unknown
14827,cellular,16,jul,129,2,-1,0,unknown
14828,telephone,16,jul,98,1,-1,0,unknown
14829,cellular,16,jul,555,1,-1,0,unknown
14830,cellular,16,jul,130,1,-1,0,unknown
14831,cellular,16,jul,124,1,-1,0,unknown
14832,cellular,16,jul,686,6,-1,0,unknown
14833,cellular,16,jul,29,8,-1,0,unknown
14834,cellular,16,jul,528,9,-1,0,unknown
14835,cellular,16,jul,83,2,-1,0,unknown
14836,cellular,16,jul,60,1,-1,0,unknown
14837,cellular,16,jul,63,2,-1,0,unknown
14838,cellular,16,jul,206,2,-1,0,unknown
14839,cellular,16,jul,1150,1,-1,0,unknown
14840,cellular,16,jul,294,2,-1,0,unknown
14841,cellular,16,jul,435,1,-1,0,unknown
14842,cellular,16,jul,155,2,-1,0,unknown
14843,cellular,16,jul,130,1,-1,0,unknown
14844,cellular,16,jul,294,1,-1,0,unknown
14845,telephone,16,jul,198,1,-1,0,unknown
14846,cellular,16,jul,72,1,-1,0,unknown
14847,cellular,16,jul,57,2,-1,0,unknown
14848,cellular,16,jul,830,1,-1,0,unknown
14849,cellular,16,jul,464,1,-1,0,unknown
14850,cellular,16,jul,57,2,-1,0,unknown
14851,cellular,16,jul,318,1,-1,0,unknown
14852,cellular,16,jul,39,9,-1,0,unknown
14853,cellular,16,jul,873,2,-1,0,unknown
14854,cellular,16,jul,166,1,-1,0,unknown
14855,cellular,16,jul,227,1,-1,0,unknown
14856,cellular,16,jul,202,1,-1,0,unknown
14857,telephone,16,jul,109,1,-1,0,unknown
14858,cellular,16,jul,329,1,-1,0,unknown
14859,cellular,16,jul,243,1,-1,0,unknown
14860,cellular,16,jul,214,1,-1,0,unknown
14861,cellular,16,jul,142,1,-1,0,unknown
14862,cellular,16,jul,151,1,-1,0,unknown
14863,cellular,16,jul,335,1,-1,0,unknown
14864,cellular,16,jul,143,1,-1,0,unknown
14865,cellular,16,jul,122,1,-1,0,unknown
14866,cellular,16,jul,198,2,-1,0,unknown
14867,cellular,16,jul,183,1,-1,0,unknown
14868,cellular,16,jul,255,1,-1,0,unknown
14869,cellular,16,jul,143,1,-1,0,unknown
14870,cellular,16,jul,885,1,-1,0,unknown
14871,cellular,16,jul,1222,1,-1,0,unknown
14872,cellular,16,jul,156,2,-1,0,unknown
14873,cellular,16,jul,325,2,-1,0,unknown
14874,cellular,16,jul,91,2,-1,0,unknown
14875,cellular,16,jul,147,2,-1,0,unknown
14876,cellular,16,jul,236,1,-1,0,unknown
14877,cellular,16,jul,419,2,-1,0,unknown
14878,telephone,16,jul,649,2,-1,0,unknown
14879,cellular,16,jul,77,1,-1,0,unknown
14880,cellular,16,jul,231,2,-1,0,unknown
14881,cellular,16,jul,513,1,-1,0,unknown
14882,cellular,16,jul,988,1,-1,0,unknown
14883,cellular,16,jul,102,1,-1,0,unknown
14884,cellular,16,jul,111,1,-1,0,unknown
14885,cellular,16,jul,241,2,-1,0,unknown
14886,telephone,16,jul,558,6,-1,0,unknown
14887,cellular,16,jul,177,1,-1,0,unknown
14888,cellular,16,jul,680,1,-1,0,unknown
14889,cellular,16,jul,652,1,-1,0,unknown
14890,cellular,16,jul,350,1,-1,0,unknown
14891,cellular,16,jul,592,1,-1,0,unknown
14892,cellular,16,jul,924,1,-1,0,unknown
14893,cellular,16,jul,165,5,-1,0,unknown
14894,cellular,16,jul,128,2,-1,0,unknown
14895,cellular,16,jul,68,1,-1,0,unknown
14896,cellular,16,jul,410,2,-1,0,unknown
14897,cellular,16,jul,192,2,-1,0,unknown
14898,cellular,16,jul,81,6,-1,0,unknown
14899,cellular,16,jul,128,1,-1,0,unknown
14900,cellular,16,jul,158,1,-1,0,unknown
14901,cellular,16,jul,547,2,-1,0,unknown
14902,cellular,16,jul,1019,11,-1,0,unknown
14903,cellular,16,jul,93,3,-1,0,unknown
14904,cellular,16,jul,332,3,-1,0,unknown
14905,cellular,16,jul,709,2,-1,0,unknown
14906,telephone,16,jul,188,1,-1,0,unknown
14907,cellular,16,jul,417,7,-1,0,unknown
14908,cellular,16,jul,561,9,-1,0,unknown
14909,telephone,16,jul,198,1,-1,0,unknown
14910,cellular,16,jul,346,2,-1,0,unknown
14911,cellular,16,jul,157,2,-1,0,unknown
14912,cellular,16,jul,254,2,-1,0,unknown
14913,cellular,16,jul,199,2,-1,0,unknown
14914,cellular,16,jul,481,3,-1,0,unknown
14915,cellular,16,jul,171,6,-1,0,unknown
14916,cellular,16,jul,101,3,-1,0,unknown
14917,cellular,16,jul,293,2,-1,0,unknown
14918,cellular,16,jul,378,2,-1,0,unknown
14919,telephone,16,jul,129,6,-1,0,unknown
14920,cellular,16,jul,132,2,-1,0,unknown
14921,cellular,16,jul,1432,5,-1,0,unknown
14922,telephone,16,jul,87,5,-1,0,unknown
14923,cellular,16,jul,287,2,-1,0,unknown
14924,cellular,16,jul,111,4,-1,0,unknown
14925,cellular,16,jul,141,7,-1,0,unknown
14926,cellular,16,jul,322,4,-1,0,unknown
14927,cellular,16,jul,254,3,-1,0,unknown
14928,cellular,16,jul,455,1,-1,0,unknown
14929,cellular,16,jul,285,5,-1,0,unknown
14930,cellular,16,jul,69,3,-1,0,unknown
14931,cellular,16,jul,89,2,-1,0,unknown
14932,cellular,16,jul,1018,2,-1,0,unknown
14933,cellular,16,jul,60,5,-1,0,unknown
14934,cellular,16,jul,57,3,-1,0,unknown
14935,cellular,16,jul,212,2,-1,0,unknown
14936,cellular,16,jul,90,2,-1,0,unknown
14937,cellular,16,jul,173,2,-1,0,unknown
14938,cellular,16,jul,1039,2,-1,0,unknown
14939,cellular,16,jul,101,7,-1,0,unknown
14940,cellular,16,jul,110,6,-1,0,unknown
14941,cellular,16,jul,128,2,-1,0,unknown
14942,cellular,16,jul,156,6,-1,0,unknown
14943,telephone,16,jul,231,5,-1,0,unknown
14944,cellular,16,jul,406,4,-1,0,unknown
14945,cellular,16,jul,255,2,-1,0,unknown
14946,cellular,16,jul,538,2,-1,0,unknown
14947,cellular,16,jul,191,6,-1,0,unknown
14948,cellular,16,jul,118,5,-1,0,unknown
14949,cellular,16,jul,239,2,-1,0,unknown
14950,cellular,16,jul,164,6,-1,0,unknown
14951,telephone,16,jul,73,6,-1,0,unknown
14952,cellular,16,jul,278,2,-1,0,unknown
14953,cellular,16,jul,252,2,-1,0,unknown
14954,cellular,16,jul,700,4,-1,0,unknown
14955,cellular,16,jul,345,10,-1,0,unknown
14956,cellular,16,jul,169,5,-1,0,unknown
14957,cellular,16,jul,156,3,-1,0,unknown
14958,cellular,16,jul,781,2,-1,0,unknown
14959,telephone,16,jul,202,6,-1,0,unknown
14960,cellular,16,jul,401,8,-1,0,unknown
14961,cellular,16,jul,1656,5,-1,0,unknown
14962,telephone,16,jul,357,7,-1,0,unknown
14963,cellular,16,jul,159,6,-1,0,unknown
14964,cellular,16,jul,1389,7,-1,0,unknown
14965,cellular,16,jul,1056,2,-1,0,unknown
14966,cellular,16,jul,166,6,-1,0,unknown
14967,cellular,16,jul,168,2,-1,0,unknown
14968,cellular,16,jul,97,2,-1,0,unknown
14969,telephone,16,jul,201,5,-1,0,unknown
14970,cellular,16,jul,212,1,-1,0,unknown
14971,cellular,16,jul,191,1,-1,0,unknown
14972,cellular,16,jul,1339,3,-1,0,unknown
14973,telephone,16,jul,30,2,-1,0,unknown
14974,telephone,16,jul,127,11,-1,0,unknown
14975,cellular,16,jul,319,5,-1,0,unknown
14976,telephone,16,jul,284,8,-1,0,unknown
14977,telephone,16,jul,264,5,-1,0,unknown
14978,cellular,16,jul,204,2,-1,0,unknown
14979,cellular,16,jul,1473,6,-1,0,unknown
14980,cellular,16,jul,255,2,-1,0,unknown
14981,cellular,16,jul,108,5,-1,0,unknown
14982,cellular,16,jul,524,4,-1,0,unknown
14983,cellular,16,jul,26,2,-1,0,unknown
14984,cellular,16,jul,613,3,-1,0,unknown
14985,cellular,16,jul,268,1,-1,0,unknown
14986,cellular,16,jul,605,6,-1,0,unknown
14987,cellular,17,jul,63,11,-1,0,unknown
14988,cellular,17,jul,128,3,-1,0,unknown
14989,cellular,17,jul,185,1,-1,0,unknown
14990,cellular,17,jul,66,7,-1,0,unknown
14991,cellular,17,jul,102,2,-1,0,unknown
14992,cellular,17,jul,199,2,-1,0,unknown
14993,telephone,17,jul,293,20,-1,0,unknown
14994,cellular,17,jul,59,2,-1,0,unknown
14995,telephone,17,jul,209,2,-1,0,unknown
14996,cellular,17,jul,330,1,-1,0,unknown
14997,telephone,17,jul,299,9,-1,0,unknown
14998,cellular,17,jul,159,3,-1,0,unknown
14999,cellular,17,jul,63,6,-1,0,unknown
15000,cellular,17,jul,309,2,-1,0,unknown
15001,cellular,17,jul,257,2,-1,0,unknown
15002,cellular,17,jul,36,2,-1,0,unknown
15003,cellular,17,jul,53,1,-1,0,unknown
15004,cellular,17,jul,71,1,-1,0,unknown
15005,cellular,17,jul,20,3,-1,0,unknown
15006,cellular,17,jul,117,1,-1,0,unknown
15007,cellular,17,jul,80,1,-1,0,unknown
15008,cellular,17,jul,109,4,-1,0,unknown
15009,cellular,17,jul,201,1,-1,0,unknown
15010,cellular,17,jul,397,1,-1,0,unknown
15011,cellular,17,jul,69,1,-1,0,unknown
15012,telephone,17,jul,264,3,-1,0,unknown
15013,cellular,17,jul,90,1,-1,0,unknown
15014,cellular,17,jul,94,2,-1,0,unknown
15015,cellular,17,jul,72,3,-1,0,unknown
15016,cellular,17,jul,317,1,-1,0,unknown
15017,cellular,17,jul,1150,3,-1,0,unknown
15018,cellular,17,jul,144,1,-1,0,unknown
15019,cellular,17,jul,126,1,-1,0,unknown
15020,cellular,17,jul,302,2,-1,0,unknown
15021,cellular,17,jul,123,1,-1,0,unknown
15022,cellular,17,jul,114,1,-1,0,unknown
15023,cellular,17,jul,235,1,-1,0,unknown
15024,cellular,17,jul,196,1,-1,0,unknown
15025,telephone,17,jul,84,1,-1,0,unknown
15026,cellular,17,jul,106,1,-1,0,unknown
15027,telephone,17,jul,151,1,-1,0,unknown
15028,cellular,17,jul,102,1,-1,0,unknown
15029,cellular,17,jul,521,1,-1,0,unknown
15030,cellular,17,jul,181,2,-1,0,unknown
15031,cellular,17,jul,80,5,-1,0,unknown
15032,cellular,17,jul,158,1,-1,0,unknown
15033,cellular,17,jul,187,1,-1,0,unknown
15034,cellular,17,jul,205,1,-1,0,unknown
15035,cellular,17,jul,228,1,-1,0,unknown
15036,cellular,17,jul,628,1,-1,0,unknown
15037,cellular,17,jul,117,3,-1,0,unknown
15038,cellular,17,jul,418,2,-1,0,unknown
15039,cellular,17,jul,64,1,-1,0,unknown
15040,cellular,17,jul,302,2,-1,0,unknown
15041,cellular,17,jul,923,2,-1,0,unknown
15042,telephone,17,jul,17,3,-1,0,unknown
15043,cellular,17,jul,50,1,-1,0,unknown
15044,cellular,17,jul,72,1,-1,0,unknown
15045,cellular,17,jul,72,1,-1,0,unknown
15046,cellular,17,jul,115,1,-1,0,unknown
15047,cellular,17,jul,258,1,-1,0,unknown
15048,cellular,17,jul,544,1,-1,0,unknown
15049,cellular,17,jul,124,1,-1,0,unknown
15050,cellular,17,jul,753,2,-1,0,unknown
15051,cellular,17,jul,72,6,-1,0,unknown
15052,cellular,17,jul,391,2,-1,0,unknown
15053,cellular,17,jul,686,1,-1,0,unknown
15054,cellular,17,jul,324,1,-1,0,unknown
15055,cellular,17,jul,295,1,-1,0,unknown
15056,cellular,17,jul,284,1,-1,0,unknown
15057,cellular,17,jul,86,1,-1,0,unknown
15058,cellular,17,jul,1171,1,-1,0,unknown
15059,cellular,17,jul,430,2,-1,0,unknown
15060,cellular,17,jul,201,1,-1,0,unknown
15061,cellular,17,jul,50,1,-1,0,unknown
15062,cellular,17,jul,272,1,-1,0,unknown
15063,cellular,17,jul,224,2,-1,0,unknown
15064,cellular,17,jul,82,1,-1,0,unknown
15065,telephone,17,jul,344,10,-1,0,unknown
15066,cellular,17,jul,262,1,-1,0,unknown
15067,cellular,17,jul,818,1,-1,0,unknown
15068,cellular,17,jul,402,2,-1,0,unknown
15069,cellular,17,jul,127,5,-1,0,unknown
15070,cellular,17,jul,89,1,-1,0,unknown
15071,cellular,17,jul,87,1,-1,0,unknown
15072,cellular,17,jul,97,1,-1,0,unknown
15073,cellular,17,jul,324,1,-1,0,unknown
15074,cellular,17,jul,287,1,-1,0,unknown
15075,cellular,17,jul,284,1,-1,0,unknown
15076,cellular,17,jul,67,1,-1,0,unknown
15077,cellular,17,jul,156,1,-1,0,unknown
15078,cellular,17,jul,234,1,-1,0,unknown
15079,cellular,17,jul,54,1,-1,0,unknown
15080,cellular,17,jul,59,1,-1,0,unknown
15081,cellular,17,jul,134,1,-1,0,unknown
15082,telephone,17,jul,167,1,-1,0,unknown
15083,cellular,17,jul,58,1,-1,0,unknown
15084,cellular,17,jul,509,1,-1,0,unknown
15085,cellular,17,jul,156,6,-1,0,unknown
15086,cellular,17,jul,200,1,-1,0,unknown
15087,cellular,17,jul,354,1,-1,0,unknown
15088,cellular,17,jul,143,1,-1,0,unknown
15089,cellular,17,jul,28,1,-1,0,unknown
15090,cellular,17,jul,224,1,-1,0,unknown
15091,cellular,17,jul,109,1,-1,0,unknown
15092,cellular,17,jul,1275,1,-1,0,unknown
15093,cellular,17,jul,1183,1,-1,0,unknown
15094,cellular,17,jul,342,2,-1,0,unknown
15095,cellular,17,jul,164,1,-1,0,unknown
15096,cellular,17,jul,692,1,-1,0,unknown
15097,cellular,17,jul,158,1,-1,0,unknown
15098,cellular,17,jul,120,3,-1,0,unknown
15099,cellular,17,jul,114,1,-1,0,unknown
15100,cellular,17,jul,118,2,-1,0,unknown
15101,telephone,17,jul,109,3,-1,0,unknown
15102,cellular,17,jul,143,2,-1,0,unknown
15103,cellular,17,jul,84,1,-1,0,unknown
15104,telephone,17,jul,15,1,-1,0,unknown
15105,cellular,17,jul,536,2,-1,0,unknown
15106,cellular,17,jul,490,7,-1,0,unknown
15107,cellular,17,jul,282,1,-1,0,unknown
15108,telephone,17,jul,1008,2,-1,0,unknown
15109,cellular,17,jul,493,1,-1,0,unknown
15110,cellular,17,jul,421,1,-1,0,unknown
15111,cellular,17,jul,259,1,-1,0,unknown
15112,cellular,17,jul,105,1,-1,0,unknown
15113,cellular,17,jul,301,1,-1,0,unknown
15114,cellular,17,jul,49,1,-1,0,unknown
15115,cellular,17,jul,134,1,-1,0,unknown
15116,cellular,17,jul,115,1,-1,0,unknown
15117,cellular,17,jul,538,2,-1,0,unknown
15118,cellular,17,jul,179,1,-1,0,unknown
15119,cellular,17,jul,195,3,-1,0,unknown
15120,cellular,17,jul,795,1,-1,0,unknown
15121,cellular,17,jul,225,3,-1,0,unknown
15122,cellular,17,jul,926,1,-1,0,unknown
15123,cellular,17,jul,219,1,-1,0,unknown
15124,cellular,17,jul,119,1,-1,0,unknown
15125,cellular,17,jul,232,1,-1,0,unknown
15126,cellular,17,jul,245,1,-1,0,unknown
15127,cellular,17,jul,260,1,-1,0,unknown
15128,cellular,17,jul,243,1,-1,0,unknown
15129,cellular,17,jul,470,1,-1,0,unknown
15130,cellular,17,jul,109,3,-1,0,unknown
15131,cellular,17,jul,176,1,-1,0,unknown
15132,cellular,17,jul,172,1,-1,0,unknown
15133,cellular,17,jul,393,1,-1,0,unknown
15134,cellular,17,jul,71,1,-1,0,unknown
15135,cellular,17,jul,157,1,-1,0,unknown
15136,cellular,17,jul,130,1,-1,0,unknown
15137,cellular,17,jul,270,1,-1,0,unknown
15138,cellular,17,jul,79,1,-1,0,unknown
15139,cellular,17,jul,655,1,-1,0,unknown
15140,cellular,17,jul,123,2,-1,0,unknown
15141,cellular,17,jul,479,1,-1,0,unknown
15142,cellular,17,jul,96,1,-1,0,unknown
15143,cellular,17,jul,225,2,-1,0,unknown
15144,cellular,17,jul,654,1,-1,0,unknown
15145,cellular,17,jul,747,1,-1,0,unknown
15146,cellular,17,jul,321,1,-1,0,unknown
15147,cellular,17,jul,54,4,-1,0,unknown
15148,cellular,17,jul,312,5,-1,0,unknown
15149,cellular,17,jul,1027,1,-1,0,unknown
15150,cellular,17,jul,630,1,-1,0,unknown
15151,cellular,17,jul,360,2,-1,0,unknown
15152,cellular,17,jul,180,1,-1,0,unknown
15153,cellular,17,jul,22,1,-1,0,unknown
15154,cellular,17,jul,184,1,-1,0,unknown
15155,cellular,17,jul,345,1,-1,0,unknown
15156,cellular,17,jul,506,1,-1,0,unknown
15157,cellular,17,jul,388,2,-1,0,unknown
15158,cellular,17,jul,796,2,-1,0,unknown
15159,telephone,17,jul,381,7,-1,0,unknown
15160,cellular,17,jul,804,2,-1,0,unknown
15161,cellular,17,jul,127,3,-1,0,unknown
15162,cellular,17,jul,18,11,-1,0,unknown
15163,cellular,17,jul,168,6,-1,0,unknown
15164,cellular,17,jul,309,2,-1,0,unknown
15165,cellular,17,jul,43,2,-1,0,unknown
15166,cellular,17,jul,353,3,-1,0,unknown
15167,cellular,17,jul,384,4,-1,0,unknown
15168,cellular,17,jul,177,2,-1,0,unknown
15169,cellular,17,jul,18,8,-1,0,unknown
15170,cellular,17,jul,275,17,-1,0,unknown
15171,cellular,17,jul,378,7,-1,0,unknown
15172,cellular,17,jul,489,2,-1,0,unknown
15173,cellular,17,jul,54,3,-1,0,unknown
15174,telephone,17,jul,485,2,-1,0,unknown
15175,cellular,17,jul,1584,2,-1,0,unknown
15176,cellular,17,jul,62,1,-1,0,unknown
15177,cellular,17,jul,695,1,-1,0,unknown
15178,cellular,17,jul,139,5,-1,0,unknown
15179,cellular,17,jul,582,2,-1,0,unknown
15180,telephone,17,jul,1448,7,-1,0,unknown
15181,cellular,17,jul,271,2,-1,0,unknown
15182,cellular,17,jul,1151,1,-1,0,unknown
15183,telephone,17,jul,265,2,-1,0,unknown
15184,cellular,17,jul,120,3,-1,0,unknown
15185,cellular,17,jul,277,3,-1,0,unknown
15186,cellular,17,jul,383,3,-1,0,unknown
15187,cellular,17,jul,186,2,-1,0,unknown
15188,cellular,17,jul,160,6,-1,0,unknown
15189,cellular,17,jul,207,2,-1,0,unknown
15190,telephone,17,jul,197,3,-1,0,unknown
15191,telephone,17,jul,202,5,-1,0,unknown
15192,cellular,17,jul,656,3,-1,0,unknown
15193,cellular,17,jul,1390,2,-1,0,unknown
15194,cellular,17,jul,188,3,-1,0,unknown
15195,cellular,17,jul,231,2,-1,0,unknown
15196,cellular,17,jul,738,3,-1,0,unknown
15197,cellular,17,jul,25,1,-1,0,unknown
15198,cellular,17,jul,1319,5,-1,0,unknown
15199,cellular,17,jul,606,3,-1,0,unknown
15200,cellular,17,jul,235,2,-1,0,unknown
15201,telephone,17,jul,268,5,-1,0,unknown
15202,cellular,17,jul,210,2,-1,0,unknown
15203,cellular,17,jul,275,2,-1,0,unknown
15204,telephone,17,jul,304,4,-1,0,unknown
15205,cellular,17,jul,84,2,-1,0,unknown
15206,cellular,17,jul,125,2,-1,0,unknown
15207,cellular,17,jul,294,2,-1,0,unknown
15208,cellular,17,jul,59,3,-1,0,unknown
15209,cellular,17,jul,182,2,-1,0,unknown
15210,cellular,17,jul,410,3,-1,0,unknown
15211,cellular,17,jul,209,4,-1,0,unknown
15212,cellular,17,jul,1208,1,-1,0,unknown
15213,telephone,17,jul,124,8,-1,0,unknown
15214,cellular,17,jul,234,1,-1,0,unknown
15215,cellular,17,jul,277,3,-1,0,unknown
15216,cellular,17,jul,80,2,-1,0,unknown
15217,cellular,17,jul,222,2,-1,0,unknown
15218,cellular,17,jul,147,3,-1,0,unknown
15219,cellular,17,jul,174,2,-1,0,unknown
15220,cellular,17,jul,1175,2,-1,0,unknown
15221,telephone,17,jul,46,6,-1,0,unknown
15222,cellular,17,jul,536,5,-1,0,unknown
15223,cellular,17,jul,257,2,-1,0,unknown
15224,cellular,17,jul,728,3,-1,0,unknown
15225,cellular,17,jul,1018,1,-1,0,unknown
15226,cellular,17,jul,215,2,-1,0,unknown
15227,cellular,17,jul,291,2,-1,0,unknown
15228,cellular,17,jul,330,3,-1,0,unknown
15229,telephone,17,jul,171,3,-1,0,unknown
15230,cellular,17,jul,170,4,-1,0,unknown
15231,cellular,17,jul,408,11,-1,0,unknown
15232,cellular,17,jul,301,1,-1,0,unknown
15233,cellular,17,jul,88,1,-1,0,unknown
15234,cellular,17,jul,155,6,-1,0,unknown
15235,cellular,17,jul,81,3,-1,0,unknown
15236,cellular,17,jul,770,2,-1,0,unknown
15237,cellular,17,jul,57,4,-1,0,unknown
15238,cellular,17,jul,991,5,-1,0,unknown
15239,cellular,17,jul,82,2,-1,0,unknown
15240,cellular,17,jul,903,4,-1,0,unknown
15241,telephone,17,jul,610,2,-1,0,unknown
15242,cellular,17,jul,175,3,-1,0,unknown
15243,cellular,17,jul,122,17,-1,0,unknown
15244,cellular,17,jul,395,3,-1,0,unknown
15245,telephone,17,jul,517,5,-1,0,unknown
15246,cellular,17,jul,444,6,-1,0,unknown
15247,cellular,17,jul,230,5,-1,0,unknown
15248,telephone,17,jul,207,10,-1,0,unknown
15249,cellular,17,jul,674,3,-1,0,unknown
15250,cellular,17,jul,172,3,-1,0,unknown
15251,cellular,17,jul,169,7,-1,0,unknown
15252,cellular,17,jul,320,2,-1,0,unknown
15253,cellular,17,jul,153,1,-1,0,unknown
15254,cellular,17,jul,154,1,-1,0,unknown
15255,cellular,17,jul,51,1,-1,0,unknown
15256,cellular,17,jul,43,8,-1,0,unknown
15257,cellular,17,jul,143,1,-1,0,unknown
15258,cellular,17,jul,505,3,-1,0,unknown
15259,telephone,17,jul,27,1,-1,0,unknown
15260,cellular,17,jul,546,6,-1,0,unknown
15261,cellular,17,jul,91,2,-1,0,unknown
15262,cellular,17,jul,75,3,-1,0,unknown
15263,cellular,17,jul,1153,4,-1,0,unknown
15264,cellular,17,jul,602,1,-1,0,unknown
15265,cellular,17,jul,740,2,-1,0,unknown
15266,cellular,17,jul,193,2,-1,0,unknown
15267,cellular,17,jul,125,1,-1,0,unknown
15268,cellular,17,jul,188,3,-1,0,unknown
15269,cellular,17,jul,1303,2,-1,0,unknown
15270,cellular,17,jul,134,2,-1,0,unknown
15271,cellular,17,jul,509,7,-1,0,unknown
15272,cellular,17,jul,735,2,-1,0,unknown
15273,cellular,18,jul,172,2,-1,0,unknown
15274,cellular,18,jul,138,3,-1,0,unknown
15275,cellular,18,jul,64,2,-1,0,unknown
15276,cellular,18,jul,157,3,-1,0,unknown
15277,cellular,18,jul,185,2,-1,0,unknown
15278,cellular,18,jul,121,2,-1,0,unknown
15279,cellular,18,jul,156,3,-1,0,unknown
15280,cellular,18,jul,74,5,-1,0,unknown
15281,cellular,18,jul,302,3,-1,0,unknown
15282,cellular,18,jul,95,8,-1,0,unknown
15283,cellular,18,jul,100,4,-1,0,unknown
15284,cellular,18,jul,163,7,-1,0,unknown
15285,cellular,18,jul,172,3,-1,0,unknown
15286,cellular,18,jul,623,3,-1,0,unknown
15287,cellular,18,jul,674,3,-1,0,unknown
15288,cellular,18,jul,76,4,-1,0,unknown
15289,cellular,18,jul,1081,2,-1,0,unknown
15290,cellular,18,jul,69,7,-1,0,unknown
15291,cellular,18,jul,50,4,-1,0,unknown
15292,cellular,18,jul,142,10,-1,0,unknown
15293,cellular,18,jul,91,10,-1,0,unknown
15294,cellular,18,jul,400,6,-1,0,unknown
15295,telephone,18,jul,53,4,-1,0,unknown
15296,cellular,18,jul,85,2,-1,0,unknown
15297,cellular,18,jul,454,1,-1,0,unknown
15298,cellular,18,jul,67,11,-1,0,unknown
15299,cellular,18,jul,127,3,-1,0,unknown
15300,cellular,18,jul,178,3,-1,0,unknown
15301,cellular,18,jul,145,2,-1,0,unknown
15302,cellular,18,jul,59,4,-1,0,unknown
15303,cellular,18,jul,287,2,-1,0,unknown
15304,cellular,18,jul,85,1,-1,0,unknown
15305,cellular,18,jul,292,2,-1,0,unknown
15306,cellular,18,jul,115,1,-1,0,unknown
15307,cellular,18,jul,85,2,-1,0,unknown
15308,cellular,18,jul,146,1,-1,0,unknown
15309,cellular,18,jul,83,2,-1,0,unknown
15310,cellular,18,jul,103,2,-1,0,unknown
15311,cellular,18,jul,572,1,-1,0,unknown
15312,cellular,18,jul,494,1,-1,0,unknown
15313,cellular,18,jul,354,1,-1,0,unknown
15314,cellular,18,jul,91,1,-1,0,unknown
15315,cellular,18,jul,304,3,-1,0,unknown
15316,cellular,18,jul,199,1,-1,0,unknown
15317,cellular,18,jul,191,1,-1,0,unknown
15318,cellular,18,jul,978,1,-1,0,unknown
15319,cellular,18,jul,240,1,-1,0,unknown
15320,cellular,18,jul,316,1,-1,0,unknown
15321,cellular,18,jul,536,1,-1,0,unknown
15322,cellular,18,jul,185,1,-1,0,unknown
15323,cellular,18,jul,91,2,-1,0,unknown
15324,cellular,18,jul,268,1,-1,0,unknown
15325,cellular,18,jul,149,1,-1,0,unknown
15326,cellular,18,jul,72,1,-1,0,unknown
15327,telephone,18,jul,11,1,-1,0,unknown
15328,cellular,18,jul,222,1,-1,0,unknown
15329,cellular,18,jul,135,1,-1,0,unknown
15330,cellular,18,jul,412,1,-1,0,unknown
15331,telephone,18,jul,41,1,-1,0,unknown
15332,cellular,18,jul,800,6,-1,0,unknown
15333,cellular,18,jul,151,1,-1,0,unknown
15334,cellular,18,jul,84,2,-1,0,unknown
15335,cellular,18,jul,217,1,-1,0,unknown
15336,cellular,18,jul,178,1,-1,0,unknown
15337,cellular,18,jul,90,1,-1,0,unknown
15338,cellular,18,jul,33,1,-1,0,unknown
15339,cellular,18,jul,274,5,-1,0,unknown
15340,cellular,18,jul,116,1,-1,0,unknown
15341,cellular,18,jul,71,3,-1,0,unknown
15342,cellular,18,jul,226,1,-1,0,unknown
15343,cellular,18,jul,968,1,-1,0,unknown
15344,cellular,18,jul,377,1,-1,0,unknown
15345,cellular,18,jul,111,1,-1,0,unknown
15346,cellular,18,jul,113,1,-1,0,unknown
15347,cellular,18,jul,225,1,-1,0,unknown
15348,cellular,18,jul,277,1,-1,0,unknown
15349,cellular,18,jul,274,3,-1,0,unknown
15350,cellular,18,jul,467,1,-1,0,unknown
15351,cellular,18,jul,191,1,-1,0,unknown
15352,cellular,18,jul,474,2,-1,0,unknown
15353,cellular,18,jul,110,10,-1,0,unknown
15354,cellular,18,jul,102,1,-1,0,unknown
15355,cellular,18,jul,143,1,-1,0,unknown
15356,cellular,18,jul,164,1,-1,0,unknown
15357,cellular,18,jul,411,3,-1,0,unknown
15358,cellular,18,jul,516,1,-1,0,unknown
15359,cellular,18,jul,120,1,-1,0,unknown
15360,cellular,18,jul,203,1,-1,0,unknown
15361,cellular,18,jul,73,1,-1,0,unknown
15362,cellular,18,jul,482,2,-1,0,unknown
15363,cellular,18,jul,167,3,-1,0,unknown
15364,cellular,18,jul,569,1,-1,0,unknown
15365,cellular,18,jul,94,1,-1,0,unknown
15366,cellular,18,jul,278,2,-1,0,unknown
15367,cellular,18,jul,177,3,-1,0,unknown
15368,cellular,18,jul,110,1,-1,0,unknown
15369,cellular,18,jul,383,1,-1,0,unknown
15370,cellular,18,jul,286,1,-1,0,unknown
15371,cellular,18,jul,106,1,-1,0,unknown
15372,cellular,18,jul,223,1,-1,0,unknown
15373,cellular,18,jul,610,1,-1,0,unknown
15374,cellular,18,jul,313,1,-1,0,unknown
15375,cellular,18,jul,108,1,-1,0,unknown
15376,cellular,18,jul,116,1,-1,0,unknown
15377,cellular,18,jul,359,1,-1,0,unknown
15378,cellular,18,jul,119,4,-1,0,unknown
15379,cellular,18,jul,238,3,-1,0,unknown
15380,cellular,18,jul,337,1,-1,0,unknown
15381,cellular,18,jul,75,1,-1,0,unknown
15382,cellular,18,jul,226,2,-1,0,unknown
15383,telephone,18,jul,11,3,-1,0,unknown
15384,cellular,18,jul,483,1,-1,0,unknown
15385,cellular,18,jul,174,2,-1,0,unknown
15386,cellular,18,jul,121,1,-1,0,unknown
15387,cellular,18,jul,47,1,-1,0,unknown
15388,cellular,18,jul,308,2,-1,0,unknown
15389,cellular,18,jul,560,1,-1,0,unknown
15390,cellular,18,jul,269,1,-1,0,unknown
15391,cellular,18,jul,246,1,-1,0,unknown
15392,cellular,18,jul,640,3,-1,0,unknown
15393,cellular,18,jul,384,1,-1,0,unknown
15394,cellular,18,jul,292,3,-1,0,unknown
15395,cellular,18,jul,147,1,-1,0,unknown
15396,cellular,18,jul,93,1,-1,0,unknown
15397,cellular,18,jul,287,1,-1,0,unknown
15398,cellular,18,jul,25,1,-1,0,unknown
15399,cellular,18,jul,159,2,-1,0,unknown
15400,cellular,18,jul,302,1,-1,0,unknown
15401,cellular,18,jul,65,1,-1,0,unknown
15402,cellular,18,jul,90,1,-1,0,unknown
15403,cellular,18,jul,439,3,-1,0,unknown
15404,cellular,18,jul,133,5,-1,0,unknown
15405,cellular,18,jul,67,1,-1,0,unknown
15406,telephone,18,jul,494,2,-1,0,unknown
15407,cellular,18,jul,381,1,-1,0,unknown
15408,cellular,18,jul,96,1,-1,0,unknown
15409,cellular,18,jul,226,1,-1,0,unknown
15410,cellular,18,jul,354,1,-1,0,unknown
15411,cellular,18,jul,117,2,-1,0,unknown
15412,cellular,18,jul,508,1,-1,0,unknown
15413,cellular,18,jul,420,1,-1,0,unknown
15414,cellular,18,jul,263,1,-1,0,unknown
15415,cellular,18,jul,658,2,-1,0,unknown
15416,cellular,18,jul,362,2,-1,0,unknown
15417,cellular,18,jul,199,1,-1,0,unknown
15418,cellular,18,jul,342,1,-1,0,unknown
15419,cellular,18,jul,300,1,-1,0,unknown
15420,cellular,18,jul,115,4,-1,0,unknown
15421,cellular,18,jul,112,3,-1,0,unknown
15422,cellular,18,jul,104,1,-1,0,unknown
15423,cellular,18,jul,111,1,-1,0,unknown
15424,cellular,18,jul,95,4,-1,0,unknown
15425,cellular,18,jul,259,3,-1,0,unknown
15426,cellular,18,jul,503,2,-1,0,unknown
15427,cellular,18,jul,328,1,-1,0,unknown
15428,cellular,18,jul,187,1,-1,0,unknown
15429,telephone,18,jul,744,4,-1,0,unknown
15430,cellular,18,jul,655,4,-1,0,unknown
15431,cellular,18,jul,142,1,-1,0,unknown
15432,cellular,18,jul,642,1,-1,0,unknown
15433,cellular,18,jul,141,1,-1,0,unknown
15434,cellular,18,jul,144,1,-1,0,unknown
15435,cellular,18,jul,169,2,-1,0,unknown
15436,telephone,18,jul,199,3,-1,0,unknown
15437,cellular,18,jul,143,7,-1,0,unknown
15438,cellular,18,jul,641,1,-1,0,unknown
15439,cellular,18,jul,835,1,-1,0,unknown
15440,cellular,18,jul,83,2,-1,0,unknown
15441,telephone,18,jul,54,7,-1,0,unknown
15442,cellular,18,jul,146,2,-1,0,unknown
15443,cellular,18,jul,415,2,-1,0,unknown
15444,cellular,18,jul,70,1,-1,0,unknown
15445,cellular,18,jul,595,2,-1,0,unknown
15446,cellular,18,jul,97,3,-1,0,unknown
15447,cellular,18,jul,171,7,-1,0,unknown
15448,telephone,18,jul,239,2,-1,0,unknown
15449,cellular,18,jul,328,3,-1,0,unknown
15450,cellular,18,jul,49,5,-1,0,unknown
15451,cellular,18,jul,635,3,-1,0,unknown
15452,cellular,18,jul,215,3,-1,0,unknown
15453,cellular,18,jul,34,3,-1,0,unknown
15454,cellular,18,jul,352,5,-1,0,unknown
15455,cellular,18,jul,652,2,-1,0,unknown
15456,cellular,18,jul,317,6,-1,0,unknown
15457,cellular,18,jul,92,2,-1,0,unknown
15458,cellular,18,jul,102,2,-1,0,unknown
15459,cellular,18,jul,297,2,-1,0,unknown
15460,cellular,18,jul,225,7,-1,0,unknown
15461,telephone,18,jul,183,9,-1,0,unknown
15462,cellular,18,jul,1503,11,-1,0,unknown
15463,cellular,18,jul,168,7,-1,0,unknown
15464,cellular,18,jul,1127,3,-1,0,unknown
15465,cellular,18,jul,73,4,-1,0,unknown
15466,cellular,18,jul,216,2,-1,0,unknown
15467,telephone,18,jul,55,9,-1,0,unknown
15468,cellular,18,jul,706,9,-1,0,unknown
15469,cellular,18,jul,728,6,-1,0,unknown
15470,cellular,18,jul,351,2,-1,0,unknown
15471,cellular,18,jul,127,10,-1,0,unknown
15472,cellular,18,jul,579,2,-1,0,unknown
15473,cellular,18,jul,909,3,-1,0,unknown
15474,cellular,18,jul,96,3,-1,0,unknown
15475,cellular,18,jul,100,4,-1,0,unknown
15476,cellular,18,jul,247,4,-1,0,unknown
15477,cellular,18,jul,252,6,-1,0,unknown
15478,cellular,18,jul,374,17,-1,0,unknown
15479,cellular,18,jul,1360,9,-1,0,unknown
15480,cellular,18,jul,118,3,-1,0,unknown
15481,cellular,18,jul,788,6,-1,0,unknown
15482,cellular,18,jul,570,2,-1,0,unknown
15483,cellular,18,jul,905,3,-1,0,unknown
15484,cellular,18,jul,329,3,-1,0,unknown
15485,cellular,18,jul,30,2,-1,0,unknown
15486,cellular,18,jul,180,2,-1,0,unknown
15487,cellular,18,jul,541,7,-1,0,unknown
15488,cellular,18,jul,127,4,-1,0,unknown
15489,cellular,18,jul,440,4,-1,0,unknown
15490,cellular,18,jul,135,2,-1,0,unknown
15491,cellular,18,jul,225,2,-1,0,unknown
15492,cellular,18,jul,112,2,-1,0,unknown
15493,cellular,18,jul,300,3,-1,0,unknown
15494,cellular,18,jul,409,2,-1,0,unknown
15495,cellular,18,jul,247,5,-1,0,unknown
15496,cellular,18,jul,177,5,-1,0,unknown
15497,cellular,18,jul,320,2,-1,0,unknown
15498,cellular,18,jul,89,2,-1,0,unknown
15499,telephone,18,jul,200,3,-1,0,unknown
15500,cellular,18,jul,166,2,-1,0,unknown
15501,cellular,18,jul,207,9,-1,0,unknown
15502,cellular,18,jul,453,3,-1,0,unknown
15503,cellular,18,jul,126,2,-1,0,unknown
15504,cellular,18,jul,379,3,-1,0,unknown
15505,cellular,18,jul,184,3,-1,0,unknown
15506,cellular,18,jul,191,3,-1,0,unknown
15507,cellular,18,jul,142,2,-1,0,unknown
15508,telephone,18,jul,662,4,-1,0,unknown
15509,cellular,18,jul,251,5,-1,0,unknown
15510,cellular,18,jul,588,7,-1,0,unknown
15511,telephone,18,jul,70,2,-1,0,unknown
15512,cellular,18,jul,1373,4,-1,0,unknown
15513,cellular,18,jul,127,2,-1,0,unknown
15514,cellular,18,jul,462,2,-1,0,unknown
15515,cellular,18,jul,305,10,-1,0,unknown
15516,telephone,18,jul,99,5,-1,0,unknown
15517,cellular,18,jul,264,2,-1,0,unknown
15518,cellular,18,jul,113,2,-1,0,unknown
15519,cellular,18,jul,837,8,-1,0,unknown
15520,cellular,18,jul,243,1,-1,0,unknown
15521,telephone,18,jul,277,1,-1,0,unknown
15522,cellular,18,jul,913,4,-1,0,unknown
15523,cellular,18,jul,127,3,-1,0,unknown
15524,cellular,18,jul,197,3,-1,0,unknown
15525,cellular,18,jul,154,2,-1,0,unknown
15526,cellular,18,jul,799,2,-1,0,unknown
15527,cellular,18,jul,320,1,-1,0,unknown
15528,cellular,18,jul,305,12,-1,0,unknown
15529,cellular,18,jul,1139,2,-1,0,unknown
15530,cellular,18,jul,580,7,-1,0,unknown
15531,cellular,18,jul,227,2,-1,0,unknown
15532,cellular,21,jul,82,4,-1,0,unknown
15533,telephone,21,jul,179,2,-1,0,unknown
15534,cellular,21,jul,83,2,-1,0,unknown
15535,cellular,21,jul,212,7,-1,0,unknown
15536,telephone,21,jul,280,3,-1,0,unknown
15537,telephone,21,jul,241,3,-1,0,unknown
15538,cellular,21,jul,190,4,-1,0,unknown
15539,cellular,21,jul,120,2,-1,0,unknown
15540,cellular,21,jul,200,2,-1,0,unknown
15541,cellular,21,jul,165,2,-1,0,unknown
15542,cellular,21,jul,239,2,-1,0,unknown
15543,cellular,21,jul,200,2,-1,0,unknown
15544,cellular,21,jul,463,2,-1,0,unknown
15545,cellular,21,jul,455,2,-1,0,unknown
15546,cellular,21,jul,144,2,-1,0,unknown
15547,telephone,21,jul,50,2,-1,0,unknown
15548,cellular,21,jul,75,2,-1,0,unknown
15549,cellular,21,jul,93,4,-1,0,unknown
15550,cellular,21,jul,335,8,-1,0,unknown
15551,cellular,21,jul,114,2,-1,0,unknown
15552,cellular,21,jul,272,2,-1,0,unknown
15553,cellular,21,jul,589,2,-1,0,unknown
15554,cellular,21,jul,43,2,-1,0,unknown
15555,cellular,21,jul,91,4,-1,0,unknown
15556,cellular,21,jul,54,3,-1,0,unknown
15557,cellular,21,jul,179,10,-1,0,unknown
15558,cellular,21,jul,322,4,-1,0,unknown
15559,cellular,21,jul,78,16,-1,0,unknown
15560,cellular,21,jul,72,2,-1,0,unknown
15561,cellular,21,jul,168,5,-1,0,unknown
15562,telephone,21,jul,110,7,-1,0,unknown
15563,cellular,21,jul,149,4,-1,0,unknown
15564,cellular,21,jul,489,3,-1,0,unknown
15565,telephone,21,jul,1425,2,-1,0,unknown
15566,cellular,21,jul,24,3,-1,0,unknown
15567,telephone,21,jul,218,2,-1,0,unknown
15568,cellular,21,jul,78,2,-1,0,unknown
15569,cellular,21,jul,93,7,-1,0,unknown
15570,cellular,21,jul,100,4,-1,0,unknown
15571,cellular,21,jul,257,2,-1,0,unknown
15572,cellular,21,jul,140,4,-1,0,unknown
15573,cellular,21,jul,145,3,-1,0,unknown
15574,telephone,21,jul,90,3,-1,0,unknown
15575,cellular,21,jul,122,2,-1,0,unknown
15576,cellular,21,jul,97,6,-1,0,unknown
15577,cellular,21,jul,357,1,-1,0,unknown
15578,cellular,21,jul,638,3,-1,0,unknown
15579,telephone,21,jul,118,7,-1,0,unknown
15580,cellular,21,jul,166,1,-1,0,unknown
15581,cellular,21,jul,203,2,-1,0,unknown
15582,cellular,21,jul,84,1,-1,0,unknown
15583,cellular,21,jul,118,3,-1,0,unknown
15584,cellular,21,jul,176,4,-1,0,unknown
15585,cellular,21,jul,195,1,-1,0,unknown
15586,cellular,21,jul,101,1,-1,0,unknown
15587,cellular,21,jul,153,2,-1,0,unknown
15588,cellular,21,jul,519,2,-1,0,unknown
15589,cellular,21,jul,394,2,-1,0,unknown
15590,cellular,21,jul,236,2,-1,0,unknown
15591,cellular,21,jul,180,4,-1,0,unknown
15592,cellular,21,jul,361,1,-1,0,unknown
15593,cellular,21,jul,88,4,-1,0,unknown
15594,cellular,21,jul,317,3,-1,0,unknown
15595,cellular,21,jul,89,20,-1,0,unknown
15596,cellular,21,jul,172,4,-1,0,unknown
15597,cellular,21,jul,1105,2,-1,0,unknown
15598,cellular,21,jul,553,2,-1,0,unknown
15599,cellular,21,jul,538,1,-1,0,unknown
15600,cellular,21,jul,91,2,-1,0,unknown
15601,cellular,21,jul,167,4,-1,0,unknown
15602,cellular,21,jul,130,1,-1,0,unknown
15603,cellular,21,jul,96,1,-1,0,unknown
15604,cellular,21,jul,76,3,-1,0,unknown
15605,cellular,21,jul,554,2,-1,0,unknown
15606,cellular,21,jul,184,1,-1,0,unknown
15607,cellular,21,jul,126,4,-1,0,unknown
15608,cellular,21,jul,124,1,-1,0,unknown
15609,cellular,21,jul,316,1,-1,0,unknown
15610,cellular,21,jul,405,1,-1,0,unknown
15611,cellular,21,jul,416,4,-1,0,unknown
15612,cellular,21,jul,37,1,-1,0,unknown
15613,cellular,21,jul,42,6,-1,0,unknown
15614,cellular,21,jul,455,4,-1,0,unknown
15615,cellular,21,jul,171,1,-1,0,unknown
15616,cellular,21,jul,150,4,-1,0,unknown
15617,cellular,21,jul,93,1,-1,0,unknown
15618,cellular,21,jul,156,1,-1,0,unknown
15619,cellular,21,jul,66,1,-1,0,unknown
15620,cellular,21,jul,323,1,-1,0,unknown
15621,telephone,21,jul,37,1,-1,0,unknown
15622,cellular,21,jul,226,1,-1,0,unknown
15623,cellular,21,jul,472,1,-1,0,unknown
15624,cellular,21,jul,357,1,-1,0,unknown
15625,cellular,21,jul,152,2,-1,0,unknown
15626,telephone,21,jul,53,1,-1,0,unknown
15627,cellular,21,jul,47,1,-1,0,unknown
15628,cellular,21,jul,581,4,-1,0,unknown
15629,cellular,21,jul,113,1,-1,0,unknown
15630,cellular,21,jul,191,1,-1,0,unknown
15631,cellular,21,jul,193,1,-1,0,unknown
15632,cellular,21,jul,38,1,-1,0,unknown
15633,cellular,21,jul,108,1,-1,0,unknown
15634,cellular,21,jul,77,2,-1,0,unknown
15635,cellular,21,jul,212,1,-1,0,unknown
15636,cellular,21,jul,225,3,-1,0,unknown
15637,cellular,21,jul,120,3,-1,0,unknown
15638,cellular,21,jul,304,1,-1,0,unknown
15639,cellular,21,jul,230,1,-1,0,unknown
15640,cellular,21,jul,396,2,-1,0,unknown
15641,cellular,21,jul,856,1,-1,0,unknown
15642,cellular,21,jul,853,1,-1,0,unknown
15643,cellular,21,jul,53,1,-1,0,unknown
15644,cellular,21,jul,53,6,-1,0,unknown
15645,cellular,21,jul,475,4,-1,0,unknown
15646,cellular,21,jul,169,1,-1,0,unknown
15647,cellular,21,jul,229,1,-1,0,unknown
15648,cellular,21,jul,141,6,-1,0,unknown
15649,cellular,21,jul,54,10,-1,0,unknown
15650,cellular,21,jul,101,1,-1,0,unknown
15651,cellular,21,jul,270,4,-1,0,unknown
15652,cellular,21,jul,54,8,-1,0,unknown
15653,cellular,21,jul,730,8,-1,0,unknown
15654,cellular,21,jul,105,2,-1,0,unknown
15655,cellular,21,jul,533,1,-1,0,unknown
15656,cellular,21,jul,177,1,-1,0,unknown
15657,cellular,21,jul,296,1,-1,0,unknown
15658,cellular,21,jul,304,3,-1,0,unknown
15659,cellular,21,jul,854,1,-1,0,unknown
15660,cellular,21,jul,97,2,-1,0,unknown
15661,cellular,21,jul,31,1,-1,0,unknown
15662,cellular,21,jul,90,1,-1,0,unknown
15663,cellular,21,jul,90,1,-1,0,unknown
15664,cellular,21,jul,219,1,-1,0,unknown
15665,cellular,21,jul,99,1,-1,0,unknown
15666,cellular,21,jul,111,1,-1,0,unknown
15667,cellular,21,jul,100,2,-1,0,unknown
15668,cellular,21,jul,118,3,-1,0,unknown
15669,telephone,21,jul,158,1,-1,0,unknown
15670,cellular,21,jul,115,1,-1,0,unknown
15671,telephone,21,jul,19,1,-1,0,unknown
15672,cellular,21,jul,336,4,-1,0,unknown
15673,telephone,21,jul,65,1,-1,0,unknown
15674,cellular,21,jul,479,1,-1,0,unknown
15675,cellular,21,jul,71,11,-1,0,unknown
15676,cellular,21,jul,95,1,-1,0,unknown
15677,cellular,21,jul,156,1,-1,0,unknown
15678,cellular,21,jul,177,1,-1,0,unknown
15679,cellular,21,jul,93,1,-1,0,unknown
15680,cellular,21,jul,54,2,-1,0,unknown
15681,cellular,21,jul,369,1,-1,0,unknown
15682,cellular,21,jul,206,1,-1,0,unknown
15683,cellular,21,jul,163,4,-1,0,unknown
15684,cellular,21,jul,101,3,-1,0,unknown
15685,cellular,21,jul,171,2,-1,0,unknown
15686,cellular,21,jul,1039,7,-1,0,unknown
15687,cellular,21,jul,221,8,-1,0,unknown
15688,cellular,21,jul,369,1,-1,0,unknown
15689,cellular,21,jul,141,2,-1,0,unknown
15690,cellular,21,jul,574,1,-1,0,unknown
15691,cellular,21,jul,678,1,-1,0,unknown
15692,cellular,21,jul,919,2,-1,0,unknown
15693,cellular,21,jul,71,1,-1,0,unknown
15694,cellular,21,jul,101,1,-1,0,unknown
15695,cellular,21,jul,171,1,-1,0,unknown
15696,cellular,21,jul,149,1,-1,0,unknown
15697,cellular,21,jul,72,4,-1,0,unknown
15698,cellular,21,jul,368,2,-1,0,unknown
15699,cellular,21,jul,65,2,-1,0,unknown
15700,telephone,21,jul,61,1,-1,0,unknown
15701,cellular,21,jul,51,7,-1,0,unknown
15702,cellular,21,jul,237,1,-1,0,unknown
15703,cellular,21,jul,1017,6,-1,0,unknown
15704,cellular,21,jul,357,1,-1,0,unknown
15705,cellular,21,jul,449,1,-1,0,unknown
15706,cellular,21,jul,204,4,-1,0,unknown
15707,cellular,21,jul,356,2,-1,0,unknown
15708,cellular,21,jul,204,3,-1,0,unknown
15709,cellular,21,jul,71,15,-1,0,unknown
15710,cellular,21,jul,163,3,-1,0,unknown
15711,cellular,21,jul,111,1,-1,0,unknown
15712,cellular,21,jul,353,2,-1,0,unknown
15713,telephone,21,jul,733,3,-1,0,unknown
15714,cellular,21,jul,119,1,-1,0,unknown
15715,telephone,21,jul,79,1,-1,0,unknown
15716,cellular,21,jul,808,5,-1,0,unknown
15717,cellular,21,jul,507,1,-1,0,unknown
15718,cellular,21,jul,245,1,-1,0,unknown
15719,cellular,21,jul,553,1,-1,0,unknown
15720,cellular,21,jul,1080,4,-1,0,unknown
15721,cellular,21,jul,339,1,-1,0,unknown
15722,cellular,21,jul,710,1,-1,0,unknown
15723,cellular,21,jul,333,2,-1,0,unknown
15724,cellular,21,jul,240,1,-1,0,unknown
15725,cellular,21,jul,87,4,-1,0,unknown
15726,cellular,21,jul,1156,1,-1,0,unknown
15727,cellular,21,jul,761,2,-1,0,unknown
15728,cellular,21,jul,471,2,-1,0,unknown
15729,cellular,21,jul,80,3,-1,0,unknown
15730,cellular,21,jul,137,3,-1,0,unknown
15731,cellular,21,jul,623,1,-1,0,unknown
15732,cellular,21,jul,881,4,-1,0,unknown
15733,cellular,21,jul,255,1,-1,0,unknown
15734,cellular,21,jul,251,5,-1,0,unknown
15735,cellular,21,jul,357,1,-1,0,unknown
15736,cellular,21,jul,891,4,-1,0,unknown
15737,cellular,21,jul,228,3,-1,0,unknown
15738,cellular,21,jul,121,2,-1,0,unknown
15739,cellular,21,jul,200,2,-1,0,unknown
15740,cellular,21,jul,116,3,-1,0,unknown
15741,cellular,21,jul,157,1,-1,0,unknown
15742,cellular,21,jul,151,2,-1,0,unknown
15743,cellular,21,jul,333,3,-1,0,unknown
15744,cellular,21,jul,153,3,-1,0,unknown
15745,cellular,21,jul,81,1,-1,0,unknown
15746,cellular,21,jul,410,1,-1,0,unknown
15747,cellular,21,jul,56,1,-1,0,unknown
15748,telephone,21,jul,691,10,-1,0,unknown
15749,cellular,21,jul,202,3,-1,0,unknown
15750,cellular,21,jul,125,1,-1,0,unknown
15751,cellular,21,jul,178,1,-1,0,unknown
15752,cellular,21,jul,594,1,-1,0,unknown
15753,cellular,21,jul,61,1,-1,0,unknown
15754,telephone,21,jul,742,4,-1,0,unknown
15755,telephone,21,jul,1877,1,-1,0,unknown
15756,telephone,21,jul,18,1,-1,0,unknown
15757,cellular,21,jul,167,1,-1,0,unknown
15758,cellular,21,jul,84,1,-1,0,unknown
15759,cellular,21,jul,142,1,-1,0,unknown
15760,cellular,21,jul,295,3,-1,0,unknown
15761,telephone,21,jul,443,1,-1,0,unknown
15762,cellular,21,jul,181,1,-1,0,unknown
15763,cellular,21,jul,292,8,-1,0,unknown
15764,cellular,21,jul,676,1,-1,0,unknown
15765,telephone,21,jul,171,1,-1,0,unknown
15766,cellular,21,jul,46,1,-1,0,unknown
15767,cellular,21,jul,112,1,-1,0,unknown
15768,cellular,21,jul,299,1,-1,0,unknown
15769,cellular,21,jul,588,1,-1,0,unknown
15770,cellular,21,jul,250,1,-1,0,unknown
15771,cellular,21,jul,149,7,-1,0,unknown
15772,cellular,21,jul,129,2,-1,0,unknown
15773,cellular,21,jul,208,3,-1,0,unknown
15774,cellular,21,jul,249,3,-1,0,unknown
15775,cellular,21,jul,1220,1,-1,0,unknown
15776,cellular,21,jul,407,11,-1,0,unknown
15777,cellular,21,jul,222,1,-1,0,unknown
15778,cellular,21,jul,50,5,-1,0,unknown
15779,cellular,21,jul,250,1,-1,0,unknown
15780,cellular,21,jul,262,3,-1,0,unknown
15781,cellular,21,jul,147,1,-1,0,unknown
15782,cellular,21,jul,100,1,-1,0,unknown
15783,telephone,21,jul,89,1,-1,0,unknown
15784,telephone,21,jul,107,3,-1,0,unknown
15785,cellular,21,jul,132,3,-1,0,unknown
15786,cellular,21,jul,320,1,-1,0,unknown
15787,cellular,21,jul,71,9,-1,0,unknown
15788,cellular,21,jul,91,9,-1,0,unknown
15789,cellular,21,jul,149,2,-1,0,unknown
15790,cellular,21,jul,128,2,-1,0,unknown
15791,cellular,21,jul,392,1,-1,0,unknown
15792,cellular,21,jul,210,1,-1,0,unknown
15793,telephone,21,jul,50,4,-1,0,unknown
15794,cellular,21,jul,857,4,-1,0,unknown
15795,cellular,21,jul,68,10,-1,0,unknown
15796,cellular,21,jul,298,1,-1,0,unknown
15797,cellular,21,jul,213,1,-1,0,unknown
15798,cellular,21,jul,195,1,-1,0,unknown
15799,cellular,21,jul,260,1,-1,0,unknown
15800,cellular,21,jul,474,1,-1,0,unknown
15801,cellular,21,jul,231,2,-1,0,unknown
15802,cellular,21,jul,936,4,-1,0,unknown
15803,cellular,21,jul,690,3,-1,0,unknown
15804,cellular,21,jul,381,1,-1,0,unknown
15805,cellular,21,jul,211,2,-1,0,unknown
15806,cellular,21,jul,319,1,-1,0,unknown
15807,cellular,21,jul,312,1,-1,0,unknown
15808,cellular,21,jul,60,2,-1,0,unknown
15809,cellular,21,jul,71,9,-1,0,unknown
15810,cellular,21,jul,366,3,-1,0,unknown
15811,cellular,21,jul,862,2,-1,0,unknown
15812,cellular,21,jul,71,5,-1,0,unknown
15813,cellular,21,jul,172,1,-1,0,unknown
15814,cellular,21,jul,291,1,-1,0,unknown
15815,cellular,21,jul,91,1,-1,0,unknown
15816,cellular,21,jul,237,2,-1,0,unknown
15817,telephone,21,jul,1130,8,-1,0,unknown
15818,cellular,21,jul,577,2,-1,0,unknown
15819,cellular,21,jul,509,1,-1,0,unknown
15820,cellular,21,jul,510,6,-1,0,unknown
15821,cellular,21,jul,256,1,-1,0,unknown
15822,cellular,21,jul,363,1,-1,0,unknown
15823,cellular,21,jul,1342,2,-1,0,unknown
15824,cellular,21,jul,522,1,-1,0,unknown
15825,cellular,21,jul,168,1,-1,0,unknown
15826,cellular,21,jul,306,1,-1,0,unknown
15827,cellular,21,jul,354,1,-1,0,unknown
15828,cellular,21,jul,106,3,-1,0,unknown
15829,cellular,21,jul,262,4,-1,0,unknown
15830,cellular,21,jul,91,3,-1,0,unknown
15831,cellular,21,jul,87,1,-1,0,unknown
15832,telephone,21,jul,342,9,-1,0,unknown
15833,cellular,21,jul,564,5,-1,0,unknown
15834,cellular,21,jul,181,2,-1,0,unknown
15835,cellular,21,jul,418,5,-1,0,unknown
15836,cellular,21,jul,199,3,-1,0,unknown
15837,cellular,21,jul,251,2,-1,0,unknown
15838,cellular,21,jul,1002,3,-1,0,unknown
15839,cellular,21,jul,833,5,-1,0,unknown
15840,cellular,21,jul,274,3,-1,0,unknown
15841,cellular,21,jul,241,3,-1,0,unknown
15842,cellular,21,jul,564,2,-1,0,unknown
15843,telephone,21,jul,132,10,-1,0,unknown
15844,cellular,21,jul,47,2,-1,0,unknown
15845,cellular,21,jul,338,3,-1,0,unknown
15846,cellular,21,jul,127,3,-1,0,unknown
15847,cellular,21,jul,985,11,-1,0,unknown
15848,cellular,21,jul,236,3,-1,0,unknown
15849,cellular,21,jul,67,2,-1,0,unknown
15850,cellular,21,jul,162,2,-1,0,unknown
15851,cellular,21,jul,121,4,-1,0,unknown
15852,cellular,21,jul,929,15,-1,0,unknown
15853,cellular,21,jul,91,4,-1,0,unknown
15854,cellular,21,jul,59,4,-1,0,unknown
15855,cellular,21,jul,126,3,-1,0,unknown
15856,cellular,21,jul,81,4,-1,0,unknown
15857,cellular,21,jul,769,3,-1,0,unknown
15858,cellular,21,jul,1360,3,-1,0,unknown
15859,cellular,21,jul,91,3,-1,0,unknown
15860,cellular,21,jul,1134,5,-1,0,unknown
15861,cellular,21,jul,173,2,-1,0,unknown
15862,cellular,21,jul,86,4,-1,0,unknown
15863,cellular,21,jul,130,4,-1,0,unknown
15864,cellular,21,jul,208,2,-1,0,unknown
15865,cellular,21,jul,276,2,-1,0,unknown
15866,cellular,21,jul,106,3,-1,0,unknown
15867,cellular,21,jul,251,3,-1,0,unknown
15868,cellular,21,jul,482,2,-1,0,unknown
15869,telephone,21,jul,21,31,-1,0,unknown
15870,cellular,21,jul,240,2,-1,0,unknown
15871,cellular,21,jul,88,5,-1,0,unknown
15872,cellular,21,jul,150,4,-1,0,unknown
15873,cellular,21,jul,167,2,-1,0,unknown
15874,telephone,21,jul,86,9,-1,0,unknown
15875,telephone,21,jul,105,2,-1,0,unknown
15876,cellular,21,jul,34,3,-1,0,unknown
15877,cellular,21,jul,105,10,-1,0,unknown
15878,cellular,21,jul,551,8,-1,0,unknown
15879,cellular,21,jul,322,3,-1,0,unknown
15880,cellular,21,jul,898,5,-1,0,unknown
15881,cellular,21,jul,193,5,-1,0,unknown
15882,telephone,21,jul,177,3,-1,0,unknown
15883,cellular,21,jul,357,3,-1,0,unknown
15884,cellular,21,jul,419,2,-1,0,unknown
15885,cellular,21,jul,78,4,-1,0,unknown
15886,cellular,21,jul,24,28,-1,0,unknown
15887,cellular,21,jul,147,5,-1,0,unknown
15888,telephone,21,jul,100,11,-1,0,unknown
15889,cellular,21,jul,145,2,-1,0,unknown
15890,telephone,21,jul,184,21,-1,0,unknown
15891,cellular,21,jul,111,2,-1,0,unknown
15892,cellular,21,jul,189,3,-1,0,unknown
15893,cellular,21,jul,314,7,-1,0,unknown
15894,cellular,21,jul,322,2,-1,0,unknown
15895,cellular,21,jul,445,4,-1,0,unknown
15896,cellular,21,jul,97,3,-1,0,unknown
15897,telephone,21,jul,722,3,-1,0,unknown
15898,telephone,22,jul,68,4,-1,0,unknown
15899,cellular,22,jul,166,2,-1,0,unknown
15900,telephone,22,jul,44,8,-1,0,unknown
15901,cellular,22,jul,70,9,-1,0,unknown
15902,telephone,22,jul,80,2,-1,0,unknown
15903,cellular,22,jul,72,14,-1,0,unknown
15904,cellular,22,jul,159,3,-1,0,unknown
15905,cellular,22,jul,125,4,-1,0,unknown
15906,cellular,22,jul,712,6,-1,0,unknown
15907,cellular,22,jul,156,20,-1,0,unknown
15908,cellular,22,jul,181,11,-1,0,unknown
15909,cellular,22,jul,85,3,-1,0,unknown
15910,cellular,22,jul,383,3,-1,0,unknown
15911,cellular,22,jul,93,2,-1,0,unknown
15912,cellular,22,jul,152,2,-1,0,unknown
15913,cellular,22,jul,87,3,-1,0,unknown
15914,cellular,22,jul,46,3,-1,0,unknown
15915,telephone,22,jul,68,3,-1,0,unknown
15916,cellular,22,jul,261,3,-1,0,unknown
15917,cellular,22,jul,204,3,-1,0,unknown
15918,cellular,22,jul,102,7,-1,0,unknown
15919,cellular,22,jul,637,2,-1,0,unknown
15920,cellular,22,jul,121,2,-1,0,unknown
15921,cellular,22,jul,238,2,-1,0,unknown
15922,cellular,22,jul,95,1,-1,0,unknown
15923,cellular,22,jul,127,4,-1,0,unknown
15924,cellular,22,jul,420,3,-1,0,unknown
15925,cellular,22,jul,121,2,-1,0,unknown
15926,cellular,22,jul,29,2,-1,0,unknown
15927,cellular,22,jul,312,1,-1,0,unknown
15928,cellular,22,jul,233,1,-1,0,unknown
15929,cellular,22,jul,41,1,-1,0,unknown
15930,cellular,22,jul,76,1,-1,0,unknown
15931,cellular,22,jul,96,1,-1,0,unknown
15932,cellular,22,jul,1352,2,-1,0,unknown
15933,cellular,22,jul,98,1,-1,0,unknown
15934,cellular,22,jul,69,6,-1,0,unknown
15935,cellular,22,jul,58,1,-1,0,unknown
15936,cellular,22,jul,438,3,-1,0,unknown
15937,cellular,22,jul,163,1,-1,0,unknown
15938,cellular,22,jul,153,5,-1,0,unknown
15939,cellular,22,jul,139,3,-1,0,unknown
15940,cellular,22,jul,135,1,-1,0,unknown
15941,cellular,22,jul,77,5,-1,0,unknown
15942,cellular,22,jul,211,8,-1,0,unknown
15943,cellular,22,jul,314,4,-1,0,unknown
15944,cellular,22,jul,278,5,-1,0,unknown
15945,cellular,22,jul,344,3,-1,0,unknown
15946,cellular,22,jul,152,1,-1,0,unknown
15947,cellular,22,jul,1077,1,-1,0,unknown
15948,cellular,22,jul,72,1,-1,0,unknown
15949,cellular,22,jul,70,1,-1,0,unknown
15950,cellular,22,jul,178,1,-1,0,unknown
15951,telephone,22,jul,425,2,-1,0,unknown
15952,cellular,22,jul,90,1,-1,0,unknown
15953,cellular,22,jul,80,1,-1,0,unknown
15954,cellular,22,jul,307,1,-1,0,unknown
15955,cellular,22,jul,259,1,-1,0,unknown
15956,cellular,22,jul,161,1,-1,0,unknown
15957,cellular,22,jul,66,1,-1,0,unknown
15958,cellular,22,jul,422,8,-1,0,unknown
15959,cellular,22,jul,185,1,-1,0,unknown
15960,cellular,22,jul,255,1,-1,0,unknown
15961,cellular,22,jul,518,1,-1,0,unknown
15962,cellular,22,jul,168,3,-1,0,unknown
15963,cellular,22,jul,255,1,-1,0,unknown
15964,cellular,22,jul,139,1,-1,0,unknown
15965,cellular,22,jul,527,1,-1,0,unknown
15966,cellular,22,jul,560,1,-1,0,unknown
15967,cellular,22,jul,132,6,-1,0,unknown
15968,cellular,22,jul,702,2,-1,0,unknown
15969,cellular,22,jul,81,2,-1,0,unknown
15970,cellular,22,jul,188,2,-1,0,unknown
15971,cellular,22,jul,407,4,-1,0,unknown
15972,cellular,22,jul,254,1,-1,0,unknown
15973,cellular,22,jul,176,1,-1,0,unknown
15974,cellular,22,jul,89,1,-1,0,unknown
15975,cellular,22,jul,268,1,-1,0,unknown
15976,cellular,22,jul,150,1,-1,0,unknown
15977,cellular,22,jul,367,1,-1,0,unknown
15978,cellular,22,jul,152,1,-1,0,unknown
15979,cellular,22,jul,490,1,-1,0,unknown
15980,cellular,22,jul,1545,1,-1,0,unknown
15981,cellular,22,jul,40,1,-1,0,unknown
15982,cellular,22,jul,65,1,-1,0,unknown
15983,cellular,22,jul,47,1,-1,0,unknown
15984,cellular,22,jul,274,6,-1,0,unknown
15985,cellular,22,jul,118,1,-1,0,unknown
15986,cellular,22,jul,108,1,-1,0,unknown
15987,cellular,22,jul,520,1,-1,0,unknown
15988,cellular,22,jul,56,3,-1,0,unknown
15989,cellular,22,jul,89,1,-1,0,unknown
15990,cellular,22,jul,273,4,-1,0,unknown
15991,cellular,22,jul,189,1,-1,0,unknown
15992,telephone,22,jul,74,13,-1,0,unknown
15993,cellular,22,jul,485,1,-1,0,unknown
15994,cellular,22,jul,271,1,-1,0,unknown
15995,cellular,22,jul,115,1,-1,0,unknown
15996,cellular,22,jul,71,2,-1,0,unknown
15997,cellular,22,jul,599,2,-1,0,unknown
15998,cellular,22,jul,247,1,-1,0,unknown
15999,telephone,22,jul,215,1,-1,0,unknown
16000,cellular,22,jul,88,1,-1,0,unknown
16001,cellular,22,jul,423,1,-1,0,unknown
16002,cellular,22,jul,285,1,-1,0,unknown
16003,cellular,22,jul,22,6,-1,0,unknown
16004,cellular,22,jul,200,1,-1,0,unknown
16005,cellular,22,jul,246,1,-1,0,unknown
16006,cellular,22,jul,352,3,-1,0,unknown
16007,cellular,22,jul,188,5,-1,0,unknown
16008,cellular,22,jul,506,1,-1,0,unknown
16009,cellular,22,jul,136,2,-1,0,unknown
16010,cellular,22,jul,117,1,-1,0,unknown
16011,cellular,22,jul,188,2,-1,0,unknown
16012,cellular,22,jul,455,2,-1,0,unknown
16013,cellular,22,jul,65,1,-1,0,unknown
16014,telephone,22,jul,27,1,-1,0,unknown
16015,cellular,22,jul,272,1,-1,0,unknown
16016,cellular,22,jul,120,1,-1,0,unknown
16017,telephone,22,jul,605,1,-1,0,unknown
16018,cellular,22,jul,630,1,-1,0,unknown
16019,cellular,22,jul,151,2,-1,0,unknown
16020,cellular,22,jul,90,1,-1,0,unknown
16021,cellular,22,jul,106,2,-1,0,unknown
16022,cellular,22,jul,127,2,-1,0,unknown
16023,cellular,22,jul,654,2,-1,0,unknown
16024,cellular,22,jul,1288,2,-1,0,unknown
16025,cellular,22,jul,59,1,-1,0,unknown
16026,telephone,22,jul,124,1,-1,0,unknown
16027,telephone,22,jul,29,16,-1,0,unknown
16028,cellular,22,jul,156,3,-1,0,unknown
16029,cellular,22,jul,73,2,-1,0,unknown
16030,cellular,22,jul,333,2,-1,0,unknown
16031,cellular,22,jul,267,1,-1,0,unknown
16032,cellular,22,jul,129,1,-1,0,unknown
16033,cellular,22,jul,106,2,-1,0,unknown
16034,cellular,22,jul,270,2,-1,0,unknown
16035,cellular,22,jul,283,1,-1,0,unknown
16036,cellular,22,jul,81,1,-1,0,unknown
16037,telephone,22,jul,261,12,-1,0,unknown
16038,cellular,22,jul,114,1,-1,0,unknown
16039,cellular,22,jul,70,1,-1,0,unknown
16040,cellular,22,jul,99,1,-1,0,unknown
16041,cellular,22,jul,139,1,-1,0,unknown
16042,cellular,22,jul,1833,2,-1,0,unknown
16043,cellular,22,jul,611,1,-1,0,unknown
16044,cellular,22,jul,87,2,-1,0,unknown
16045,cellular,22,jul,369,2,-1,0,unknown
16046,cellular,22,jul,62,1,-1,0,unknown
16047,cellular,22,jul,431,8,-1,0,unknown
16048,cellular,22,jul,86,1,-1,0,unknown
16049,cellular,22,jul,67,9,-1,0,unknown
16050,cellular,22,jul,214,1,-1,0,unknown
16051,cellular,22,jul,611,1,-1,0,unknown
16052,cellular,22,jul,257,2,-1,0,unknown
16053,cellular,22,jul,246,3,-1,0,unknown
16054,cellular,22,jul,654,1,-1,0,unknown
16055,cellular,22,jul,112,3,-1,0,unknown
16056,telephone,22,jul,204,2,-1,0,unknown
16057,cellular,22,jul,1029,3,-1,0,unknown
16058,cellular,22,jul,211,3,-1,0,unknown
16059,telephone,22,jul,135,3,-1,0,unknown
16060,cellular,22,jul,115,3,-1,0,unknown
16061,cellular,22,jul,443,1,-1,0,unknown
16062,cellular,22,jul,153,1,-1,0,unknown
16063,cellular,22,jul,578,1,-1,0,unknown
16064,cellular,22,jul,209,1,-1,0,unknown
16065,cellular,22,jul,24,12,-1,0,unknown
16066,cellular,22,jul,675,2,-1,0,unknown
16067,cellular,22,jul,1508,1,-1,0,unknown
16068,cellular,22,jul,338,6,-1,0,unknown
16069,cellular,22,jul,101,1,-1,0,unknown
16070,cellular,22,jul,632,1,-1,0,unknown
16071,cellular,22,jul,212,17,-1,0,unknown
16072,cellular,22,jul,662,1,-1,0,unknown
16073,cellular,22,jul,263,2,-1,0,unknown
16074,cellular,22,jul,50,2,-1,0,unknown
16075,telephone,22,jul,563,1,-1,0,unknown
16076,cellular,22,jul,264,1,-1,0,unknown
16077,cellular,22,jul,124,2,-1,0,unknown
16078,cellular,22,jul,165,2,-1,0,unknown
16079,telephone,22,jul,275,4,-1,0,unknown
16080,cellular,22,jul,502,3,-1,0,unknown
16081,cellular,22,jul,405,2,-1,0,unknown
16082,cellular,22,jul,182,1,-1,0,unknown
16083,telephone,22,jul,92,1,-1,0,unknown
16084,cellular,22,jul,128,1,-1,0,unknown
16085,cellular,22,jul,160,1,-1,0,unknown
16086,cellular,22,jul,139,1,-1,0,unknown
16087,cellular,22,jul,183,1,-1,0,unknown
16088,cellular,22,jul,181,1,-1,0,unknown
16089,cellular,22,jul,134,1,-1,0,unknown
16090,cellular,22,jul,487,4,-1,0,unknown
16091,cellular,22,jul,82,3,-1,0,unknown
16092,cellular,22,jul,681,1,-1,0,unknown
16093,cellular,22,jul,283,6,-1,0,unknown
16094,cellular,22,jul,417,1,-1,0,unknown
16095,cellular,22,jul,60,2,-1,0,unknown
16096,cellular,22,jul,77,1,-1,0,unknown
16097,cellular,22,jul,282,1,-1,0,unknown
16098,cellular,22,jul,226,1,-1,0,unknown
16099,cellular,22,jul,137,1,-1,0,unknown
16100,cellular,22,jul,661,2,-1,0,unknown
16101,cellular,22,jul,445,2,-1,0,unknown
16102,cellular,22,jul,370,2,-1,0,unknown
16103,cellular,22,jul,242,7,-1,0,unknown
16104,cellular,22,jul,1408,2,-1,0,unknown
16105,telephone,22,jul,514,11,-1,0,unknown
16106,cellular,22,jul,126,3,-1,0,unknown
16107,cellular,22,jul,176,4,-1,0,unknown
16108,cellular,22,jul,163,2,-1,0,unknown
16109,cellular,22,jul,483,7,-1,0,unknown
16110,cellular,22,jul,392,2,-1,0,unknown
16111,cellular,22,jul,608,3,-1,0,unknown
16112,cellular,22,jul,145,4,-1,0,unknown
16113,cellular,22,jul,160,2,-1,0,unknown
16114,cellular,22,jul,160,6,-1,0,unknown
16115,cellular,22,jul,261,1,-1,0,unknown
16116,cellular,22,jul,307,1,-1,0,unknown
16117,cellular,22,jul,236,4,-1,0,unknown
16118,cellular,22,jul,403,7,-1,0,unknown
16119,cellular,22,jul,387,4,-1,0,unknown
16120,cellular,22,jul,211,1,-1,0,unknown
16121,cellular,22,jul,598,5,-1,0,unknown
16122,cellular,22,jul,181,1,-1,0,unknown
16123,cellular,22,jul,237,1,-1,0,unknown
16124,cellular,22,jul,477,2,-1,0,unknown
16125,cellular,22,jul,318,1,-1,0,unknown
16126,cellular,22,jul,400,2,-1,0,unknown
16127,cellular,22,jul,312,3,-1,0,unknown
16128,telephone,22,jul,269,2,-1,0,unknown
16129,telephone,22,jul,249,21,-1,0,unknown
16130,cellular,22,jul,186,2,-1,0,unknown
16131,cellular,22,jul,240,10,-1,0,unknown
16132,telephone,22,jul,158,5,-1,0,unknown
16133,cellular,22,jul,107,2,-1,0,unknown
16134,telephone,22,jul,287,2,-1,0,unknown
16135,cellular,22,jul,124,2,-1,0,unknown
16136,cellular,22,jul,270,2,-1,0,unknown
16137,cellular,22,jul,470,2,-1,0,unknown
16138,cellular,22,jul,168,4,-1,0,unknown
16139,cellular,22,jul,139,3,-1,0,unknown
16140,cellular,22,jul,560,2,-1,0,unknown
16141,cellular,22,jul,96,2,-1,0,unknown
16142,cellular,22,jul,100,7,-1,0,unknown
16143,cellular,22,jul,137,2,-1,0,unknown
16144,cellular,22,jul,55,3,-1,0,unknown
16145,cellular,22,jul,1237,7,-1,0,unknown
16146,cellular,22,jul,81,4,-1,0,unknown
16147,cellular,22,jul,246,4,-1,0,unknown
16148,cellular,22,jul,44,13,-1,0,unknown
16149,cellular,22,jul,345,5,-1,0,unknown
16150,cellular,22,jul,493,5,-1,0,unknown
16151,cellular,22,jul,216,2,-1,0,unknown
16152,cellular,22,jul,187,4,-1,0,unknown
16153,cellular,22,jul,580,3,-1,0,unknown
16154,cellular,22,jul,184,4,-1,0,unknown
16155,cellular,22,jul,443,2,-1,0,unknown
16156,cellular,22,jul,213,5,-1,0,unknown
16157,telephone,22,jul,400,8,-1,0,unknown
16158,cellular,22,jul,156,3,-1,0,unknown
16159,cellular,22,jul,149,2,-1,0,unknown
16160,cellular,22,jul,89,5,-1,0,unknown
16161,cellular,22,jul,503,7,-1,0,unknown
16162,cellular,22,jul,62,3,-1,0,unknown
16163,cellular,22,jul,282,2,-1,0,unknown
16164,telephone,22,jul,97,15,-1,0,unknown
16165,cellular,22,jul,39,17,-1,0,unknown
16166,cellular,22,jul,167,9,-1,0,unknown
16167,cellular,22,jul,102,5,-1,0,unknown
16168,cellular,22,jul,199,2,-1,0,unknown
16169,cellular,22,jul,233,1,-1,0,unknown
16170,cellular,22,jul,126,4,-1,0,unknown
16171,cellular,22,jul,44,4,-1,0,unknown
16172,cellular,22,jul,78,10,-1,0,unknown
16173,cellular,22,jul,246,4,-1,0,unknown
16174,cellular,22,jul,203,4,-1,0,unknown
16175,cellular,22,jul,209,3,-1,0,unknown
16176,cellular,22,jul,112,2,-1,0,unknown
16177,cellular,22,jul,728,8,-1,0,unknown
16178,cellular,22,jul,249,3,-1,0,unknown
16179,cellular,22,jul,1287,5,-1,0,unknown
16180,cellular,22,jul,437,2,-1,0,unknown
16181,cellular,22,jul,36,2,-1,0,unknown
16182,telephone,22,jul,1148,2,-1,0,unknown
16183,cellular,22,jul,464,5,-1,0,unknown
16184,cellular,22,jul,864,4,-1,0,unknown
16185,cellular,22,jul,188,3,-1,0,unknown
16186,cellular,22,jul,314,2,-1,0,unknown
16187,cellular,22,jul,1037,8,-1,0,unknown
16188,telephone,22,jul,351,11,-1,0,unknown
16189,cellular,22,jul,279,3,-1,0,unknown
16190,telephone,22,jul,119,2,-1,0,unknown
16191,cellular,22,jul,162,3,-1,0,unknown
16192,cellular,22,jul,209,2,-1,0,unknown
16193,cellular,22,jul,136,4,-1,0,unknown
16194,cellular,22,jul,151,3,-1,0,unknown
16195,cellular,22,jul,624,2,-1,0,unknown
16196,cellular,22,jul,167,3,-1,0,unknown
16197,cellular,22,jul,38,1,-1,0,unknown
16198,cellular,22,jul,203,1,-1,0,unknown
16199,telephone,22,jul,802,11,-1,0,unknown
16200,cellular,22,jul,143,5,-1,0,unknown
16201,cellular,22,jul,262,1,-1,0,unknown
16202,cellular,22,jul,254,1,-1,0,unknown
16203,cellular,22,jul,1226,2,-1,0,unknown
16204,cellular,22,jul,113,2,-1,0,unknown
16205,cellular,22,jul,714,1,-1,0,unknown
16206,cellular,22,jul,534,1,-1,0,unknown
16207,cellular,22,jul,174,9,-1,0,unknown
16208,cellular,22,jul,532,1,-1,0,unknown
16209,cellular,22,jul,319,2,-1,0,unknown
16210,cellular,22,jul,1608,13,-1,0,unknown
16211,cellular,23,jul,61,2,-1,0,unknown
16212,cellular,23,jul,84,2,-1,0,unknown
16213,cellular,23,jul,85,13,-1,0,unknown
16214,cellular,23,jul,127,8,-1,0,unknown
16215,cellular,23,jul,487,5,-1,0,unknown
16216,cellular,23,jul,170,2,-1,0,unknown
16217,cellular,23,jul,71,3,-1,0,unknown
16218,cellular,23,jul,285,2,-1,0,unknown
16219,cellular,23,jul,442,2,-1,0,unknown
16220,cellular,23,jul,59,4,-1,0,unknown
16221,cellular,23,jul,100,5,-1,0,unknown
16222,cellular,23,jul,218,2,-1,0,unknown
16223,cellular,23,jul,133,3,-1,0,unknown
16224,cellular,23,jul,40,8,-1,0,unknown
16225,cellular,23,jul,187,4,-1,0,unknown
16226,cellular,23,jul,89,6,-1,0,unknown
16227,cellular,23,jul,75,10,-1,0,unknown
16228,cellular,23,jul,70,5,-1,0,unknown
16229,cellular,23,jul,284,8,-1,0,unknown
16230,cellular,23,jul,754,1,-1,0,unknown
16231,cellular,23,jul,123,1,-1,0,unknown
16232,cellular,23,jul,364,2,-1,0,unknown
16233,cellular,23,jul,194,1,-1,0,unknown
16234,cellular,23,jul,73,1,-1,0,unknown
16235,cellular,23,jul,164,1,-1,0,unknown
16236,cellular,23,jul,92,1,-1,0,unknown
16237,cellular,23,jul,73,1,-1,0,unknown
16238,cellular,23,jul,122,1,-1,0,unknown
16239,cellular,23,jul,500,3,-1,0,unknown
16240,cellular,23,jul,569,1,-1,0,unknown
16241,cellular,23,jul,186,1,-1,0,unknown
16242,telephone,23,jul,38,1,-1,0,unknown
16243,cellular,23,jul,137,1,-1,0,unknown
16244,cellular,23,jul,181,1,-1,0,unknown
16245,telephone,23,jul,175,1,-1,0,unknown
16246,cellular,23,jul,105,1,-1,0,unknown
16247,cellular,23,jul,870,1,-1,0,unknown
16248,telephone,23,jul,226,1,-1,0,unknown
16249,cellular,23,jul,141,1,-1,0,unknown
16250,cellular,23,jul,58,1,-1,0,unknown
16251,cellular,23,jul,115,1,-1,0,unknown
16252,cellular,23,jul,177,2,-1,0,unknown
16253,cellular,23,jul,429,1,-1,0,unknown
16254,cellular,23,jul,256,9,-1,0,unknown
16255,telephone,23,jul,157,4,-1,0,unknown
16256,cellular,23,jul,285,3,-1,0,unknown
16257,cellular,23,jul,107,1,-1,0,unknown
16258,cellular,23,jul,205,1,-1,0,unknown
16259,cellular,23,jul,438,1,-1,0,unknown
16260,cellular,23,jul,161,1,-1,0,unknown
16261,telephone,23,jul,40,1,-1,0,unknown
16262,cellular,23,jul,237,1,-1,0,unknown
16263,cellular,23,jul,106,1,-1,0,unknown
16264,cellular,23,jul,158,1,-1,0,unknown
16265,unknown,23,jul,145,1,-1,0,unknown
16266,cellular,23,jul,244,1,-1,0,unknown
16267,cellular,23,jul,730,1,-1,0,unknown
16268,cellular,23,jul,498,1,-1,0,unknown
16269,cellular,23,jul,327,1,-1,0,unknown
16270,unknown,23,jul,104,1,-1,0,unknown
16271,cellular,23,jul,376,1,-1,0,unknown
16272,cellular,23,jul,137,1,-1,0,unknown
16273,cellular,23,jul,379,1,-1,0,unknown
16274,cellular,23,jul,761,1,-1,0,unknown
16275,unknown,23,jul,108,2,-1,0,unknown
16276,cellular,23,jul,232,1,-1,0,unknown
16277,cellular,23,jul,184,2,-1,0,unknown
16278,cellular,23,jul,229,1,-1,0,unknown
16279,cellular,23,jul,275,1,-1,0,unknown
16280,cellular,23,jul,95,1,-1,0,unknown
16281,cellular,23,jul,281,1,-1,0,unknown
16282,cellular,23,jul,145,1,-1,0,unknown
16283,cellular,23,jul,104,1,-1,0,unknown
16284,cellular,23,jul,142,1,-1,0,unknown
16285,cellular,23,jul,136,1,-1,0,unknown
16286,cellular,23,jul,105,1,-1,0,unknown
16287,cellular,23,jul,495,1,-1,0,unknown
16288,cellular,23,jul,160,1,-1,0,unknown
16289,cellular,23,jul,167,1,-1,0,unknown
16290,cellular,23,jul,235,11,-1,0,unknown
16291,cellular,23,jul,633,1,-1,0,unknown
16292,telephone,23,jul,272,2,-1,0,unknown
16293,cellular,23,jul,55,1,-1,0,unknown
16294,telephone,23,jul,43,1,-1,0,unknown
16295,cellular,23,jul,16,1,-1,0,unknown
16296,cellular,23,jul,40,1,-1,0,unknown
16297,cellular,23,jul,87,3,-1,0,unknown
16298,cellular,23,jul,336,1,-1,0,unknown
16299,cellular,23,jul,471,2,-1,0,unknown
16300,cellular,23,jul,59,1,-1,0,unknown
16301,unknown,23,jul,104,1,-1,0,unknown
16302,telephone,23,jul,184,1,-1,0,unknown
16303,cellular,23,jul,250,1,-1,0,unknown
16304,cellular,23,jul,115,1,-1,0,unknown
16305,telephone,23,jul,18,9,-1,0,unknown
16306,unknown,23,jul,115,1,-1,0,unknown
16307,cellular,23,jul,61,2,-1,0,unknown
16308,cellular,23,jul,644,1,-1,0,unknown
16309,telephone,23,jul,36,1,-1,0,unknown
16310,cellular,23,jul,112,1,-1,0,unknown
16311,cellular,23,jul,421,1,-1,0,unknown
16312,cellular,23,jul,178,1,-1,0,unknown
16313,cellular,23,jul,884,1,-1,0,unknown
16314,cellular,23,jul,156,2,-1,0,unknown
16315,cellular,23,jul,66,2,-1,0,unknown
16316,cellular,23,jul,319,1,-1,0,unknown
16317,cellular,23,jul,371,1,-1,0,unknown
16318,cellular,23,jul,194,1,-1,0,unknown
16319,cellular,23,jul,35,9,-1,0,unknown
16320,telephone,23,jul,160,7,-1,0,unknown
16321,cellular,23,jul,148,1,-1,0,unknown
16322,cellular,23,jul,284,1,-1,0,unknown
16323,cellular,23,jul,182,1,-1,0,unknown
16324,cellular,23,jul,194,1,-1,0,unknown
16325,cellular,23,jul,56,1,-1,0,unknown
16326,cellular,23,jul,375,8,-1,0,unknown
16327,telephone,23,jul,31,2,-1,0,unknown
16328,cellular,23,jul,73,2,-1,0,unknown
16329,cellular,23,jul,952,2,-1,0,unknown
16330,cellular,23,jul,111,1,-1,0,unknown
16331,cellular,23,jul,213,1,-1,0,unknown
16332,cellular,23,jul,245,1,-1,0,unknown
16333,cellular,23,jul,158,3,-1,0,unknown
16334,unknown,23,jul,163,4,-1,0,unknown
16335,cellular,23,jul,423,1,-1,0,unknown
16336,cellular,23,jul,368,1,-1,0,unknown
16337,telephone,23,jul,222,1,-1,0,unknown
16338,telephone,23,jul,40,5,-1,0,unknown
16339,cellular,23,jul,122,5,-1,0,unknown
16340,cellular,23,jul,183,1,-1,0,unknown
16341,cellular,23,jul,123,2,-1,0,unknown
16342,cellular,23,jul,222,1,-1,0,unknown
16343,telephone,23,jul,70,2,-1,0,unknown
16344,cellular,23,jul,95,1,-1,0,unknown
16345,cellular,23,jul,202,1,-1,0,unknown
16346,cellular,23,jul,157,1,-1,0,unknown
16347,cellular,23,jul,190,1,-1,0,unknown
16348,cellular,23,jul,172,1,-1,0,unknown
16349,cellular,23,jul,70,1,-1,0,unknown
16350,telephone,23,jul,173,4,-1,0,unknown
16351,cellular,23,jul,387,1,-1,0,unknown
16352,cellular,23,jul,74,3,-1,0,unknown
16353,cellular,23,jul,155,2,-1,0,unknown
16354,cellular,23,jul,81,1,-1,0,unknown
16355,cellular,23,jul,159,2,-1,0,unknown
16356,cellular,23,jul,690,1,-1,0,unknown
16357,cellular,23,jul,73,1,-1,0,unknown
16358,cellular,23,jul,312,1,-1,0,unknown
16359,unknown,23,jul,717,8,-1,0,unknown
16360,telephone,23,jul,355,3,-1,0,unknown
16361,cellular,23,jul,191,2,-1,0,unknown
16362,cellular,23,jul,538,2,-1,0,unknown
16363,cellular,23,jul,102,1,-1,0,unknown
16364,cellular,23,jul,118,1,-1,0,unknown
16365,telephone,23,jul,197,2,-1,0,unknown
16366,cellular,23,jul,97,5,-1,0,unknown
16367,cellular,23,jul,529,1,-1,0,unknown
16368,cellular,23,jul,98,1,-1,0,unknown
16369,cellular,23,jul,108,2,-1,0,unknown
16370,cellular,23,jul,273,2,-1,0,unknown
16371,cellular,23,jul,140,2,-1,0,unknown
16372,cellular,23,jul,179,2,-1,0,unknown
16373,cellular,23,jul,435,3,-1,0,unknown
16374,cellular,23,jul,135,1,-1,0,unknown
16375,cellular,23,jul,135,1,-1,0,unknown
16376,unknown,23,jul,36,2,-1,0,unknown
16377,cellular,23,jul,207,2,-1,0,unknown
16378,cellular,23,jul,366,2,-1,0,unknown
16379,cellular,23,jul,216,8,-1,0,unknown
16380,cellular,23,jul,240,1,-1,0,unknown
16381,cellular,23,jul,297,1,-1,0,unknown
16382,cellular,23,jul,151,1,-1,0,unknown
16383,cellular,23,jul,76,17,-1,0,unknown
16384,cellular,23,jul,117,1,-1,0,unknown
16385,cellular,23,jul,213,1,-1,0,unknown
16386,cellular,23,jul,99,2,-1,0,unknown
16387,cellular,23,jul,103,4,-1,0,unknown
16388,cellular,23,jul,158,2,-1,0,unknown
16389,telephone,23,jul,90,1,-1,0,unknown
16390,cellular,23,jul,1152,2,-1,0,unknown
16391,cellular,23,jul,55,1,-1,0,unknown
16392,cellular,23,jul,335,3,-1,0,unknown
16393,cellular,23,jul,126,4,-1,0,unknown
16394,cellular,23,jul,169,2,-1,0,unknown
16395,cellular,23,jul,92,2,-1,0,unknown
16396,telephone,23,jul,203,4,-1,0,unknown
16397,cellular,23,jul,134,1,-1,0,unknown
16398,cellular,23,jul,256,1,-1,0,unknown
16399,cellular,23,jul,85,3,-1,0,unknown
16400,cellular,23,jul,172,2,-1,0,unknown
16401,cellular,23,jul,212,2,-1,0,unknown
16402,telephone,23,jul,383,2,-1,0,unknown
16403,telephone,23,jul,25,6,-1,0,unknown
16404,telephone,23,jul,588,1,-1,0,unknown
16405,cellular,23,jul,152,1,-1,0,unknown
16406,cellular,23,jul,874,3,-1,0,unknown
16407,cellular,23,jul,434,1,-1,0,unknown
16408,cellular,23,jul,322,2,-1,0,unknown
16409,telephone,23,jul,34,4,-1,0,unknown
16410,cellular,23,jul,586,2,-1,0,unknown
16411,cellular,23,jul,698,2,-1,0,unknown
16412,cellular,23,jul,73,4,-1,0,unknown
16413,cellular,23,jul,212,3,-1,0,unknown
16414,cellular,23,jul,186,1,-1,0,unknown
16415,cellular,23,jul,1331,3,-1,0,unknown
16416,cellular,23,jul,638,2,-1,0,unknown
16417,cellular,23,jul,98,3,-1,0,unknown
16418,cellular,23,jul,517,4,-1,0,unknown
16419,cellular,23,jul,271,6,-1,0,unknown
16420,cellular,23,jul,956,9,-1,0,unknown
16421,cellular,23,jul,100,2,-1,0,unknown
16422,cellular,23,jul,206,1,-1,0,unknown
16423,cellular,23,jul,166,1,-1,0,unknown
16424,cellular,23,jul,671,4,-1,0,unknown
16425,telephone,23,jul,296,2,-1,0,unknown
16426,cellular,23,jul,957,3,-1,0,unknown
16427,telephone,23,jul,85,6,-1,0,unknown
16428,cellular,23,jul,323,3,-1,0,unknown
16429,cellular,23,jul,218,3,-1,0,unknown
16430,cellular,23,jul,438,1,-1,0,unknown
16431,cellular,23,jul,119,2,-1,0,unknown
16432,cellular,23,jul,288,9,-1,0,unknown
16433,cellular,23,jul,125,2,-1,0,unknown
16434,cellular,23,jul,158,2,-1,0,unknown
16435,cellular,23,jul,129,2,-1,0,unknown
16436,cellular,23,jul,91,7,-1,0,unknown
16437,cellular,23,jul,544,11,-1,0,unknown
16438,cellular,23,jul,448,2,-1,0,unknown
16439,cellular,23,jul,168,1,-1,0,unknown
16440,cellular,23,jul,203,4,-1,0,unknown
16441,cellular,23,jul,123,3,-1,0,unknown
16442,cellular,23,jul,361,3,-1,0,unknown
16443,cellular,23,jul,248,2,-1,0,unknown
16444,cellular,23,jul,711,1,-1,0,unknown
16445,cellular,23,jul,55,10,-1,0,unknown
16446,cellular,23,jul,1327,2,-1,0,unknown
16447,telephone,23,jul,90,2,-1,0,unknown
16448,telephone,23,jul,239,11,-1,0,unknown
16449,cellular,23,jul,122,3,-1,0,unknown
16450,cellular,23,jul,1090,12,-1,0,unknown
16451,telephone,23,jul,82,3,-1,0,unknown
16452,cellular,23,jul,361,2,-1,0,unknown
16453,telephone,23,jul,67,2,-1,0,unknown
16454,cellular,23,jul,2078,6,-1,0,unknown
16455,cellular,23,jul,185,10,-1,0,unknown
16456,cellular,23,jul,339,4,-1,0,unknown
16457,telephone,23,jul,203,2,-1,0,unknown
16458,cellular,23,jul,400,2,-1,0,unknown
16459,cellular,23,jul,475,2,-1,0,unknown
16460,cellular,23,jul,58,2,-1,0,unknown
16461,cellular,23,jul,229,4,-1,0,unknown
16462,cellular,23,jul,530,3,-1,0,unknown
16463,cellular,23,jul,497,5,-1,0,unknown
16464,cellular,23,jul,81,1,-1,0,unknown
16465,cellular,23,jul,255,1,-1,0,unknown
16466,cellular,23,jul,206,3,-1,0,unknown
16467,telephone,23,jul,185,1,-1,0,unknown
16468,cellular,23,jul,125,1,-1,0,unknown
16469,cellular,23,jul,673,1,-1,0,unknown
16470,cellular,23,jul,1124,2,-1,0,unknown
16471,cellular,23,jul,228,2,-1,0,unknown
16472,cellular,23,jul,180,1,-1,0,unknown
16473,cellular,23,jul,808,1,-1,0,unknown
16474,cellular,23,jul,403,3,-1,0,unknown
16475,cellular,23,jul,510,2,-1,0,unknown
16476,cellular,23,jul,413,5,-1,0,unknown
16477,cellular,23,jul,198,13,-1,0,unknown
16478,cellular,23,jul,421,2,-1,0,unknown
16479,telephone,23,jul,350,2,-1,0,unknown
16480,cellular,23,jul,322,3,-1,0,unknown
16481,cellular,23,jul,201,16,-1,0,unknown
16482,cellular,23,jul,638,2,-1,0,unknown
16483,cellular,23,jul,437,2,-1,0,unknown
16484,cellular,23,jul,68,2,-1,0,unknown
16485,cellular,23,jul,147,4,-1,0,unknown
16486,telephone,23,jul,248,2,-1,0,unknown
16487,cellular,23,jul,108,4,-1,0,unknown
16488,cellular,23,jul,110,2,-1,0,unknown
16489,cellular,23,jul,328,2,-1,0,unknown
16490,cellular,23,jul,305,2,-1,0,unknown
16491,telephone,23,jul,293,5,-1,0,unknown
16492,cellular,23,jul,68,3,-1,0,unknown
16493,telephone,23,jul,329,3,-1,0,unknown
16494,telephone,23,jul,329,3,-1,0,unknown
16495,cellular,23,jul,609,2,-1,0,unknown
16496,cellular,23,jul,652,2,-1,0,unknown
16497,cellular,23,jul,1201,6,-1,0,unknown
16498,cellular,23,jul,252,6,-1,0,unknown
16499,cellular,23,jul,1309,4,-1,0,unknown
16500,cellular,23,jul,476,3,-1,0,unknown
16501,cellular,23,jul,158,4,-1,0,unknown
16502,cellular,23,jul,74,5,-1,0,unknown
16503,cellular,23,jul,419,5,-1,0,unknown
16504,telephone,23,jul,165,2,-1,0,unknown
16505,cellular,23,jul,408,3,-1,0,unknown
16506,telephone,23,jul,135,2,-1,0,unknown
16507,cellular,23,jul,41,2,-1,0,unknown
16508,cellular,23,jul,276,3,-1,0,unknown
16509,telephone,23,jul,83,4,-1,0,unknown
16510,cellular,23,jul,293,5,-1,0,unknown
16511,telephone,23,jul,161,2,-1,0,unknown
16512,telephone,23,jul,173,2,-1,0,unknown
16513,cellular,23,jul,156,3,-1,0,unknown
16514,cellular,23,jul,280,4,-1,0,unknown
16515,cellular,23,jul,1359,6,-1,0,unknown
16516,telephone,23,jul,122,4,-1,0,unknown
16517,cellular,23,jul,416,4,-1,0,unknown
16518,telephone,23,jul,36,15,-1,0,unknown
16519,cellular,23,jul,623,3,-1,0,unknown
16520,cellular,23,jul,53,17,-1,0,unknown
16521,cellular,23,jul,279,3,-1,0,unknown
16522,cellular,23,jul,286,2,-1,0,unknown
16523,cellular,23,jul,532,2,-1,0,unknown
16524,cellular,23,jul,107,4,-1,0,unknown
16525,cellular,23,jul,933,2,-1,0,unknown
16526,cellular,23,jul,85,2,-1,0,unknown
16527,telephone,23,jul,97,6,-1,0,unknown
16528,cellular,23,jul,498,2,-1,0,unknown
16529,cellular,23,jul,171,4,-1,0,unknown
16530,cellular,23,jul,495,2,-1,0,unknown
16531,cellular,23,jul,799,4,-1,0,unknown
16532,cellular,23,jul,111,2,-1,0,unknown
16533,cellular,23,jul,84,13,-1,0,unknown
16534,cellular,23,jul,547,2,-1,0,unknown
16535,telephone,23,jul,103,5,-1,0,unknown
16536,cellular,23,jul,236,5,-1,0,unknown
16537,telephone,23,jul,71,3,-1,0,unknown
16538,telephone,23,jul,192,5,-1,0,unknown
16539,cellular,24,jul,50,4,-1,0,unknown
16540,cellular,24,jul,54,29,-1,0,unknown
16541,cellular,24,jul,57,4,-1,0,unknown
16542,telephone,24,jul,70,3,-1,0,unknown
16543,cellular,24,jul,265,3,-1,0,unknown
16544,cellular,24,jul,117,2,-1,0,unknown
16545,cellular,24,jul,430,4,-1,0,unknown
16546,telephone,24,jul,48,6,-1,0,unknown
16547,cellular,24,jul,537,2,-1,0,unknown
16548,cellular,24,jul,259,9,-1,0,unknown
16549,cellular,24,jul,143,4,-1,0,unknown
16550,cellular,24,jul,63,4,-1,0,unknown
16551,cellular,24,jul,241,3,-1,0,unknown
16552,cellular,24,jul,357,7,-1,0,unknown
16553,cellular,24,jul,21,21,-1,0,unknown
16554,cellular,24,jul,13,2,-1,0,unknown
16555,telephone,24,jul,32,1,-1,0,unknown
16556,cellular,24,jul,148,1,-1,0,unknown
16557,cellular,24,jul,262,2,-1,0,unknown
16558,cellular,24,jul,119,5,-1,0,unknown
16559,cellular,24,jul,53,1,-1,0,unknown
16560,cellular,24,jul,92,1,-1,0,unknown
16561,cellular,24,jul,226,1,-1,0,unknown
16562,cellular,24,jul,187,1,-1,0,unknown
16563,cellular,24,jul,208,1,-1,0,unknown
16564,cellular,24,jul,125,2,-1,0,unknown
16565,cellular,24,jul,162,1,-1,0,unknown
16566,cellular,24,jul,281,3,-1,0,unknown
16567,cellular,24,jul,139,1,-1,0,unknown
16568,cellular,24,jul,101,1,-1,0,unknown
16569,cellular,24,jul,205,1,-1,0,unknown
16570,cellular,24,jul,65,1,-1,0,unknown
16571,cellular,24,jul,311,1,-1,0,unknown
16572,cellular,24,jul,114,4,-1,0,unknown
16573,cellular,24,jul,186,2,-1,0,unknown
16574,cellular,24,jul,120,5,-1,0,unknown
16575,cellular,24,jul,137,4,-1,0,unknown
16576,cellular,24,jul,91,1,-1,0,unknown
16577,cellular,24,jul,129,1,-1,0,unknown
16578,cellular,24,jul,211,1,-1,0,unknown
16579,cellular,24,jul,78,1,-1,0,unknown
16580,cellular,24,jul,67,1,-1,0,unknown
16581,cellular,24,jul,71,1,-1,0,unknown
16582,cellular,24,jul,174,3,-1,0,unknown
16583,telephone,24,jul,70,1,-1,0,unknown
16584,cellular,24,jul,58,2,-1,0,unknown
16585,cellular,24,jul,117,4,-1,0,unknown
16586,cellular,24,jul,130,1,-1,0,unknown
16587,cellular,24,jul,97,2,-1,0,unknown
16588,cellular,24,jul,76,1,-1,0,unknown
16589,cellular,24,jul,459,7,-1,0,unknown
16590,cellular,24,jul,71,5,-1,0,unknown
16591,cellular,24,jul,212,2,-1,0,unknown
16592,telephone,24,jul,77,1,-1,0,unknown
16593,cellular,24,jul,380,1,-1,0,unknown
16594,cellular,24,jul,164,1,-1,0,unknown
16595,cellular,24,jul,853,2,-1,0,unknown
16596,cellular,24,jul,467,1,-1,0,unknown
16597,cellular,24,jul,46,1,-1,0,unknown
16598,cellular,24,jul,1204,1,-1,0,unknown
16599,cellular,24,jul,55,2,-1,0,unknown
16600,cellular,24,jul,338,1,-1,0,unknown
16601,cellular,24,jul,192,1,-1,0,unknown
16602,cellular,24,jul,168,1,-1,0,unknown
16603,cellular,24,jul,157,1,-1,0,unknown
16604,cellular,24,jul,346,1,-1,0,unknown
16605,cellular,24,jul,464,1,-1,0,unknown
16606,cellular,24,jul,255,1,-1,0,unknown
16607,cellular,24,jul,313,1,-1,0,unknown
16608,cellular,24,jul,138,2,-1,0,unknown
16609,telephone,24,jul,279,11,-1,0,unknown
16610,cellular,24,jul,335,2,-1,0,unknown
16611,cellular,24,jul,209,1,-1,0,unknown
16612,cellular,24,jul,63,1,-1,0,unknown
16613,cellular,24,jul,561,4,-1,0,unknown
16614,cellular,24,jul,197,1,-1,0,unknown
16615,cellular,24,jul,329,1,-1,0,unknown
16616,cellular,24,jul,325,1,-1,0,unknown
16617,cellular,24,jul,70,2,-1,0,unknown
16618,telephone,24,jul,258,1,-1,0,unknown
16619,cellular,24,jul,53,5,-1,0,unknown
16620,cellular,24,jul,196,2,-1,0,unknown
16621,cellular,24,jul,54,2,-1,0,unknown
16622,cellular,24,jul,142,1,-1,0,unknown
16623,cellular,24,jul,523,2,-1,0,unknown
16624,cellular,24,jul,326,1,-1,0,unknown
16625,cellular,24,jul,63,1,-1,0,unknown
16626,telephone,24,jul,193,1,-1,0,unknown
16627,cellular,24,jul,604,1,-1,0,unknown
16628,cellular,24,jul,144,1,-1,0,unknown
16629,cellular,24,jul,302,1,-1,0,unknown
16630,cellular,24,jul,205,1,-1,0,unknown
16631,cellular,24,jul,184,1,-1,0,unknown
16632,cellular,24,jul,137,1,-1,0,unknown
16633,cellular,24,jul,449,2,-1,0,unknown
16634,cellular,24,jul,58,2,-1,0,unknown
16635,cellular,24,jul,184,6,-1,0,unknown
16636,cellular,24,jul,1417,1,-1,0,unknown
16637,cellular,24,jul,1484,24,-1,0,unknown
16638,cellular,24,jul,169,1,-1,0,unknown
16639,cellular,24,jul,38,1,-1,0,unknown
16640,cellular,24,jul,1441,2,-1,0,unknown
16641,cellular,24,jul,454,1,-1,0,unknown
16642,cellular,24,jul,171,1,-1,0,unknown
16643,cellular,24,jul,149,2,-1,0,unknown
16644,telephone,24,jul,747,1,-1,0,unknown
16645,cellular,24,jul,223,2,-1,0,unknown
16646,telephone,24,jul,154,1,-1,0,unknown
16647,telephone,24,jul,60,1,-1,0,unknown
16648,cellular,24,jul,363,2,-1,0,unknown
16649,cellular,24,jul,151,2,-1,0,unknown
16650,cellular,24,jul,335,1,-1,0,unknown
16651,cellular,24,jul,86,11,-1,0,unknown
16652,cellular,24,jul,188,1,-1,0,unknown
16653,cellular,24,jul,185,6,-1,0,unknown
16654,cellular,24,jul,171,1,-1,0,unknown
16655,cellular,24,jul,203,1,-1,0,unknown
16656,cellular,24,jul,84,1,-1,0,unknown
16657,cellular,24,jul,134,1,-1,0,unknown
16658,cellular,24,jul,164,2,-1,0,unknown
16659,cellular,24,jul,128,2,-1,0,unknown
16660,cellular,24,jul,15,3,-1,0,unknown
16661,cellular,24,jul,386,2,-1,0,unknown
16662,cellular,24,jul,401,1,-1,0,unknown
16663,cellular,24,jul,155,1,-1,0,unknown
16664,cellular,24,jul,137,1,-1,0,unknown
16665,cellular,24,jul,200,1,-1,0,unknown
16666,cellular,24,jul,225,1,-1,0,unknown
16667,cellular,24,jul,379,1,-1,0,unknown
16668,cellular,24,jul,92,1,-1,0,unknown
16669,cellular,24,jul,188,1,-1,0,unknown
16670,cellular,24,jul,168,2,-1,0,unknown
16671,telephone,24,jul,305,1,-1,0,unknown
16672,cellular,24,jul,497,2,-1,0,unknown
16673,cellular,24,jul,651,1,-1,0,unknown
16674,cellular,24,jul,205,3,-1,0,unknown
16675,telephone,24,jul,179,4,-1,0,unknown
16676,cellular,24,jul,504,2,-1,0,unknown
16677,telephone,24,jul,212,4,-1,0,unknown
16678,cellular,24,jul,36,1,-1,0,unknown
16679,cellular,24,jul,39,2,-1,0,unknown
16680,cellular,24,jul,576,2,-1,0,unknown
16681,cellular,24,jul,92,2,-1,0,unknown
16682,cellular,24,jul,240,5,-1,0,unknown
16683,cellular,24,jul,181,1,-1,0,unknown
16684,cellular,24,jul,147,1,-1,0,unknown
16685,cellular,24,jul,604,1,-1,0,unknown
16686,telephone,24,jul,193,7,-1,0,unknown
16687,cellular,24,jul,140,2,-1,0,unknown
16688,cellular,24,jul,211,1,-1,0,unknown
16689,cellular,24,jul,120,1,-1,0,unknown
16690,cellular,24,jul,408,1,-1,0,unknown
16691,cellular,24,jul,169,1,-1,0,unknown
16692,cellular,24,jul,1491,2,-1,0,unknown
16693,cellular,24,jul,343,1,-1,0,unknown
16694,cellular,24,jul,90,1,-1,0,unknown
16695,cellular,24,jul,63,2,-1,0,unknown
16696,cellular,24,jul,178,2,-1,0,unknown
16697,telephone,24,jul,308,4,-1,0,unknown
16698,cellular,24,jul,408,14,-1,0,unknown
16699,telephone,24,jul,119,2,-1,0,unknown
16700,cellular,24,jul,99,1,-1,0,unknown
16701,cellular,24,jul,78,1,-1,0,unknown
16702,cellular,24,jul,225,1,-1,0,unknown
16703,cellular,24,jul,604,2,-1,0,unknown
16704,cellular,24,jul,250,1,-1,0,unknown
16705,cellular,24,jul,208,1,-1,0,unknown
16706,cellular,24,jul,23,1,-1,0,unknown
16707,cellular,24,jul,247,2,-1,0,unknown
16708,cellular,24,jul,78,1,-1,0,unknown
16709,cellular,24,jul,204,1,-1,0,unknown
16710,cellular,24,jul,90,3,-1,0,unknown
16711,cellular,24,jul,539,1,-1,0,unknown
16712,cellular,24,jul,869,1,-1,0,unknown
16713,cellular,24,jul,273,2,-1,0,unknown
16714,cellular,24,jul,107,2,-1,0,unknown
16715,cellular,24,jul,48,4,-1,0,unknown
16716,cellular,24,jul,218,2,-1,0,unknown
16717,cellular,24,jul,91,1,-1,0,unknown
16718,cellular,24,jul,229,2,-1,0,unknown
16719,cellular,24,jul,57,2,-1,0,unknown
16720,cellular,24,jul,624,2,-1,0,unknown
16721,cellular,24,jul,304,2,-1,0,unknown
16722,cellular,24,jul,129,2,-1,0,unknown
16723,cellular,24,jul,915,2,-1,0,unknown
16724,cellular,24,jul,903,1,-1,0,unknown
16725,cellular,24,jul,58,2,-1,0,unknown
16726,telephone,24,jul,122,12,-1,0,unknown
16727,cellular,24,jul,203,2,-1,0,unknown
16728,cellular,24,jul,873,8,-1,0,unknown
16729,cellular,24,jul,248,1,-1,0,unknown
16730,cellular,24,jul,149,2,-1,0,unknown
16731,telephone,24,jul,147,1,-1,0,unknown
16732,cellular,24,jul,1036,1,-1,0,unknown
16733,cellular,24,jul,709,1,-1,0,unknown
16734,cellular,24,jul,72,5,-1,0,unknown
16735,telephone,24,jul,28,4,-1,0,unknown
16736,cellular,24,jul,185,1,-1,0,unknown
16737,cellular,24,jul,98,2,-1,0,unknown
16738,cellular,24,jul,148,1,-1,0,unknown
16739,cellular,24,jul,172,3,-1,0,unknown
16740,cellular,24,jul,150,5,-1,0,unknown
16741,cellular,24,jul,51,2,-1,0,unknown
16742,cellular,24,jul,1206,4,-1,0,unknown
16743,cellular,24,jul,90,2,-1,0,unknown
16744,cellular,24,jul,1869,1,-1,0,unknown
16745,telephone,24,jul,575,4,-1,0,unknown
16746,cellular,24,jul,256,2,-1,0,unknown
16747,cellular,24,jul,823,1,-1,0,unknown
16748,cellular,24,jul,230,2,-1,0,unknown
16749,cellular,24,jul,81,3,-1,0,unknown
16750,cellular,24,jul,56,1,-1,0,unknown
16751,cellular,24,jul,245,2,-1,0,unknown
16752,cellular,24,jul,332,3,-1,0,unknown
16753,cellular,24,jul,151,2,-1,0,unknown
16754,cellular,24,jul,132,1,-1,0,unknown
16755,cellular,24,jul,147,3,-1,0,unknown
16756,cellular,24,jul,953,1,-1,0,unknown
16757,cellular,24,jul,43,3,-1,0,unknown
16758,cellular,24,jul,1259,1,-1,0,unknown
16759,cellular,24,jul,267,1,-1,0,unknown
16760,cellular,24,jul,736,2,-1,0,unknown
16761,cellular,24,jul,362,1,-1,0,unknown
16762,cellular,24,jul,901,2,-1,0,unknown
16763,cellular,24,jul,129,2,-1,0,unknown
16764,cellular,24,jul,314,2,-1,0,unknown
16765,cellular,24,jul,79,3,-1,0,unknown
16766,cellular,24,jul,134,1,-1,0,unknown
16767,cellular,24,jul,217,9,-1,0,unknown
16768,cellular,24,jul,559,2,-1,0,unknown
16769,cellular,24,jul,141,11,-1,0,unknown
16770,cellular,24,jul,135,1,-1,0,unknown
16771,cellular,24,jul,126,6,-1,0,unknown
16772,telephone,24,jul,101,14,-1,0,unknown
16773,cellular,24,jul,62,1,-1,0,unknown
16774,cellular,24,jul,464,1,-1,0,unknown
16775,cellular,24,jul,631,1,-1,0,unknown
16776,cellular,24,jul,203,1,-1,0,unknown
16777,cellular,24,jul,306,1,-1,0,unknown
16778,cellular,24,jul,318,1,-1,0,unknown
16779,cellular,24,jul,810,1,-1,0,unknown
16780,cellular,24,jul,273,6,-1,0,unknown
16781,telephone,24,jul,780,1,-1,0,unknown
16782,cellular,24,jul,844,5,-1,0,unknown
16783,cellular,24,jul,286,5,-1,0,unknown
16784,cellular,24,jul,947,6,-1,0,unknown
16785,cellular,24,jul,226,3,-1,0,unknown
16786,cellular,24,jul,328,1,-1,0,unknown
16787,cellular,24,jul,448,1,-1,0,unknown
16788,cellular,24,jul,213,10,-1,0,unknown
16789,telephone,24,jul,258,2,-1,0,unknown
16790,cellular,24,jul,82,3,-1,0,unknown
16791,cellular,24,jul,254,2,-1,0,unknown
16792,cellular,24,jul,180,4,-1,0,unknown
16793,cellular,24,jul,367,2,-1,0,unknown
16794,cellular,24,jul,870,3,-1,0,unknown
16795,telephone,24,jul,172,5,-1,0,unknown
16796,cellular,24,jul,1820,4,-1,0,unknown
16797,cellular,24,jul,144,3,-1,0,unknown
16798,cellular,24,jul,303,3,-1,0,unknown
16799,cellular,24,jul,120,11,-1,0,unknown
16800,telephone,24,jul,236,2,-1,0,unknown
16801,cellular,24,jul,149,2,-1,0,unknown
16802,telephone,24,jul,553,6,-1,0,unknown
16803,cellular,24,jul,90,6,-1,0,unknown
16804,cellular,24,jul,268,2,-1,0,unknown
16805,cellular,24,jul,828,2,-1,0,unknown
16806,cellular,24,jul,136,2,-1,0,unknown
16807,cellular,24,jul,209,2,-1,0,unknown
16808,cellular,24,jul,806,5,-1,0,unknown
16809,cellular,24,jul,725,2,-1,0,unknown
16810,cellular,24,jul,139,6,-1,0,unknown
16811,cellular,24,jul,821,2,-1,0,unknown
16812,cellular,24,jul,42,3,-1,0,unknown
16813,cellular,24,jul,367,2,-1,0,unknown
16814,cellular,24,jul,513,3,-1,0,unknown
16815,cellular,24,jul,347,5,-1,0,unknown
16816,cellular,24,jul,1173,4,-1,0,unknown
16817,telephone,24,jul,153,2,-1,0,unknown
16818,cellular,24,jul,96,3,-1,0,unknown
16819,telephone,24,jul,626,5,-1,0,unknown
16820,cellular,24,jul,123,5,-1,0,unknown
16821,cellular,24,jul,77,3,-1,0,unknown
16822,cellular,24,jul,263,2,-1,0,unknown
16823,cellular,24,jul,226,6,-1,0,unknown
16824,cellular,24,jul,577,3,-1,0,unknown
16825,telephone,24,jul,393,3,-1,0,unknown
16826,cellular,24,jul,937,4,-1,0,unknown
16827,cellular,24,jul,633,7,-1,0,unknown
16828,cellular,24,jul,568,3,-1,0,unknown
16829,cellular,24,jul,237,2,-1,0,unknown
16830,cellular,24,jul,180,19,-1,0,unknown
16831,cellular,24,jul,257,2,-1,0,unknown
16832,telephone,24,jul,242,4,-1,0,unknown
16833,cellular,24,jul,533,2,-1,0,unknown
16834,cellular,24,jul,286,4,-1,0,unknown
16835,cellular,24,jul,212,3,-1,0,unknown
16836,telephone,24,jul,81,2,-1,0,unknown
16837,cellular,24,jul,92,2,-1,0,unknown
16838,cellular,24,jul,342,2,-1,0,unknown
16839,telephone,24,jul,552,16,-1,0,unknown
16840,cellular,24,jul,241,2,-1,0,unknown
16841,cellular,24,jul,458,9,-1,0,unknown
16842,cellular,24,jul,1602,6,-1,0,unknown
16843,cellular,25,jul,42,3,-1,0,unknown
16844,cellular,25,jul,130,2,-1,0,unknown
16845,cellular,25,jul,197,6,-1,0,unknown
16846,cellular,25,jul,52,3,-1,0,unknown
16847,cellular,25,jul,441,12,-1,0,unknown
16848,cellular,25,jul,263,6,-1,0,unknown
16849,telephone,25,jul,41,6,-1,0,unknown
16850,cellular,25,jul,115,3,-1,0,unknown
16851,telephone,25,jul,69,5,-1,0,unknown
16852,telephone,25,jul,219,2,-1,0,unknown
16853,cellular,25,jul,179,2,-1,0,unknown
16854,cellular,25,jul,72,3,-1,0,unknown
16855,telephone,25,jul,1492,2,-1,0,unknown
16856,cellular,25,jul,64,2,-1,0,unknown
16857,cellular,25,jul,210,2,-1,0,unknown
16858,cellular,25,jul,203,2,-1,0,unknown
16859,telephone,25,jul,133,7,-1,0,unknown
16860,cellular,25,jul,682,10,-1,0,unknown
16861,cellular,25,jul,154,2,-1,0,unknown
16862,telephone,25,jul,150,2,-1,0,unknown
16863,cellular,25,jul,13,9,-1,0,unknown
16864,cellular,25,jul,1422,2,-1,0,unknown
16865,cellular,25,jul,114,12,-1,0,unknown
16866,cellular,25,jul,186,2,-1,0,unknown
16867,telephone,25,jul,159,4,-1,0,unknown
16868,cellular,25,jul,102,2,-1,0,unknown
16869,cellular,25,jul,65,4,-1,0,unknown
16870,cellular,25,jul,123,2,-1,0,unknown
16871,cellular,25,jul,728,2,-1,0,unknown
16872,cellular,25,jul,43,7,-1,0,unknown
16873,cellular,25,jul,320,3,-1,0,unknown
16874,cellular,25,jul,171,2,-1,0,unknown
16875,cellular,25,jul,212,2,-1,0,unknown
16876,cellular,25,jul,111,2,-1,0,unknown
16877,cellular,25,jul,174,10,-1,0,unknown
16878,cellular,25,jul,591,3,-1,0,unknown
16879,cellular,25,jul,602,5,-1,0,unknown
16880,telephone,25,jul,58,1,-1,0,unknown
16881,cellular,25,jul,979,2,-1,0,unknown
16882,cellular,25,jul,190,2,-1,0,unknown
16883,cellular,25,jul,337,2,-1,0,unknown
16884,cellular,25,jul,295,1,-1,0,unknown
16885,cellular,25,jul,616,5,-1,0,unknown
16886,cellular,25,jul,359,1,-1,0,unknown
16887,cellular,25,jul,106,2,-1,0,unknown
16888,cellular,25,jul,153,2,-1,0,unknown
16889,cellular,25,jul,110,1,-1,0,unknown
16890,cellular,25,jul,126,1,-1,0,unknown
16891,cellular,25,jul,198,1,-1,0,unknown
16892,cellular,25,jul,136,5,-1,0,unknown
16893,cellular,25,jul,173,8,-1,0,unknown
16894,cellular,25,jul,294,1,-1,0,unknown
16895,cellular,25,jul,305,1,-1,0,unknown
16896,cellular,25,jul,310,1,-1,0,unknown
16897,cellular,25,jul,784,1,-1,0,unknown
16898,cellular,25,jul,110,1,-1,0,unknown
16899,cellular,25,jul,361,1,-1,0,unknown
16900,cellular,25,jul,1000,1,-1,0,unknown
16901,cellular,25,jul,695,1,-1,0,unknown
16902,cellular,25,jul,137,11,-1,0,unknown
16903,cellular,25,jul,335,1,-1,0,unknown
16904,cellular,25,jul,51,1,-1,0,unknown
16905,cellular,25,jul,735,1,-1,0,unknown
16906,cellular,25,jul,57,5,-1,0,unknown
16907,cellular,25,jul,159,1,-1,0,unknown
16908,cellular,25,jul,337,1,-1,0,unknown
16909,cellular,25,jul,267,1,-1,0,unknown
16910,cellular,25,jul,803,1,-1,0,unknown
16911,cellular,25,jul,282,2,-1,0,unknown
16912,telephone,25,jul,168,1,-1,0,unknown
16913,cellular,25,jul,18,2,-1,0,unknown
16914,cellular,25,jul,54,1,-1,0,unknown
16915,cellular,25,jul,172,1,-1,0,unknown
16916,cellular,25,jul,256,1,-1,0,unknown
16917,cellular,25,jul,132,1,-1,0,unknown
16918,cellular,25,jul,218,1,-1,0,unknown
16919,cellular,25,jul,112,2,-1,0,unknown
16920,cellular,25,jul,862,1,-1,0,unknown
16921,cellular,25,jul,134,1,-1,0,unknown
16922,cellular,25,jul,137,16,-1,0,unknown
16923,cellular,25,jul,324,1,-1,0,unknown
16924,cellular,25,jul,65,5,-1,0,unknown
16925,cellular,25,jul,250,1,-1,0,unknown
16926,cellular,25,jul,1209,3,-1,0,unknown
16927,cellular,25,jul,198,1,-1,0,unknown
16928,telephone,25,jul,241,1,-1,0,unknown
16929,cellular,25,jul,79,2,-1,0,unknown
16930,cellular,25,jul,112,2,-1,0,unknown
16931,cellular,25,jul,86,4,-1,0,unknown
16932,cellular,25,jul,246,2,-1,0,unknown
16933,cellular,25,jul,50,1,-1,0,unknown
16934,cellular,25,jul,71,2,-1,0,unknown
16935,cellular,25,jul,61,2,-1,0,unknown
16936,cellular,25,jul,40,1,-1,0,unknown
16937,cellular,25,jul,73,1,-1,0,unknown
16938,cellular,25,jul,720,2,-1,0,unknown
16939,cellular,25,jul,175,1,-1,0,unknown
16940,cellular,25,jul,234,1,-1,0,unknown
16941,cellular,25,jul,226,1,-1,0,unknown
16942,cellular,25,jul,227,1,-1,0,unknown
16943,cellular,25,jul,214,1,-1,0,unknown
16944,cellular,25,jul,571,1,-1,0,unknown
16945,telephone,25,jul,110,1,-1,0,unknown
16946,cellular,25,jul,246,1,-1,0,unknown
16947,cellular,25,jul,113,3,-1,0,unknown
16948,cellular,25,jul,63,1,-1,0,unknown
16949,cellular,25,jul,188,5,-1,0,unknown
16950,cellular,25,jul,174,3,-1,0,unknown
16951,telephone,25,jul,59,15,-1,0,unknown
16952,cellular,25,jul,98,1,-1,0,unknown
16953,telephone,25,jul,286,2,-1,0,unknown
16954,cellular,25,jul,302,1,-1,0,unknown
16955,cellular,25,jul,238,1,-1,0,unknown
16956,cellular,25,jul,102,2,-1,0,unknown
16957,cellular,25,jul,49,1,-1,0,unknown
16958,cellular,25,jul,18,7,-1,0,unknown
16959,cellular,25,jul,795,1,-1,0,unknown
16960,telephone,25,jul,1946,4,-1,0,unknown
16961,cellular,25,jul,172,2,-1,0,unknown
16962,cellular,25,jul,560,1,-1,0,unknown
16963,cellular,25,jul,77,1,-1,0,unknown
16964,cellular,25,jul,48,2,-1,0,unknown
16965,cellular,25,jul,153,1,-1,0,unknown
16966,telephone,25,jul,297,2,-1,0,unknown
16967,cellular,25,jul,135,1,-1,0,unknown
16968,cellular,25,jul,95,1,-1,0,unknown
16969,telephone,25,jul,182,1,-1,0,unknown
16970,cellular,25,jul,168,2,-1,0,unknown
16971,cellular,25,jul,1269,1,-1,0,unknown
16972,cellular,25,jul,102,1,-1,0,unknown
16973,cellular,25,jul,46,1,-1,0,unknown
16974,cellular,25,jul,81,2,-1,0,unknown
16975,cellular,25,jul,1106,1,-1,0,unknown
16976,cellular,25,jul,124,2,-1,0,unknown
16977,cellular,25,jul,217,1,-1,0,unknown
16978,cellular,25,jul,236,8,-1,0,unknown
16979,cellular,25,jul,132,5,-1,0,unknown
16980,cellular,25,jul,94,2,-1,0,unknown
16981,cellular,25,jul,160,3,-1,0,unknown
16982,cellular,25,jul,335,2,-1,0,unknown
16983,cellular,25,jul,203,1,-1,0,unknown
16984,cellular,25,jul,184,2,-1,0,unknown
16985,telephone,25,jul,102,4,-1,0,unknown
16986,cellular,25,jul,184,2,-1,0,unknown
16987,cellular,25,jul,800,2,-1,0,unknown
16988,cellular,25,jul,96,2,-1,0,unknown
16989,cellular,25,jul,165,3,-1,0,unknown
16990,cellular,25,jul,226,1,-1,0,unknown
16991,cellular,25,jul,357,1,-1,0,unknown
16992,cellular,25,jul,142,1,-1,0,unknown
16993,telephone,25,jul,417,1,-1,0,unknown
16994,cellular,25,jul,177,2,-1,0,unknown
16995,cellular,25,jul,209,1,-1,0,unknown
16996,telephone,25,jul,362,8,-1,0,unknown
16997,cellular,25,jul,49,1,-1,0,unknown
16998,cellular,25,jul,135,2,-1,0,unknown
16999,cellular,25,jul,132,5,-1,0,unknown
17000,cellular,25,jul,67,5,-1,0,unknown
17001,telephone,25,jul,394,2,-1,0,unknown
17002,cellular,25,jul,153,2,-1,0,unknown
17003,cellular,25,jul,239,5,-1,0,unknown
17004,cellular,25,jul,337,2,-1,0,unknown
17005,telephone,25,jul,149,1,-1,0,unknown
17006,cellular,25,jul,97,1,-1,0,unknown
17007,cellular,25,jul,471,2,-1,0,unknown
17008,cellular,25,jul,51,4,-1,0,unknown
17009,cellular,25,jul,796,1,-1,0,unknown
17010,telephone,25,jul,106,3,-1,0,unknown
17011,cellular,25,jul,211,2,-1,0,unknown
17012,cellular,25,jul,311,6,-1,0,unknown
17013,cellular,25,jul,110,1,-1,0,unknown
17014,cellular,25,jul,276,1,-1,0,unknown
17015,telephone,25,jul,120,1,-1,0,unknown
17016,cellular,25,jul,39,3,-1,0,unknown
17017,cellular,25,jul,80,1,-1,0,unknown
17018,telephone,25,jul,87,1,-1,0,unknown
17019,cellular,25,jul,449,2,-1,0,unknown
17020,cellular,25,jul,66,2,-1,0,unknown
17021,cellular,25,jul,163,1,-1,0,unknown
17022,cellular,25,jul,83,2,-1,0,unknown
17023,telephone,25,jul,511,1,-1,0,unknown
17024,cellular,25,jul,184,1,-1,0,unknown
17025,cellular,25,jul,102,5,-1,0,unknown
17026,cellular,25,jul,568,2,-1,0,unknown
17027,cellular,25,jul,53,5,-1,0,unknown
17028,cellular,25,jul,743,13,-1,0,unknown
17029,cellular,25,jul,129,3,-1,0,unknown
17030,cellular,25,jul,206,2,-1,0,unknown
17031,cellular,25,jul,2015,1,-1,0,unknown
17032,cellular,25,jul,98,1,-1,0,unknown
17033,telephone,25,jul,330,1,-1,0,unknown
17034,telephone,25,jul,199,1,-1,0,unknown
17035,telephone,25,jul,657,2,-1,0,unknown
17036,cellular,25,jul,261,3,-1,0,unknown
17037,cellular,25,jul,442,12,-1,0,unknown
17038,cellular,25,jul,90,3,-1,0,unknown
17039,cellular,25,jul,241,2,-1,0,unknown
17040,cellular,25,jul,152,1,-1,0,unknown
17041,cellular,25,jul,730,1,-1,0,unknown
17042,cellular,25,jul,36,1,-1,0,unknown
17043,cellular,25,jul,90,7,-1,0,unknown
17044,cellular,25,jul,95,1,-1,0,unknown
17045,telephone,25,jul,697,1,-1,0,unknown
17046,cellular,25,jul,102,2,-1,0,unknown
17047,cellular,25,jul,374,2,-1,0,unknown
17048,cellular,25,jul,468,4,-1,0,unknown
17049,cellular,25,jul,141,3,-1,0,unknown
17050,telephone,25,jul,702,5,-1,0,unknown
17051,cellular,25,jul,155,4,-1,0,unknown
17052,cellular,25,jul,356,9,-1,0,unknown
17053,cellular,25,jul,566,3,-1,0,unknown
17054,cellular,25,jul,147,2,-1,0,unknown
17055,cellular,25,jul,268,2,-1,0,unknown
17056,cellular,25,jul,84,3,-1,0,unknown
17057,cellular,25,jul,322,1,-1,0,unknown
17058,cellular,25,jul,360,13,-1,0,unknown
17059,telephone,25,jul,259,2,-1,0,unknown
17060,cellular,25,jul,1031,8,-1,0,unknown
17061,cellular,25,jul,1368,2,-1,0,unknown
17062,cellular,25,jul,466,1,-1,0,unknown
17063,cellular,25,jul,363,6,-1,0,unknown
17064,cellular,25,jul,507,1,-1,0,unknown
17065,cellular,25,jul,148,1,-1,0,unknown
17066,cellular,25,jul,266,6,-1,0,unknown
17067,cellular,25,jul,295,2,-1,0,unknown
17068,cellular,25,jul,134,1,-1,0,unknown
17069,cellular,25,jul,289,1,-1,0,unknown
17070,cellular,25,jul,270,1,-1,0,unknown
17071,cellular,25,jul,396,1,-1,0,unknown
17072,cellular,25,jul,72,30,-1,0,unknown
17073,cellular,25,jul,273,1,-1,0,unknown
17074,cellular,25,jul,161,7,-1,0,unknown
17075,cellular,25,jul,92,15,-1,0,unknown
17076,cellular,25,jul,124,2,-1,0,unknown
17077,cellular,25,jul,141,3,-1,0,unknown
17078,cellular,25,jul,356,3,-1,0,unknown
17079,cellular,25,jul,394,2,-1,0,unknown
17080,cellular,25,jul,211,3,-1,0,unknown
17081,cellular,25,jul,293,4,-1,0,unknown
17082,cellular,25,jul,135,2,-1,0,unknown
17083,cellular,25,jul,590,8,-1,0,unknown
17084,telephone,25,jul,72,8,-1,0,unknown
17085,cellular,25,jul,200,3,-1,0,unknown
17086,cellular,25,jul,587,5,-1,0,unknown
17087,cellular,25,jul,1330,3,-1,0,unknown
17088,cellular,25,jul,194,2,-1,0,unknown
17089,cellular,25,jul,238,4,-1,0,unknown
17090,cellular,25,jul,171,1,-1,0,unknown
17091,cellular,25,jul,936,1,-1,0,unknown
17092,cellular,25,jul,210,4,-1,0,unknown
17093,cellular,25,jul,83,10,-1,0,unknown
17094,cellular,25,jul,946,3,-1,0,unknown
17095,cellular,25,jul,250,3,-1,0,unknown
17096,cellular,25,jul,150,2,-1,0,unknown
17097,cellular,25,jul,67,3,-1,0,unknown
17098,cellular,25,jul,124,2,-1,0,unknown
17099,cellular,25,jul,85,3,-1,0,unknown
17100,cellular,25,jul,1173,4,-1,0,unknown
17101,cellular,25,jul,53,4,-1,0,unknown
17102,telephone,25,jul,93,11,-1,0,unknown
17103,cellular,25,jul,99,7,-1,0,unknown
17104,cellular,25,jul,1448,17,-1,0,unknown
17105,telephone,25,jul,143,3,-1,0,unknown
17106,cellular,25,jul,50,3,-1,0,unknown
17107,cellular,25,jul,126,3,-1,0,unknown
17108,cellular,25,jul,87,4,-1,0,unknown
17109,cellular,25,jul,400,2,-1,0,unknown
17110,telephone,25,jul,279,4,-1,0,unknown
17111,cellular,25,jul,164,4,-1,0,unknown
17112,cellular,25,jul,170,3,-1,0,unknown
17113,cellular,25,jul,148,4,-1,0,unknown
17114,cellular,25,jul,118,3,-1,0,unknown
17115,cellular,25,jul,661,4,-1,0,unknown
17116,cellular,25,jul,137,7,-1,0,unknown
17117,cellular,25,jul,237,5,-1,0,unknown
17118,cellular,25,jul,188,6,-1,0,unknown
17119,cellular,25,jul,138,4,-1,0,unknown
17120,cellular,25,jul,96,3,-1,0,unknown
17121,cellular,25,jul,65,2,-1,0,unknown
17122,cellular,25,jul,198,4,-1,0,unknown
17123,cellular,25,jul,386,2,-1,0,unknown
17124,telephone,25,jul,163,5,-1,0,unknown
17125,cellular,25,jul,63,12,-1,0,unknown
17126,cellular,25,jul,248,5,-1,0,unknown
17127,cellular,25,jul,438,6,-1,0,unknown
17128,cellular,25,jul,188,14,-1,0,unknown
17129,cellular,25,jul,481,3,-1,0,unknown
17130,cellular,25,jul,1369,9,-1,0,unknown
17131,cellular,25,jul,653,4,-1,0,unknown
17132,cellular,25,jul,460,5,-1,0,unknown
17133,cellular,25,jul,245,4,-1,0,unknown
17134,cellular,25,jul,135,8,-1,0,unknown
17135,cellular,25,jul,23,16,-1,0,unknown
17136,cellular,25,jul,57,3,-1,0,unknown
17137,cellular,25,jul,41,3,-1,0,unknown
17138,telephone,25,jul,282,9,-1,0,unknown
17139,cellular,25,jul,80,2,-1,0,unknown
17140,cellular,25,jul,22,16,-1,0,unknown
17141,cellular,25,jul,524,10,-1,0,unknown
17142,telephone,25,jul,395,6,-1,0,unknown
17143,cellular,25,jul,190,4,-1,0,unknown
17144,cellular,28,jul,151,3,-1,0,unknown
17145,cellular,28,jul,32,3,-1,0,unknown
17146,cellular,28,jul,102,7,-1,0,unknown
17147,cellular,28,jul,171,3,-1,0,unknown
17148,cellular,28,jul,147,3,-1,0,unknown
17149,cellular,28,jul,29,13,-1,0,unknown
17150,cellular,28,jul,93,4,-1,0,unknown
17151,telephone,28,jul,63,6,-1,0,unknown
17152,cellular,28,jul,40,4,-1,0,unknown
17153,cellular,28,jul,33,3,-1,0,unknown
17154,cellular,28,jul,57,5,-1,0,unknown
17155,cellular,28,jul,177,18,-1,0,unknown
17156,cellular,28,jul,52,7,-1,0,unknown
17157,cellular,28,jul,49,3,-1,0,unknown
17158,cellular,28,jul,243,31,-1,0,unknown
17159,cellular,28,jul,123,6,-1,0,unknown
17160,cellular,28,jul,44,3,-1,0,unknown
17161,cellular,28,jul,30,9,-1,0,unknown
17162,telephone,28,jul,31,4,-1,0,unknown
17163,cellular,28,jul,52,11,-1,0,unknown
17164,cellular,28,jul,110,18,-1,0,unknown
17165,cellular,28,jul,119,4,-1,0,unknown
17166,cellular,28,jul,33,3,-1,0,unknown
17167,cellular,28,jul,108,3,-1,0,unknown
17168,telephone,28,jul,62,8,-1,0,unknown
17169,cellular,28,jul,327,3,-1,0,unknown
17170,cellular,28,jul,95,3,-1,0,unknown
17171,telephone,28,jul,29,8,-1,0,unknown
17172,cellular,28,jul,119,4,-1,0,unknown
17173,cellular,28,jul,261,4,-1,0,unknown
17174,cellular,28,jul,334,8,-1,0,unknown
17175,cellular,28,jul,180,4,-1,0,unknown
17176,cellular,28,jul,36,5,-1,0,unknown
17177,cellular,28,jul,56,9,-1,0,unknown
17178,cellular,28,jul,70,4,-1,0,unknown
17179,cellular,28,jul,62,3,-1,0,unknown
17180,cellular,28,jul,386,4,-1,0,unknown
17181,cellular,28,jul,56,5,-1,0,unknown
17182,cellular,28,jul,458,7,-1,0,unknown
17183,cellular,28,jul,117,4,-1,0,unknown
17184,cellular,28,jul,93,11,-1,0,unknown
17185,cellular,28,jul,69,12,-1,0,unknown
17186,cellular,28,jul,48,21,-1,0,unknown
17187,cellular,28,jul,365,4,-1,0,unknown
17188,cellular,28,jul,76,3,-1,0,unknown
17189,cellular,28,jul,31,3,-1,0,unknown
17190,cellular,28,jul,55,6,-1,0,unknown
17191,telephone,28,jul,193,3,-1,0,unknown
17192,cellular,28,jul,104,3,-1,0,unknown
17193,cellular,28,jul,664,8,-1,0,unknown
17194,cellular,28,jul,88,3,-1,0,unknown
17195,cellular,28,jul,108,4,-1,0,unknown
17196,cellular,28,jul,20,4,-1,0,unknown
17197,cellular,28,jul,110,3,-1,0,unknown
17198,cellular,28,jul,57,3,-1,0,unknown
17199,cellular,28,jul,89,3,-1,0,unknown
17200,cellular,28,jul,526,5,-1,0,unknown
17201,cellular,28,jul,117,3,-1,0,unknown
17202,cellular,28,jul,699,3,-1,0,unknown
17203,cellular,28,jul,131,7,-1,0,unknown
17204,cellular,28,jul,463,2,-1,0,unknown
17205,cellular,28,jul,228,2,-1,0,unknown
17206,telephone,28,jul,302,2,-1,0,unknown
17207,telephone,28,jul,265,2,-1,0,unknown
17208,cellular,28,jul,30,3,-1,0,unknown
17209,cellular,28,jul,124,3,-1,0,unknown
17210,cellular,28,jul,219,3,-1,0,unknown
17211,cellular,28,jul,307,2,-1,0,unknown
17212,cellular,28,jul,82,3,-1,0,unknown
17213,cellular,28,jul,151,3,-1,0,unknown
17214,cellular,28,jul,61,3,-1,0,unknown
17215,cellular,28,jul,68,3,-1,0,unknown
17216,cellular,28,jul,106,3,-1,0,unknown
17217,cellular,28,jul,115,8,-1,0,unknown
17218,telephone,28,jul,121,2,-1,0,unknown
17219,cellular,28,jul,939,3,-1,0,unknown
17220,cellular,28,jul,60,3,-1,0,unknown
17221,cellular,28,jul,51,3,-1,0,unknown
17222,cellular,28,jul,307,3,-1,0,unknown
17223,cellular,28,jul,54,3,-1,0,unknown
17224,cellular,28,jul,73,3,-1,0,unknown
17225,cellular,28,jul,362,7,-1,0,unknown
17226,cellular,28,jul,746,2,-1,0,unknown
17227,telephone,28,jul,22,2,-1,0,unknown
17228,cellular,28,jul,745,7,-1,0,unknown
17229,cellular,28,jul,219,2,-1,0,unknown
17230,cellular,28,jul,200,2,-1,0,unknown
17231,cellular,28,jul,174,2,-1,0,unknown
17232,cellular,28,jul,154,2,-1,0,unknown
17233,cellular,28,jul,136,5,-1,0,unknown
17234,telephone,28,jul,108,7,-1,0,unknown
17235,cellular,28,jul,87,5,-1,0,unknown
17236,cellular,28,jul,108,8,-1,0,unknown
17237,telephone,28,jul,148,2,-1,0,unknown
17238,cellular,28,jul,139,3,-1,0,unknown
17239,cellular,28,jul,84,5,-1,0,unknown
17240,cellular,28,jul,240,3,-1,0,unknown
17241,cellular,28,jul,194,5,-1,0,unknown
17242,telephone,28,jul,66,2,-1,0,unknown
17243,cellular,28,jul,330,5,-1,0,unknown
17244,telephone,28,jul,228,2,-1,0,unknown
17245,cellular,28,jul,662,3,-1,0,unknown
17246,telephone,28,jul,40,2,-1,0,unknown
17247,cellular,28,jul,230,2,-1,0,unknown
17248,cellular,28,jul,173,2,-1,0,unknown
17249,cellular,28,jul,78,2,-1,0,unknown
17250,cellular,28,jul,551,5,-1,0,unknown
17251,telephone,28,jul,130,9,-1,0,unknown
17252,cellular,28,jul,49,2,-1,0,unknown
17253,cellular,28,jul,295,4,-1,0,unknown
17254,cellular,28,jul,139,2,-1,0,unknown
17255,cellular,28,jul,301,2,-1,0,unknown
17256,cellular,28,jul,367,2,-1,0,unknown
17257,cellular,28,jul,446,2,-1,0,unknown
17258,telephone,28,jul,137,2,-1,0,unknown
17259,cellular,28,jul,97,3,-1,0,unknown
17260,cellular,28,jul,412,2,-1,0,unknown
17261,cellular,28,jul,73,5,-1,0,unknown
17262,cellular,28,jul,126,2,-1,0,unknown
17263,cellular,28,jul,50,4,-1,0,unknown
17264,cellular,28,jul,164,2,-1,0,unknown
17265,cellular,28,jul,84,3,-1,0,unknown
17266,cellular,28,jul,24,14,-1,0,unknown
17267,cellular,28,jul,163,3,-1,0,unknown
17268,cellular,28,jul,292,2,-1,0,unknown
17269,cellular,28,jul,53,2,-1,0,unknown
17270,cellular,28,jul,241,8,-1,0,unknown
17271,telephone,28,jul,112,2,-1,0,unknown
17272,cellular,28,jul,65,7,-1,0,unknown
17273,telephone,28,jul,388,2,-1,0,unknown
17274,cellular,28,jul,70,2,-1,0,unknown
17275,cellular,28,jul,98,16,-1,0,unknown
17276,cellular,28,jul,273,2,-1,0,unknown
17277,cellular,28,jul,103,5,-1,0,unknown
17278,telephone,28,jul,59,5,-1,0,unknown
17279,cellular,28,jul,1169,2,-1,0,unknown
17280,cellular,28,jul,431,2,-1,0,unknown
17281,cellular,28,jul,168,6,-1,0,unknown
17282,cellular,28,jul,405,4,-1,0,unknown
17283,cellular,28,jul,143,2,-1,0,unknown
17284,cellular,28,jul,263,2,-1,0,unknown
17285,cellular,28,jul,143,10,-1,0,unknown
17286,cellular,28,jul,837,3,-1,0,unknown
17287,cellular,28,jul,47,3,-1,0,unknown
17288,cellular,28,jul,63,2,-1,0,unknown
17289,telephone,28,jul,55,2,-1,0,unknown
17290,telephone,28,jul,122,6,-1,0,unknown
17291,cellular,28,jul,35,2,-1,0,unknown
17292,telephone,28,jul,596,4,-1,0,unknown
17293,cellular,28,jul,101,4,-1,0,unknown
17294,cellular,28,jul,71,4,-1,0,unknown
17295,cellular,28,jul,337,2,-1,0,unknown
17296,cellular,28,jul,48,10,-1,0,unknown
17297,cellular,28,jul,174,2,-1,0,unknown
17298,cellular,28,jul,201,2,-1,0,unknown
17299,telephone,28,jul,296,2,-1,0,unknown
17300,cellular,28,jul,180,5,-1,0,unknown
17301,cellular,28,jul,332,2,-1,0,unknown
17302,telephone,28,jul,57,2,-1,0,unknown
17303,cellular,28,jul,55,5,-1,0,unknown
17304,cellular,28,jul,301,2,-1,0,unknown
17305,cellular,28,jul,408,3,-1,0,unknown
17306,telephone,28,jul,359,2,-1,0,unknown
17307,cellular,28,jul,54,2,-1,0,unknown
17308,cellular,28,jul,114,2,-1,0,unknown
17309,cellular,28,jul,86,4,-1,0,unknown
17310,cellular,28,jul,266,3,-1,0,unknown
17311,cellular,28,jul,404,3,-1,0,unknown
17312,cellular,28,jul,201,3,-1,0,unknown
17313,telephone,28,jul,290,7,-1,0,unknown
17314,cellular,28,jul,231,5,-1,0,unknown
17315,telephone,28,jul,40,7,-1,0,unknown
17316,cellular,28,jul,133,4,-1,0,unknown
17317,cellular,28,jul,73,7,-1,0,unknown
17318,cellular,28,jul,300,2,-1,0,unknown
17319,cellular,28,jul,564,5,-1,0,unknown
17320,cellular,28,jul,193,8,-1,0,unknown
17321,telephone,28,jul,73,6,-1,0,unknown
17322,cellular,28,jul,83,7,-1,0,unknown
17323,cellular,28,jul,289,5,-1,0,unknown
17324,cellular,28,jul,157,5,-1,0,unknown
17325,cellular,28,jul,66,19,-1,0,unknown
17326,cellular,28,jul,438,4,-1,0,unknown
17327,telephone,28,jul,155,2,-1,0,unknown
17328,cellular,28,jul,96,4,-1,0,unknown
17329,cellular,28,jul,189,2,-1,0,unknown
17330,cellular,28,jul,25,20,-1,0,unknown
17331,cellular,28,jul,76,2,-1,0,unknown
17332,cellular,28,jul,395,4,-1,0,unknown
17333,cellular,28,jul,53,5,-1,0,unknown
17334,cellular,28,jul,246,2,-1,0,unknown
17335,cellular,28,jul,60,5,-1,0,unknown
17336,cellular,28,jul,231,10,-1,0,unknown
17337,telephone,28,jul,1025,2,-1,0,unknown
17338,cellular,28,jul,76,6,-1,0,unknown
17339,cellular,28,jul,819,3,-1,0,unknown
17340,cellular,28,jul,131,4,-1,0,unknown
17341,cellular,28,jul,470,4,-1,0,unknown
17342,telephone,28,jul,81,5,-1,0,unknown
17343,cellular,28,jul,60,5,-1,0,unknown
17344,cellular,28,jul,383,3,-1,0,unknown
17345,cellular,28,jul,68,3,-1,0,unknown
17346,cellular,28,jul,487,7,-1,0,unknown
17347,cellular,28,jul,81,8,-1,0,unknown
17348,cellular,28,jul,106,11,-1,0,unknown
17349,cellular,28,jul,83,6,-1,0,unknown
17350,cellular,28,jul,82,6,-1,0,unknown
17351,cellular,28,jul,118,4,-1,0,unknown
17352,cellular,28,jul,76,12,-1,0,unknown
17353,telephone,28,jul,97,2,-1,0,unknown
17354,cellular,28,jul,33,31,-1,0,unknown
17355,cellular,28,jul,1339,3,-1,0,unknown
17356,cellular,28,jul,359,3,-1,0,unknown
17357,cellular,28,jul,102,6,-1,0,unknown
17358,cellular,28,jul,310,2,-1,0,unknown
17359,cellular,28,jul,68,3,-1,0,unknown
17360,cellular,28,jul,674,3,-1,0,unknown
17361,cellular,28,jul,57,6,-1,0,unknown
17362,telephone,28,jul,1009,7,-1,0,unknown
17363,cellular,28,jul,121,3,-1,0,unknown
17364,telephone,28,jul,81,3,-1,0,unknown
17365,cellular,28,jul,55,10,-1,0,unknown
17366,cellular,28,jul,141,5,-1,0,unknown
17367,cellular,28,jul,624,4,-1,0,unknown
17368,cellular,28,jul,1096,4,-1,0,unknown
17369,cellular,28,jul,93,3,-1,0,unknown
17370,cellular,28,jul,534,4,-1,0,unknown
17371,cellular,28,jul,78,3,-1,0,unknown
17372,cellular,28,jul,247,3,-1,0,unknown
17373,cellular,28,jul,534,8,-1,0,unknown
17374,cellular,28,jul,431,2,-1,0,unknown
17375,cellular,28,jul,88,9,-1,0,unknown
17376,telephone,28,jul,75,3,-1,0,unknown
17377,cellular,28,jul,258,2,-1,0,unknown
17378,cellular,28,jul,165,3,-1,0,unknown
17379,cellular,28,jul,63,5,-1,0,unknown
17380,cellular,28,jul,867,2,-1,0,unknown
17381,telephone,28,jul,41,2,-1,0,unknown
17382,cellular,28,jul,207,7,-1,0,unknown
17383,cellular,28,jul,761,8,-1,0,unknown
17384,telephone,28,jul,426,4,-1,0,unknown
17385,cellular,28,jul,234,15,-1,0,unknown
17386,cellular,28,jul,310,5,-1,0,unknown
17387,cellular,28,jul,88,3,-1,0,unknown
17388,cellular,28,jul,283,4,-1,0,unknown
17389,cellular,28,jul,418,3,-1,0,unknown
17390,cellular,28,jul,121,2,-1,0,unknown
17391,telephone,28,jul,187,11,-1,0,unknown
17392,cellular,28,jul,141,7,-1,0,unknown
17393,cellular,28,jul,188,3,-1,0,unknown
17394,cellular,28,jul,154,5,-1,0,unknown
17395,cellular,28,jul,339,8,-1,0,unknown
17396,cellular,28,jul,151,3,-1,0,unknown
17397,cellular,28,jul,106,2,-1,0,unknown
17398,cellular,28,jul,239,4,-1,0,unknown
17399,cellular,28,jul,551,3,-1,0,unknown
17400,cellular,28,jul,644,3,-1,0,unknown
17401,cellular,28,jul,322,11,-1,0,unknown
17402,cellular,28,jul,269,7,-1,0,unknown
17403,cellular,28,jul,124,3,-1,0,unknown
17404,cellular,28,jul,333,4,-1,0,unknown
17405,cellular,28,jul,192,19,-1,0,unknown
17406,cellular,28,jul,76,2,-1,0,unknown
17407,cellular,28,jul,433,4,-1,0,unknown
17408,cellular,28,jul,120,4,-1,0,unknown
17409,cellular,28,jul,290,2,-1,0,unknown
17410,cellular,28,jul,118,4,-1,0,unknown
17411,cellular,28,jul,58,5,-1,0,unknown
17412,cellular,28,jul,149,11,-1,0,unknown
17413,cellular,28,jul,114,4,-1,0,unknown
17414,cellular,28,jul,91,3,-1,0,unknown
17415,cellular,28,jul,428,2,-1,0,unknown
17416,cellular,28,jul,101,3,-1,0,unknown
17417,cellular,28,jul,37,12,-1,0,unknown
17418,cellular,28,jul,127,4,-1,0,unknown
17419,cellular,28,jul,155,2,-1,0,unknown
17420,cellular,28,jul,264,5,-1,0,unknown
17421,cellular,28,jul,377,4,-1,0,unknown
17422,cellular,28,jul,73,2,-1,0,unknown
17423,cellular,28,jul,71,6,-1,0,unknown
17424,cellular,28,jul,118,2,-1,0,unknown
17425,cellular,28,jul,257,6,-1,0,unknown
17426,cellular,28,jul,234,11,-1,0,unknown
17427,cellular,28,jul,213,3,-1,0,unknown
17428,telephone,28,jul,1037,3,-1,0,unknown
17429,cellular,28,jul,262,4,-1,0,unknown
17430,cellular,28,jul,22,3,-1,0,unknown
17431,cellular,28,jul,123,2,-1,0,unknown
17432,cellular,28,jul,83,7,-1,0,unknown
17433,cellular,28,jul,267,5,-1,0,unknown
17434,cellular,28,jul,609,6,-1,0,unknown
17435,telephone,28,jul,313,16,-1,0,unknown
17436,telephone,28,jul,106,6,-1,0,unknown
17437,cellular,28,jul,170,3,-1,0,unknown
17438,cellular,28,jul,76,4,-1,0,unknown
17439,cellular,28,jul,780,2,-1,0,unknown
17440,cellular,28,jul,165,5,-1,0,unknown
17441,cellular,28,jul,314,4,-1,0,unknown
17442,cellular,28,jul,306,6,-1,0,unknown
17443,cellular,28,jul,83,12,-1,0,unknown
17444,cellular,28,jul,320,3,-1,0,unknown
17445,cellular,28,jul,341,12,-1,0,unknown
17446,cellular,28,jul,85,12,-1,0,unknown
17447,cellular,28,jul,579,3,-1,0,unknown
17448,cellular,28,jul,151,7,-1,0,unknown
17449,cellular,28,jul,377,2,-1,0,unknown
17450,cellular,28,jul,19,14,-1,0,unknown
17451,cellular,28,jul,76,3,-1,0,unknown
17452,cellular,28,jul,408,3,-1,0,unknown
17453,cellular,28,jul,240,3,-1,0,unknown
17454,cellular,28,jul,72,6,-1,0,unknown
17455,cellular,28,jul,890,4,-1,0,unknown
17456,telephone,28,jul,118,8,-1,0,unknown
17457,cellular,28,jul,43,8,-1,0,unknown
17458,telephone,28,jul,76,18,-1,0,unknown
17459,cellular,28,jul,472,3,-1,0,unknown
17460,cellular,28,jul,167,6,-1,0,unknown
17461,cellular,28,jul,276,2,-1,0,unknown
17462,telephone,28,jul,178,4,-1,0,unknown
17463,cellular,28,jul,147,15,-1,0,unknown
17464,telephone,28,jul,118,9,-1,0,unknown
17465,telephone,28,jul,282,3,-1,0,unknown
17466,cellular,28,jul,131,7,-1,0,unknown
17467,cellular,28,jul,123,3,-1,0,unknown
17468,cellular,28,jul,50,4,-1,0,unknown
17469,cellular,28,jul,85,9,-1,0,unknown
17470,cellular,28,jul,91,13,-1,0,unknown
17471,cellular,28,jul,209,4,-1,0,unknown
17472,cellular,28,jul,97,6,-1,0,unknown
17473,telephone,28,jul,1076,17,-1,0,unknown
17474,cellular,28,jul,152,4,-1,0,unknown
17475,telephone,28,jul,107,3,-1,0,unknown
17476,cellular,28,jul,100,16,-1,0,unknown
17477,cellular,28,jul,488,4,-1,0,unknown
17478,cellular,28,jul,174,6,-1,0,unknown
17479,cellular,28,jul,504,4,-1,0,unknown
17480,telephone,28,jul,127,7,-1,0,unknown
17481,cellular,28,jul,136,2,-1,0,unknown
17482,cellular,28,jul,164,7,-1,0,unknown
17483,cellular,28,jul,110,4,-1,0,unknown
17484,cellular,28,jul,243,2,-1,0,unknown
17485,cellular,28,jul,120,6,-1,0,unknown
17486,cellular,28,jul,127,6,-1,0,unknown
17487,telephone,28,jul,122,3,-1,0,unknown
17488,cellular,28,jul,317,5,-1,0,unknown
17489,telephone,28,jul,181,12,-1,0,unknown
17490,cellular,28,jul,206,10,-1,0,unknown
17491,telephone,28,jul,90,11,-1,0,unknown
17492,telephone,28,jul,27,17,-1,0,unknown
17493,cellular,28,jul,169,6,-1,0,unknown
17494,cellular,28,jul,128,4,-1,0,unknown
17495,telephone,28,jul,185,12,-1,0,unknown
17496,telephone,28,jul,210,3,-1,0,unknown
17497,telephone,28,jul,126,8,-1,0,unknown
17498,cellular,28,jul,173,8,-1,0,unknown
17499,telephone,28,jul,257,3,-1,0,unknown
17500,cellular,28,jul,125,2,-1,0,unknown
17501,cellular,29,jul,99,12,-1,0,unknown
17502,cellular,29,jul,38,17,-1,0,unknown
17503,cellular,29,jul,193,10,-1,0,unknown
17504,cellular,29,jul,215,4,-1,0,unknown
17505,cellular,29,jul,393,3,-1,0,unknown
17506,telephone,29,jul,121,6,-1,0,unknown
17507,cellular,29,jul,54,16,-1,0,unknown
17508,telephone,29,jul,345,17,-1,0,unknown
17509,cellular,29,jul,88,6,-1,0,unknown
17510,cellular,29,jul,80,8,-1,0,unknown
17511,cellular,29,jul,82,4,-1,0,unknown
17512,cellular,29,jul,858,7,-1,0,unknown
17513,cellular,29,jul,178,12,-1,0,unknown
17514,cellular,29,jul,119,7,-1,0,unknown
17515,telephone,29,jul,480,9,-1,0,unknown
17516,cellular,29,jul,95,5,-1,0,unknown
17517,cellular,29,jul,179,7,-1,0,unknown
17518,cellular,29,jul,62,8,-1,0,unknown
17519,cellular,29,jul,117,3,-1,0,unknown
17520,cellular,29,jul,176,21,-1,0,unknown
17521,telephone,29,jul,105,8,-1,0,unknown
17522,cellular,29,jul,10,23,-1,0,unknown
17523,cellular,29,jul,62,4,-1,0,unknown
17524,telephone,29,jul,168,2,-1,0,unknown
17525,cellular,29,jul,123,2,-1,0,unknown
17526,cellular,29,jul,324,7,-1,0,unknown
17527,cellular,29,jul,234,5,-1,0,unknown
17528,cellular,29,jul,114,2,-1,0,unknown
17529,cellular,29,jul,118,8,-1,0,unknown
17530,cellular,29,jul,158,2,-1,0,unknown
17531,telephone,29,jul,186,2,-1,0,unknown
17532,cellular,29,jul,148,15,-1,0,unknown
17533,cellular,29,jul,215,6,-1,0,unknown
17534,telephone,29,jul,175,2,-1,0,unknown
17535,cellular,29,jul,90,3,-1,0,unknown
17536,cellular,29,jul,194,2,-1,0,unknown
17537,cellular,29,jul,95,8,-1,0,unknown
17538,cellular,29,jul,314,2,-1,0,unknown
17539,cellular,29,jul,36,2,-1,0,unknown
17540,cellular,29,jul,604,3,-1,0,unknown
17541,cellular,29,jul,303,2,-1,0,unknown
17542,cellular,29,jul,156,5,-1,0,unknown
17543,cellular,29,jul,32,5,-1,0,unknown
17544,cellular,29,jul,163,3,-1,0,unknown
17545,cellular,29,jul,153,2,-1,0,unknown
17546,cellular,29,jul,874,2,-1,0,unknown
17547,telephone,29,jul,50,2,-1,0,unknown
17548,telephone,29,jul,44,2,-1,0,unknown
17549,cellular,29,jul,71,3,-1,0,unknown
17550,cellular,29,jul,449,2,-1,0,unknown
17551,cellular,29,jul,101,4,-1,0,unknown
17552,cellular,29,jul,34,2,-1,0,unknown
17553,cellular,29,jul,109,2,-1,0,unknown
17554,cellular,29,jul,76,2,-1,0,unknown
17555,cellular,29,jul,90,5,-1,0,unknown
17556,cellular,29,jul,65,2,-1,0,unknown
17557,cellular,29,jul,1569,2,-1,0,unknown
17558,cellular,29,jul,375,2,-1,0,unknown
17559,telephone,29,jul,7,5,-1,0,unknown
17560,cellular,29,jul,69,5,-1,0,unknown
17561,cellular,29,jul,145,2,-1,0,unknown
17562,cellular,29,jul,122,7,-1,0,unknown
17563,cellular,29,jul,162,2,-1,0,unknown
17564,cellular,29,jul,147,5,-1,0,unknown
17565,cellular,29,jul,179,4,-1,0,unknown
17566,telephone,29,jul,27,2,-1,0,unknown
17567,cellular,29,jul,179,6,-1,0,unknown
17568,cellular,29,jul,83,2,-1,0,unknown
17569,cellular,29,jul,189,4,-1,0,unknown
17570,cellular,29,jul,165,2,-1,0,unknown
17571,cellular,29,jul,301,2,-1,0,unknown
17572,cellular,29,jul,117,2,-1,0,unknown
17573,telephone,29,jul,165,2,-1,0,unknown
17574,cellular,29,jul,25,22,-1,0,unknown
17575,cellular,29,jul,318,2,-1,0,unknown
17576,cellular,29,jul,112,3,-1,0,unknown
17577,cellular,29,jul,54,7,-1,0,unknown
17578,cellular,29,jul,241,5,-1,0,unknown
17579,cellular,29,jul,710,2,-1,0,unknown
17580,cellular,29,jul,80,2,-1,0,unknown
17581,cellular,29,jul,116,2,-1,0,unknown
17582,telephone,29,jul,63,2,-1,0,unknown
17583,cellular,29,jul,106,2,-1,0,unknown
17584,cellular,29,jul,129,2,-1,0,unknown
17585,cellular,29,jul,164,6,-1,0,unknown
17586,cellular,29,jul,102,3,-1,0,unknown
17587,cellular,29,jul,206,4,-1,0,unknown
17588,cellular,29,jul,600,2,-1,0,unknown
17589,cellular,29,jul,124,2,-1,0,unknown
17590,cellular,29,jul,43,2,-1,0,unknown
17591,telephone,29,jul,139,2,-1,0,unknown
17592,cellular,29,jul,336,2,-1,0,unknown
17593,cellular,29,jul,112,2,-1,0,unknown
17594,cellular,29,jul,70,3,-1,0,unknown
17595,cellular,29,jul,55,3,-1,0,unknown
17596,cellular,29,jul,70,5,-1,0,unknown
17597,cellular,29,jul,293,2,-1,0,unknown
17598,cellular,29,jul,184,4,-1,0,unknown
17599,telephone,29,jul,237,2,-1,0,unknown
17600,cellular,29,jul,299,5,-1,0,unknown
17601,cellular,29,jul,135,2,-1,0,unknown
17602,cellular,29,jul,24,2,-1,0,unknown
17603,telephone,29,jul,64,4,-1,0,unknown
17604,cellular,29,jul,497,2,-1,0,unknown
17605,cellular,29,jul,146,2,-1,0,unknown
17606,cellular,29,jul,97,2,-1,0,unknown
17607,cellular,29,jul,55,2,-1,0,unknown
17608,cellular,29,jul,60,4,-1,0,unknown
17609,cellular,29,jul,109,3,-1,0,unknown
17610,cellular,29,jul,48,3,-1,0,unknown
17611,cellular,29,jul,305,2,-1,0,unknown
17612,cellular,29,jul,132,2,-1,0,unknown
17613,cellular,29,jul,25,5,-1,0,unknown
17614,cellular,29,jul,646,2,-1,0,unknown
17615,cellular,29,jul,167,4,-1,0,unknown
17616,cellular,29,jul,197,2,-1,0,unknown
17617,cellular,29,jul,345,5,-1,0,unknown
17618,cellular,29,jul,69,2,-1,0,unknown
17619,telephone,29,jul,55,16,-1,0,unknown
17620,telephone,29,jul,647,2,-1,0,unknown
17621,cellular,29,jul,105,2,-1,0,unknown
17622,cellular,29,jul,33,2,-1,0,unknown
17623,cellular,29,jul,61,2,-1,0,unknown
17624,telephone,29,jul,90,2,-1,0,unknown
17625,cellular,29,jul,100,3,-1,0,unknown
17626,cellular,29,jul,91,3,-1,0,unknown
17627,cellular,29,jul,45,7,-1,0,unknown
17628,cellular,29,jul,155,2,-1,0,unknown
17629,cellular,29,jul,64,2,-1,0,unknown
17630,cellular,29,jul,392,2,-1,0,unknown
17631,cellular,29,jul,305,2,-1,0,unknown
17632,cellular,29,jul,261,6,-1,0,unknown
17633,cellular,29,jul,446,2,-1,0,unknown
17634,cellular,29,jul,248,4,-1,0,unknown
17635,cellular,29,jul,20,2,-1,0,unknown
17636,cellular,29,jul,188,2,-1,0,unknown
17637,cellular,29,jul,103,2,-1,0,unknown
17638,cellular,29,jul,63,5,-1,0,unknown
17639,cellular,29,jul,86,3,-1,0,unknown
17640,cellular,29,jul,105,4,-1,0,unknown
17641,cellular,29,jul,57,4,-1,0,unknown
17642,cellular,29,jul,2516,2,-1,0,unknown
17643,cellular,29,jul,361,4,-1,0,unknown
17644,cellular,29,jul,247,3,-1,0,unknown
17645,cellular,29,jul,145,3,-1,0,unknown
17646,cellular,29,jul,146,3,-1,0,unknown
17647,cellular,29,jul,64,3,-1,0,unknown
17648,cellular,29,jul,435,2,-1,0,unknown
17649,cellular,29,jul,375,2,-1,0,unknown
17650,cellular,29,jul,365,2,-1,0,unknown
17651,cellular,29,jul,522,3,-1,0,unknown
17652,cellular,29,jul,213,2,-1,0,unknown
17653,cellular,29,jul,137,2,-1,0,unknown
17654,telephone,29,jul,104,2,-1,0,unknown
17655,cellular,29,jul,57,4,-1,0,unknown
17656,cellular,29,jul,100,3,-1,0,unknown
17657,cellular,29,jul,208,2,-1,0,unknown
17658,cellular,29,jul,51,2,-1,0,unknown
17659,cellular,29,jul,735,4,-1,0,unknown
17660,cellular,29,jul,94,2,-1,0,unknown
17661,cellular,29,jul,46,4,-1,0,unknown
17662,telephone,29,jul,28,4,-1,0,unknown
17663,cellular,29,jul,121,3,-1,0,unknown
17664,cellular,29,jul,394,4,-1,0,unknown
17665,cellular,29,jul,65,2,-1,0,unknown
17666,cellular,29,jul,797,15,-1,0,unknown
17667,cellular,29,jul,204,6,-1,0,unknown
17668,cellular,29,jul,212,2,-1,0,unknown
17669,cellular,29,jul,255,4,-1,0,unknown
17670,cellular,29,jul,88,10,-1,0,unknown
17671,telephone,29,jul,184,4,-1,0,unknown
17672,telephone,29,jul,145,4,-1,0,unknown
17673,cellular,29,jul,47,5,-1,0,unknown
17674,telephone,29,jul,81,4,-1,0,unknown
17675,telephone,29,jul,24,2,-1,0,unknown
17676,cellular,29,jul,92,2,-1,0,unknown
17677,cellular,29,jul,163,2,-1,0,unknown
17678,cellular,29,jul,551,2,-1,0,unknown
17679,cellular,29,jul,538,8,-1,0,unknown
17680,cellular,29,jul,271,2,-1,0,unknown
17681,cellular,29,jul,331,2,-1,0,unknown
17682,cellular,29,jul,82,7,-1,0,unknown
17683,cellular,29,jul,198,5,-1,0,unknown
17684,cellular,29,jul,60,6,-1,0,unknown
17685,cellular,29,jul,569,2,-1,0,unknown
17686,cellular,29,jul,300,2,-1,0,unknown
17687,cellular,29,jul,100,12,-1,0,unknown
17688,cellular,29,jul,422,4,-1,0,unknown
17689,telephone,29,jul,178,2,-1,0,unknown
17690,cellular,29,jul,129,6,-1,0,unknown
17691,cellular,29,jul,57,7,-1,0,unknown
17692,cellular,29,jul,199,9,-1,0,unknown
17693,cellular,29,jul,281,4,-1,0,unknown
17694,cellular,29,jul,218,4,-1,0,unknown
17695,cellular,29,jul,207,4,-1,0,unknown
17696,cellular,29,jul,1186,4,-1,0,unknown
17697,cellular,29,jul,454,6,-1,0,unknown
17698,cellular,29,jul,132,4,-1,0,unknown
17699,cellular,29,jul,337,2,-1,0,unknown
17700,telephone,29,jul,156,2,-1,0,unknown
17701,cellular,29,jul,195,2,-1,0,unknown
17702,cellular,29,jul,20,21,-1,0,unknown
17703,cellular,29,jul,63,2,-1,0,unknown
17704,cellular,29,jul,52,6,-1,0,unknown
17705,cellular,29,jul,113,8,-1,0,unknown
17706,cellular,29,jul,64,6,-1,0,unknown
17707,cellular,29,jul,86,6,-1,0,unknown
17708,cellular,29,jul,114,4,-1,0,unknown
17709,cellular,29,jul,1058,2,-1,0,unknown
17710,cellular,29,jul,121,18,-1,0,unknown
17711,cellular,29,jul,45,4,-1,0,unknown
17712,telephone,29,jul,539,2,-1,0,unknown
17713,cellular,29,jul,360,4,-1,0,unknown
17714,cellular,29,jul,187,3,-1,0,unknown
17715,telephone,29,jul,143,8,-1,0,unknown
17716,cellular,29,jul,369,2,-1,0,unknown
17717,cellular,29,jul,277,2,-1,0,unknown
17718,cellular,29,jul,85,2,-1,0,unknown
17719,cellular,29,jul,96,5,-1,0,unknown
17720,cellular,29,jul,180,10,-1,0,unknown
17721,telephone,29,jul,126,2,-1,0,unknown
17722,cellular,29,jul,108,2,-1,0,unknown
17723,cellular,29,jul,104,7,-1,0,unknown
17724,cellular,29,jul,172,2,-1,0,unknown
17725,cellular,29,jul,665,4,-1,0,unknown
17726,telephone,29,jul,340,1,-1,0,unknown
17727,cellular,29,jul,125,19,-1,0,unknown
17728,cellular,29,jul,246,18,-1,0,unknown
17729,cellular,29,jul,884,1,-1,0,unknown
17730,telephone,29,jul,274,1,-1,0,unknown
17731,cellular,29,jul,33,1,-1,0,unknown
17732,cellular,29,jul,95,6,-1,0,unknown
17733,cellular,29,jul,127,9,-1,0,unknown
17734,telephone,29,jul,38,3,-1,0,unknown
17735,telephone,29,jul,790,1,-1,0,unknown
17736,cellular,29,jul,635,3,-1,0,unknown
17737,cellular,29,jul,597,5,-1,0,unknown
17738,cellular,29,jul,109,8,-1,0,unknown
17739,telephone,29,jul,77,35,-1,0,unknown
17740,cellular,29,jul,64,4,-1,0,unknown
17741,cellular,29,jul,376,2,-1,0,unknown
17742,cellular,29,jul,339,3,-1,0,unknown
17743,cellular,29,jul,44,5,-1,0,unknown
17744,cellular,29,jul,171,13,-1,0,unknown
17745,cellular,29,jul,110,2,-1,0,unknown
17746,cellular,29,jul,174,3,-1,0,unknown
17747,cellular,29,jul,77,4,-1,0,unknown
17748,cellular,29,jul,66,1,-1,0,unknown
17749,cellular,29,jul,226,1,-1,0,unknown
17750,cellular,29,jul,271,1,-1,0,unknown
17751,cellular,29,jul,367,1,-1,0,unknown
17752,cellular,29,jul,509,1,-1,0,unknown
17753,cellular,29,jul,228,1,-1,0,unknown
17754,cellular,29,jul,935,4,-1,0,unknown
17755,cellular,29,jul,313,6,-1,0,unknown
17756,telephone,29,jul,129,3,-1,0,unknown
17757,cellular,29,jul,80,3,-1,0,unknown
17758,cellular,29,jul,194,3,-1,0,unknown
17759,telephone,29,jul,538,3,-1,0,unknown
17760,cellular,29,jul,197,4,-1,0,unknown
17761,cellular,29,jul,403,3,-1,0,unknown
17762,telephone,29,jul,616,13,-1,0,unknown
17763,telephone,29,jul,207,3,-1,0,unknown
17764,cellular,29,jul,816,6,-1,0,unknown
17765,cellular,29,jul,120,4,-1,0,unknown
17766,cellular,29,jul,268,6,-1,0,unknown
17767,cellular,29,jul,510,9,-1,0,unknown
17768,cellular,29,jul,114,2,-1,0,unknown
17769,telephone,29,jul,99,5,-1,0,unknown
17770,cellular,29,jul,246,4,-1,0,unknown
17771,cellular,29,jul,820,6,-1,0,unknown
17772,cellular,29,jul,263,2,-1,0,unknown
17773,cellular,29,jul,122,13,-1,0,unknown
17774,cellular,29,jul,109,3,-1,0,unknown
17775,cellular,29,jul,162,4,-1,0,unknown
17776,cellular,29,jul,69,5,-1,0,unknown
17777,cellular,29,jul,82,5,-1,0,unknown
17778,cellular,29,jul,136,3,-1,0,unknown
17779,cellular,29,jul,249,6,-1,0,unknown
17780,cellular,29,jul,808,3,-1,0,unknown
17781,cellular,29,jul,316,2,-1,0,unknown
17782,cellular,29,jul,110,5,-1,0,unknown
17783,telephone,29,jul,259,12,-1,0,unknown
17784,cellular,29,jul,204,3,-1,0,unknown
17785,cellular,29,jul,110,3,-1,0,unknown
17786,telephone,29,jul,119,7,-1,0,unknown
17787,cellular,29,jul,53,5,-1,0,unknown
17788,cellular,29,jul,336,7,-1,0,unknown
17789,cellular,29,jul,222,5,-1,0,unknown
17790,cellular,29,jul,90,3,-1,0,unknown
17791,cellular,29,jul,327,6,-1,0,unknown
17792,telephone,29,jul,316,3,-1,0,unknown
17793,cellular,29,jul,98,2,-1,0,unknown
17794,telephone,29,jul,1127,11,-1,0,unknown
17795,telephone,29,jul,1140,3,-1,0,unknown
17796,cellular,29,jul,284,3,-1,0,unknown
17797,cellular,29,jul,543,12,-1,0,unknown
17798,cellular,29,jul,138,3,-1,0,unknown
17799,cellular,29,jul,189,5,-1,0,unknown
17800,cellular,29,jul,52,4,-1,0,unknown
17801,cellular,29,jul,223,6,-1,0,unknown
17802,cellular,29,jul,71,7,-1,0,unknown
17803,cellular,29,jul,468,2,-1,0,unknown
17804,cellular,29,jul,185,6,-1,0,unknown
17805,cellular,29,jul,61,1,-1,0,unknown
17806,cellular,29,jul,65,12,-1,0,unknown
17807,telephone,29,jul,399,12,-1,0,unknown
17808,cellular,29,jul,340,3,-1,0,unknown
17809,cellular,29,jul,281,4,-1,0,unknown
17810,telephone,29,jul,103,3,-1,0,unknown
17811,cellular,29,jul,104,4,-1,0,unknown
17812,cellular,29,jul,176,4,-1,0,unknown
17813,cellular,29,jul,637,3,-1,0,unknown
17814,cellular,29,jul,90,2,-1,0,unknown
17815,cellular,29,jul,234,6,-1,0,unknown
17816,cellular,29,jul,165,23,-1,0,unknown
17817,telephone,29,jul,308,3,-1,0,unknown
17818,cellular,29,jul,75,8,-1,0,unknown
17819,cellular,29,jul,242,7,-1,0,unknown
17820,cellular,29,jul,142,8,-1,0,unknown
17821,cellular,29,jul,153,4,-1,0,unknown
17822,cellular,29,jul,619,4,-1,0,unknown
17823,cellular,29,jul,178,3,-1,0,unknown
17824,telephone,29,jul,481,3,-1,0,unknown
17825,telephone,29,jul,128,11,-1,0,unknown
17826,telephone,29,jul,53,6,-1,0,unknown
17827,cellular,29,jul,851,2,-1,0,unknown
17828,cellular,29,jul,234,5,-1,0,unknown
17829,telephone,29,jul,222,3,-1,0,unknown
17830,telephone,29,jul,289,9,-1,0,unknown
17831,cellular,29,jul,397,1,-1,0,unknown
17832,cellular,29,jul,333,19,-1,0,unknown
17833,cellular,29,jul,125,2,-1,0,unknown
17834,cellular,29,jul,333,8,-1,0,unknown
17835,cellular,29,jul,115,4,-1,0,unknown
17836,cellular,29,jul,79,4,-1,0,unknown
17837,cellular,29,jul,112,6,-1,0,unknown
17838,telephone,29,jul,157,6,-1,0,unknown
17839,cellular,29,jul,101,4,-1,0,unknown
17840,cellular,29,jul,193,15,-1,0,unknown
17841,telephone,29,jul,863,10,-1,0,unknown
17842,cellular,29,jul,590,23,-1,0,unknown
17843,cellular,29,jul,92,33,-1,0,unknown
17844,cellular,29,jul,153,3,-1,0,unknown
17845,telephone,29,jul,225,4,-1,0,unknown
17846,telephone,29,jul,49,4,-1,0,unknown
17847,cellular,29,jul,123,6,-1,0,unknown
17848,cellular,29,jul,88,6,-1,0,unknown
17849,telephone,29,jul,246,2,-1,0,unknown
17850,telephone,29,jul,254,21,-1,0,unknown
17851,cellular,30,jul,95,5,-1,0,unknown
17852,cellular,30,jul,76,5,-1,0,unknown
17853,cellular,30,jul,182,4,-1,0,unknown
17854,cellular,30,jul,76,14,-1,0,unknown
17855,cellular,30,jul,11,8,-1,0,unknown
17856,cellular,30,jul,96,29,-1,0,unknown
17857,cellular,30,jul,520,6,-1,0,unknown
17858,cellular,30,jul,138,8,-1,0,unknown
17859,cellular,30,jul,142,9,-1,0,unknown
17860,cellular,30,jul,103,4,-1,0,unknown
17861,cellular,30,jul,124,3,-1,0,unknown
17862,cellular,30,jul,84,6,-1,0,unknown
17863,cellular,30,jul,329,5,-1,0,unknown
17864,telephone,30,jul,78,5,-1,0,unknown
17865,cellular,30,jul,125,5,-1,0,unknown
17866,cellular,30,jul,353,6,-1,0,unknown
17867,cellular,30,jul,189,4,-1,0,unknown
17868,cellular,30,jul,253,5,-1,0,unknown
17869,cellular,30,jul,65,26,-1,0,unknown
17870,telephone,30,jul,1011,6,-1,0,unknown
17871,cellular,30,jul,334,6,-1,0,unknown
17872,cellular,30,jul,68,4,-1,0,unknown
17873,cellular,30,jul,1013,29,-1,0,unknown
17874,cellular,30,jul,28,13,-1,0,unknown
17875,cellular,30,jul,139,3,-1,0,unknown
17876,cellular,30,jul,189,8,-1,0,unknown
17877,cellular,30,jul,458,3,-1,0,unknown
17878,cellular,30,jul,802,4,-1,0,unknown
17879,cellular,30,jul,70,3,-1,0,unknown
17880,cellular,30,jul,1011,20,-1,0,unknown
17881,cellular,30,jul,31,22,-1,0,unknown
17882,cellular,30,jul,158,2,-1,0,unknown
17883,cellular,30,jul,59,2,-1,0,unknown
17884,telephone,30,jul,90,2,-1,0,unknown
17885,cellular,30,jul,258,2,-1,0,unknown
17886,cellular,30,jul,305,3,-1,0,unknown
17887,cellular,30,jul,67,7,-1,0,unknown
17888,telephone,30,jul,128,2,-1,0,unknown
17889,cellular,30,jul,99,3,-1,0,unknown
17890,cellular,30,jul,112,10,-1,0,unknown
17891,cellular,30,jul,39,2,-1,0,unknown
17892,cellular,30,jul,113,2,-1,0,unknown
17893,cellular,30,jul,69,6,-1,0,unknown
17894,cellular,30,jul,120,2,-1,0,unknown
17895,cellular,30,jul,235,2,-1,0,unknown
17896,cellular,30,jul,81,2,-1,0,unknown
17897,cellular,30,jul,684,2,-1,0,unknown
17898,cellular,30,jul,312,6,-1,0,unknown
17899,cellular,30,jul,566,2,-1,0,unknown
17900,telephone,30,jul,89,2,-1,0,unknown
17901,cellular,30,jul,42,2,-1,0,unknown
17902,cellular,30,jul,60,3,-1,0,unknown
17903,cellular,30,jul,843,2,-1,0,unknown
17904,cellular,30,jul,528,2,-1,0,unknown
17905,cellular,30,jul,86,2,-1,0,unknown
17906,cellular,30,jul,129,2,-1,0,unknown
17907,cellular,30,jul,477,2,-1,0,unknown
17908,cellular,30,jul,652,2,-1,0,unknown
17909,cellular,30,jul,102,3,-1,0,unknown
17910,cellular,30,jul,295,2,-1,0,unknown
17911,telephone,30,jul,99,2,-1,0,unknown
17912,cellular,30,jul,650,2,-1,0,unknown
17913,telephone,30,jul,273,4,-1,0,unknown
17914,telephone,30,jul,38,2,-1,0,unknown
17915,cellular,30,jul,409,4,-1,0,unknown
17916,cellular,30,jul,160,2,-1,0,unknown
17917,cellular,30,jul,100,9,-1,0,unknown
17918,cellular,30,jul,65,5,-1,0,unknown
17919,telephone,30,jul,641,2,-1,0,unknown
17920,telephone,30,jul,285,2,-1,0,unknown
17921,telephone,30,jul,203,2,-1,0,unknown
17922,cellular,30,jul,166,2,-1,0,unknown
17923,cellular,30,jul,544,2,-1,0,unknown
17924,cellular,30,jul,73,2,-1,0,unknown
17925,cellular,30,jul,250,5,-1,0,unknown
17926,telephone,30,jul,542,2,-1,0,unknown
17927,telephone,30,jul,120,6,-1,0,unknown
17928,cellular,30,jul,219,2,-1,0,unknown
17929,telephone,30,jul,47,2,-1,0,unknown
17930,cellular,30,jul,93,3,-1,0,unknown
17931,cellular,30,jul,62,2,-1,0,unknown
17932,cellular,30,jul,32,2,-1,0,unknown
17933,telephone,30,jul,100,6,-1,0,unknown
17934,cellular,30,jul,229,2,-1,0,unknown
17935,cellular,30,jul,25,2,-1,0,unknown
17936,cellular,30,jul,65,2,-1,0,unknown
17937,telephone,30,jul,195,4,-1,0,unknown
17938,telephone,30,jul,274,2,-1,0,unknown
17939,telephone,30,jul,68,2,-1,0,unknown
17940,cellular,30,jul,241,2,-1,0,unknown
17941,cellular,30,jul,29,4,-1,0,unknown
17942,telephone,30,jul,64,2,-1,0,unknown
17943,telephone,30,jul,250,2,-1,0,unknown
17944,telephone,30,jul,270,2,-1,0,unknown
17945,cellular,30,jul,695,2,-1,0,unknown
17946,cellular,30,jul,85,3,-1,0,unknown
17947,cellular,30,jul,594,2,-1,0,unknown
17948,cellular,30,jul,362,2,-1,0,unknown
17949,cellular,30,jul,101,2,-1,0,unknown
17950,telephone,30,jul,80,2,-1,0,unknown
17951,cellular,30,jul,605,2,-1,0,unknown
17952,telephone,30,jul,42,3,-1,0,unknown
17953,telephone,30,jul,51,20,-1,0,unknown
17954,cellular,30,jul,1037,24,-1,0,unknown
17955,cellular,30,jul,71,5,-1,0,unknown
17956,cellular,30,jul,351,2,-1,0,unknown
17957,cellular,30,jul,76,3,-1,0,unknown
17958,cellular,30,jul,58,2,-1,0,unknown
17959,cellular,30,jul,141,2,-1,0,unknown
17960,cellular,30,jul,404,4,-1,0,unknown
17961,cellular,30,jul,187,2,-1,0,unknown
17962,cellular,30,jul,55,25,-1,0,unknown
17963,cellular,30,jul,274,3,-1,0,unknown
17964,telephone,30,jul,145,4,-1,0,unknown
17965,cellular,30,jul,269,2,-1,0,unknown
17966,cellular,30,jul,167,2,-1,0,unknown
17967,cellular,30,jul,85,2,-1,0,unknown
17968,cellular,30,jul,226,2,-1,0,unknown
17969,cellular,30,jul,292,11,-1,0,unknown
17970,cellular,30,jul,71,2,-1,0,unknown
17971,cellular,30,jul,14,33,-1,0,unknown
17972,cellular,30,jul,80,3,-1,0,unknown
17973,cellular,30,jul,220,2,-1,0,unknown
17974,telephone,30,jul,340,2,-1,0,unknown
17975,cellular,30,jul,148,2,-1,0,unknown
17976,telephone,30,jul,41,2,-1,0,unknown
17977,cellular,30,jul,105,4,-1,0,unknown
17978,cellular,30,jul,261,4,-1,0,unknown
17979,cellular,30,jul,101,2,-1,0,unknown
17980,telephone,30,jul,154,2,-1,0,unknown
17981,cellular,30,jul,83,2,-1,0,unknown
17982,cellular,30,jul,77,2,-1,0,unknown
17983,cellular,30,jul,244,2,-1,0,unknown
17984,cellular,30,jul,102,3,-1,0,unknown
17985,cellular,30,jul,597,2,-1,0,unknown
17986,cellular,30,jul,161,6,-1,0,unknown
17987,cellular,30,jul,81,2,-1,0,unknown
17988,cellular,30,jul,639,2,-1,0,unknown
17989,cellular,30,jul,133,2,-1,0,unknown
17990,cellular,30,jul,122,2,-1,0,unknown
17991,cellular,30,jul,153,2,-1,0,unknown
17992,cellular,30,jul,41,2,-1,0,unknown
17993,cellular,30,jul,70,2,-1,0,unknown
17994,cellular,30,jul,29,3,-1,0,unknown
17995,cellular,30,jul,86,6,-1,0,unknown
17996,cellular,30,jul,255,2,-1,0,unknown
17997,cellular,30,jul,218,4,-1,0,unknown
17998,telephone,30,jul,197,6,-1,0,unknown
17999,cellular,30,jul,44,2,-1,0,unknown
18000,cellular,30,jul,380,7,-1,0,unknown
18001,cellular,30,jul,788,2,-1,0,unknown
18002,cellular,30,jul,74,2,-1,0,unknown
18003,cellular,30,jul,55,3,-1,0,unknown
18004,cellular,30,jul,61,3,-1,0,unknown
18005,cellular,30,jul,988,2,-1,0,unknown
18006,cellular,30,jul,622,4,-1,0,unknown
18007,cellular,30,jul,137,2,-1,0,unknown
18008,cellular,30,jul,122,2,-1,0,unknown
18009,telephone,30,jul,38,2,-1,0,unknown
18010,cellular,30,jul,86,2,-1,0,unknown
18011,cellular,30,jul,432,4,-1,0,unknown
18012,cellular,30,jul,227,8,-1,0,unknown
18013,cellular,30,jul,120,2,-1,0,unknown
18014,cellular,30,jul,149,2,-1,0,unknown
18015,cellular,30,jul,814,2,-1,0,unknown
18016,cellular,30,jul,144,9,-1,0,unknown
18017,cellular,30,jul,126,3,-1,0,unknown
18018,cellular,30,jul,918,4,-1,0,unknown
18019,telephone,30,jul,185,4,-1,0,unknown
18020,telephone,30,jul,694,2,-1,0,unknown
18021,cellular,30,jul,272,4,-1,0,unknown
18022,cellular,30,jul,149,2,-1,0,unknown
18023,cellular,30,jul,543,4,-1,0,unknown
18024,cellular,30,jul,94,5,-1,0,unknown
18025,telephone,30,jul,87,4,-1,0,unknown
18026,cellular,30,jul,441,5,-1,0,unknown
18027,cellular,30,jul,89,2,-1,0,unknown
18028,telephone,30,jul,82,2,-1,0,unknown
18029,cellular,30,jul,77,4,-1,0,unknown
18030,cellular,30,jul,444,2,-1,0,unknown
18031,telephone,30,jul,34,4,-1,0,unknown
18032,cellular,30,jul,73,4,-1,0,unknown
18033,cellular,30,jul,152,5,-1,0,unknown
18034,cellular,30,jul,69,4,-1,0,unknown
18035,cellular,30,jul,74,3,-1,0,unknown
18036,cellular,30,jul,289,4,-1,0,unknown
18037,cellular,30,jul,172,4,-1,0,unknown
18038,cellular,30,jul,535,2,-1,0,unknown
18039,cellular,30,jul,72,19,-1,0,unknown
18040,cellular,30,jul,44,4,-1,0,unknown
18041,cellular,30,jul,132,3,-1,0,unknown
18042,cellular,30,jul,1171,4,-1,0,unknown
18043,cellular,30,jul,376,8,-1,0,unknown
18044,cellular,30,jul,72,4,-1,0,unknown
18045,telephone,30,jul,117,6,-1,0,unknown
18046,telephone,30,jul,1001,2,-1,0,unknown
18047,cellular,30,jul,729,4,-1,0,unknown
18048,cellular,30,jul,341,5,-1,0,unknown
18049,cellular,30,jul,186,6,-1,0,unknown
18050,cellular,30,jul,509,2,-1,0,unknown
18051,cellular,30,jul,1078,11,-1,0,unknown
18052,telephone,30,jul,166,4,-1,0,unknown
18053,telephone,30,jul,27,20,-1,0,unknown
18054,cellular,30,jul,698,4,-1,0,unknown
18055,cellular,30,jul,674,2,-1,0,unknown
18056,cellular,30,jul,114,3,-1,0,unknown
18057,telephone,30,jul,340,2,-1,0,unknown
18058,cellular,30,jul,106,4,-1,0,unknown
18059,cellular,30,jul,424,2,-1,0,unknown
18060,cellular,30,jul,436,3,-1,0,unknown
18061,cellular,30,jul,159,2,-1,0,unknown
18062,cellular,30,jul,208,2,-1,0,unknown
18063,cellular,30,jul,96,11,-1,0,unknown
18064,cellular,30,jul,359,2,-1,0,unknown
18065,cellular,30,jul,69,9,-1,0,unknown
18066,cellular,30,jul,259,3,-1,0,unknown
18067,cellular,30,jul,225,4,-1,0,unknown
18068,telephone,30,jul,1089,4,-1,0,unknown
18069,cellular,30,jul,65,7,-1,0,unknown
18070,cellular,30,jul,106,23,-1,0,unknown
18071,cellular,30,jul,266,6,-1,0,unknown
18072,cellular,30,jul,1211,2,-1,0,unknown
18073,cellular,30,jul,50,20,-1,0,unknown
18074,telephone,30,jul,130,3,-1,0,unknown
18075,telephone,30,jul,109,8,-1,0,unknown
18076,cellular,30,jul,118,4,-1,0,unknown
18077,cellular,30,jul,183,4,-1,0,unknown
18078,cellular,30,jul,94,5,-1,0,unknown
18079,cellular,30,jul,647,10,-1,0,unknown
18080,telephone,30,jul,96,6,-1,0,unknown
18081,cellular,30,jul,458,3,-1,0,unknown
18082,cellular,30,jul,225,7,-1,0,unknown
18083,cellular,30,jul,103,3,-1,0,unknown
18084,cellular,30,jul,112,5,-1,0,unknown
18085,cellular,30,jul,145,5,-1,0,unknown
18086,cellular,30,jul,143,2,-1,0,unknown
18087,telephone,30,jul,216,9,-1,0,unknown
18088,telephone,30,jul,156,8,-1,0,unknown
18089,cellular,30,jul,52,7,-1,0,unknown
18090,cellular,30,jul,154,2,-1,0,unknown
18091,cellular,30,jul,1165,7,-1,0,unknown
18092,cellular,30,jul,117,11,-1,0,unknown
18093,cellular,30,jul,266,4,-1,0,unknown
18094,cellular,30,jul,107,11,-1,0,unknown
18095,cellular,30,jul,486,2,-1,0,unknown
18096,cellular,30,jul,72,9,-1,0,unknown
18097,cellular,30,jul,63,3,-1,0,unknown
18098,telephone,30,jul,100,6,-1,0,unknown
18099,cellular,30,jul,174,6,-1,0,unknown
18100,cellular,30,jul,62,12,-1,0,unknown
18101,cellular,30,jul,47,31,-1,0,unknown
18102,cellular,30,jul,103,6,-1,0,unknown
18103,cellular,30,jul,95,6,-1,0,unknown
18104,cellular,30,jul,233,3,-1,0,unknown
18105,cellular,30,jul,109,3,-1,0,unknown
18106,cellular,30,jul,342,3,-1,0,unknown
18107,cellular,30,jul,64,4,-1,0,unknown
18108,cellular,30,jul,84,3,-1,0,unknown
18109,cellular,30,jul,89,3,-1,0,unknown
18110,telephone,30,jul,1567,5,-1,0,unknown
18111,cellular,30,jul,41,5,-1,0,unknown
18112,cellular,30,jul,67,21,-1,0,unknown
18113,cellular,30,jul,153,3,-1,0,unknown
18114,cellular,30,jul,140,3,-1,0,unknown
18115,cellular,30,jul,335,6,-1,0,unknown
18116,cellular,30,jul,246,3,-1,0,unknown
18117,cellular,30,jul,740,3,-1,0,unknown
18118,cellular,30,jul,86,3,-1,0,unknown
18119,cellular,30,jul,85,2,-1,0,unknown
18120,cellular,30,jul,35,2,-1,0,unknown
18121,cellular,30,jul,104,7,-1,0,unknown
18122,cellular,30,jul,90,4,-1,0,unknown
18123,cellular,30,jul,149,13,-1,0,unknown
18124,cellular,30,jul,85,3,-1,0,unknown
18125,telephone,30,jul,350,3,-1,0,unknown
18126,cellular,30,jul,540,8,-1,0,unknown
18127,cellular,30,jul,115,5,-1,0,unknown
18128,cellular,30,jul,109,3,-1,0,unknown
18129,cellular,30,jul,595,1,-1,0,unknown
18130,cellular,30,jul,155,3,-1,0,unknown
18131,cellular,30,jul,278,3,-1,0,unknown
18132,telephone,30,jul,242,4,-1,0,unknown
18133,cellular,30,jul,288,3,-1,0,unknown
18134,cellular,30,jul,163,1,-1,0,unknown
18135,telephone,30,jul,339,10,-1,0,unknown
18136,cellular,30,jul,61,5,-1,0,unknown
18137,telephone,30,jul,29,1,-1,0,unknown
18138,cellular,30,jul,244,3,-1,0,unknown
18139,cellular,30,jul,123,1,-1,0,unknown
18140,cellular,30,jul,352,1,-1,0,unknown
18141,cellular,30,jul,72,4,-1,0,unknown
18142,cellular,30,jul,103,1,-1,0,unknown
18143,cellular,30,jul,113,10,-1,0,unknown
18144,cellular,30,jul,173,4,-1,0,unknown
18145,cellular,30,jul,187,3,-1,0,unknown
18146,telephone,30,jul,168,8,-1,0,unknown
18147,cellular,30,jul,50,2,-1,0,unknown
18148,telephone,30,jul,191,3,-1,0,unknown
18149,cellular,30,jul,153,6,-1,0,unknown
18150,cellular,30,jul,22,3,-1,0,unknown
18151,cellular,30,jul,122,3,-1,0,unknown
18152,cellular,30,jul,251,3,-1,0,unknown
18153,cellular,30,jul,95,5,-1,0,unknown
18154,telephone,30,jul,49,5,-1,0,unknown
18155,cellular,30,jul,94,4,-1,0,unknown
18156,cellular,30,jul,207,1,-1,0,unknown
18157,cellular,30,jul,122,1,-1,0,unknown
18158,cellular,30,jul,88,5,-1,0,unknown
18159,cellular,30,jul,96,1,-1,0,unknown
18160,cellular,30,jul,100,3,-1,0,unknown
18161,cellular,30,jul,761,4,-1,0,unknown
18162,cellular,30,jul,97,11,-1,0,unknown
18163,cellular,30,jul,638,3,-1,0,unknown
18164,cellular,30,jul,142,3,-1,0,unknown
18165,cellular,30,jul,695,2,-1,0,unknown
18166,cellular,30,jul,135,3,-1,0,unknown
18167,cellular,30,jul,269,17,-1,0,unknown
18168,cellular,30,jul,354,3,-1,0,unknown
18169,telephone,30,jul,169,3,-1,0,unknown
18170,cellular,30,jul,251,3,-1,0,unknown
18171,cellular,30,jul,764,4,-1,0,unknown
18172,cellular,30,jul,251,3,-1,0,unknown
18173,telephone,30,jul,23,15,-1,0,unknown
18174,cellular,30,jul,121,3,-1,0,unknown
18175,telephone,30,jul,100,3,-1,0,unknown
18176,cellular,30,jul,184,6,-1,0,unknown
18177,cellular,30,jul,180,7,-1,0,unknown
18178,cellular,30,jul,151,4,-1,0,unknown
18179,cellular,30,jul,130,3,-1,0,unknown
18180,telephone,30,jul,300,5,-1,0,unknown
18181,cellular,30,jul,70,6,-1,0,unknown
18182,cellular,30,jul,68,11,-1,0,unknown
18183,cellular,30,jul,141,4,-1,0,unknown
18184,cellular,30,jul,130,3,-1,0,unknown
18185,cellular,30,jul,75,5,-1,0,unknown
18186,cellular,30,jul,61,3,-1,0,unknown
18187,cellular,30,jul,95,3,-1,0,unknown
18188,cellular,30,jul,1259,6,-1,0,unknown
18189,cellular,30,jul,356,4,-1,0,unknown
18190,cellular,30,jul,134,2,-1,0,unknown
18191,cellular,30,jul,311,4,-1,0,unknown
18192,cellular,30,jul,157,4,-1,0,unknown
18193,cellular,30,jul,89,2,-1,0,unknown
18194,cellular,30,jul,239,4,-1,0,unknown
18195,telephone,30,jul,2692,9,-1,0,unknown
18196,cellular,30,jul,117,17,-1,0,unknown
18197,cellular,30,jul,121,3,-1,0,unknown
18198,cellular,30,jul,675,3,-1,0,unknown
18199,cellular,30,jul,331,4,-1,0,unknown
18200,cellular,30,jul,103,8,-1,0,unknown
18201,cellular,30,jul,230,3,-1,0,unknown
18202,cellular,30,jul,100,5,-1,0,unknown
18203,cellular,30,jul,192,3,-1,0,unknown
18204,cellular,30,jul,783,3,-1,0,unknown
18205,cellular,30,jul,87,3,-1,0,unknown
18206,cellular,30,jul,294,3,-1,0,unknown
18207,cellular,30,jul,96,6,-1,0,unknown
18208,cellular,30,jul,92,3,-1,0,unknown
18209,cellular,30,jul,54,12,-1,0,unknown
18210,cellular,30,jul,172,28,-1,0,unknown
18211,cellular,30,jul,56,9,-1,0,unknown
18212,cellular,30,jul,185,4,-1,0,unknown
18213,telephone,30,jul,196,3,-1,0,unknown
18214,telephone,30,jul,394,14,-1,0,unknown
18215,telephone,30,jul,74,6,-1,0,unknown
18216,cellular,30,jul,782,8,-1,0,unknown
18217,telephone,30,jul,342,6,-1,0,unknown
18218,cellular,30,jul,151,10,-1,0,unknown
18219,telephone,30,jul,383,7,-1,0,unknown
18220,cellular,30,jul,249,3,-1,0,unknown
18221,cellular,30,jul,93,4,-1,0,unknown
18222,cellular,30,jul,134,24,-1,0,unknown
18223,telephone,30,jul,215,3,-1,0,unknown
18224,cellular,30,jul,60,8,-1,0,unknown
18225,cellular,30,jul,188,3,-1,0,unknown
18226,cellular,30,jul,83,4,-1,0,unknown
18227,cellular,30,jul,88,3,-1,0,unknown
18228,cellular,30,jul,187,3,-1,0,unknown
18229,cellular,30,jul,219,5,-1,0,unknown
18230,telephone,30,jul,84,4,-1,0,unknown
18231,telephone,30,jul,77,5,-1,0,unknown
18232,cellular,30,jul,21,25,-1,0,unknown
18233,cellular,30,jul,160,4,-1,0,unknown
18234,cellular,30,jul,61,4,-1,0,unknown
18235,telephone,30,jul,208,3,-1,0,unknown
18236,cellular,30,jul,84,2,-1,0,unknown
18237,cellular,30,jul,98,13,-1,0,unknown
18238,cellular,30,jul,962,4,-1,0,unknown
18239,cellular,30,jul,105,11,-1,0,unknown
18240,telephone,30,jul,213,7,-1,0,unknown
18241,cellular,30,jul,166,4,-1,0,unknown
18242,cellular,30,jul,111,8,-1,0,unknown
18243,cellular,30,jul,481,3,-1,0,unknown
18244,cellular,31,jul,106,6,-1,0,unknown
18245,cellular,31,jul,101,6,-1,0,unknown
18246,cellular,31,jul,75,14,-1,0,unknown
18247,cellular,31,jul,75,3,-1,0,unknown
18248,cellular,31,jul,56,4,-1,0,unknown
18249,cellular,31,jul,263,4,-1,0,unknown
18250,telephone,31,jul,24,14,-1,0,unknown
18251,cellular,31,jul,408,8,-1,0,unknown
18252,cellular,31,jul,22,19,-1,0,unknown
18253,cellular,31,jul,35,6,-1,0,unknown
18254,cellular,31,jul,15,19,-1,0,unknown
18255,cellular,31,jul,13,11,-1,0,unknown
18256,cellular,31,jul,81,12,-1,0,unknown
18257,telephone,31,jul,81,7,-1,0,unknown
18258,cellular,31,jul,435,6,-1,0,unknown
18259,cellular,31,jul,59,6,-1,0,unknown
18260,cellular,31,jul,175,6,-1,0,unknown
18261,cellular,31,jul,150,3,-1,0,unknown
18262,telephone,31,jul,43,5,-1,0,unknown
18263,cellular,31,jul,52,8,-1,0,unknown
18264,telephone,31,jul,84,6,-1,0,unknown
18265,cellular,31,jul,67,8,-1,0,unknown
18266,cellular,31,jul,85,4,-1,0,unknown
18267,telephone,31,jul,80,11,-1,0,unknown
18268,cellular,31,jul,134,5,-1,0,unknown
18269,cellular,31,jul,34,3,-1,0,unknown
18270,cellular,31,jul,87,8,-1,0,unknown
18271,cellular,31,jul,153,6,-1,0,unknown
18272,telephone,31,jul,301,7,-1,0,unknown
18273,telephone,31,jul,46,21,-1,0,unknown
18274,cellular,31,jul,69,7,-1,0,unknown
18275,cellular,31,jul,283,18,-1,0,unknown
18276,cellular,31,jul,44,28,-1,0,unknown
18277,cellular,31,jul,616,3,-1,0,unknown
18278,cellular,31,jul,251,3,-1,0,unknown
18279,telephone,31,jul,69,8,-1,0,unknown
18280,cellular,31,jul,114,7,-1,0,unknown
18281,cellular,31,jul,160,5,-1,0,unknown
18282,cellular,31,jul,165,4,-1,0,unknown
18283,cellular,31,jul,13,3,-1,0,unknown
18284,telephone,31,jul,650,19,-1,0,unknown
18285,cellular,31,jul,1212,5,-1,0,unknown
18286,cellular,31,jul,79,4,-1,0,unknown
18287,telephone,31,jul,176,5,-1,0,unknown
18288,cellular,31,jul,11,11,-1,0,unknown
18289,cellular,31,jul,175,4,-1,0,unknown
18290,cellular,31,jul,98,5,-1,0,unknown
18291,telephone,31,jul,125,7,-1,0,unknown
18292,cellular,31,jul,11,17,-1,0,unknown
18293,cellular,31,jul,5,25,-1,0,unknown
18294,cellular,31,jul,8,25,-1,0,unknown
18295,cellular,31,jul,12,16,-1,0,unknown
18296,cellular,31,jul,812,3,-1,0,unknown
18297,telephone,31,jul,23,4,-1,0,unknown
18298,telephone,31,jul,49,3,-1,0,unknown
18299,cellular,31,jul,130,4,-1,0,unknown
18300,cellular,31,jul,149,4,-1,0,unknown
18301,cellular,31,jul,24,4,-1,0,unknown
18302,cellular,31,jul,68,3,-1,0,unknown
18303,cellular,31,jul,110,4,-1,0,unknown
18304,cellular,31,jul,466,4,-1,0,unknown
18305,cellular,31,jul,87,4,-1,0,unknown
18306,cellular,31,jul,517,4,-1,0,unknown
18307,cellular,31,jul,350,4,-1,0,unknown
18308,telephone,31,jul,921,4,-1,0,unknown
18309,cellular,31,jul,217,4,-1,0,unknown
18310,cellular,31,jul,630,6,-1,0,unknown
18311,cellular,31,jul,81,6,-1,0,unknown
18312,cellular,31,jul,85,4,-1,0,unknown
18313,cellular,31,jul,114,8,-1,0,unknown
18314,cellular,31,jul,55,6,-1,0,unknown
18315,cellular,31,jul,28,2,-1,0,unknown
18316,cellular,31,jul,207,4,-1,0,unknown
18317,cellular,31,jul,404,2,-1,0,unknown
18318,cellular,31,jul,75,2,-1,0,unknown
18319,telephone,31,jul,1088,17,-1,0,unknown
18320,cellular,31,jul,1150,5,-1,0,unknown
18321,cellular,31,jul,232,2,-1,0,unknown
18322,cellular,31,jul,190,2,-1,0,unknown
18323,cellular,31,jul,37,4,-1,0,unknown
18324,cellular,31,jul,92,2,-1,0,unknown
18325,cellular,31,jul,384,4,-1,0,unknown
18326,cellular,31,jul,321,2,-1,0,unknown
18327,cellular,31,jul,30,29,-1,0,unknown
18328,cellular,31,jul,18,10,-1,0,unknown
18329,cellular,31,jul,394,2,-1,0,unknown
18330,cellular,31,jul,451,2,-1,0,unknown
18331,cellular,31,jul,117,2,-1,0,unknown
18332,cellular,31,jul,87,2,-1,0,unknown
18333,cellular,31,jul,207,2,-1,0,unknown
18334,cellular,31,jul,196,2,-1,0,unknown
18335,cellular,31,jul,196,2,-1,0,unknown
18336,cellular,31,jul,413,2,-1,0,unknown
18337,cellular,31,jul,15,26,-1,0,unknown
18338,cellular,31,jul,81,5,-1,0,unknown
18339,cellular,31,jul,125,6,-1,0,unknown
18340,cellular,31,jul,543,2,-1,0,unknown
18341,cellular,31,jul,14,23,-1,0,unknown
18342,telephone,31,jul,91,2,-1,0,unknown
18343,cellular,31,jul,70,6,-1,0,unknown
18344,cellular,31,jul,130,3,-1,0,unknown
18345,cellular,31,jul,151,8,-1,0,unknown
18346,cellular,31,jul,104,5,-1,0,unknown
18347,cellular,31,jul,468,2,-1,0,unknown
18348,cellular,31,jul,44,7,-1,0,unknown
18349,cellular,31,jul,102,2,-1,0,unknown
18350,cellular,31,jul,183,2,-1,0,unknown
18351,cellular,31,jul,62,13,-1,0,unknown
18352,cellular,31,jul,46,3,-1,0,unknown
18353,cellular,31,jul,65,3,-1,0,unknown
18354,cellular,31,jul,395,4,-1,0,unknown
18355,telephone,31,jul,15,2,-1,0,unknown
18356,cellular,31,jul,474,2,-1,0,unknown
18357,cellular,31,jul,49,5,-1,0,unknown
18358,cellular,31,jul,118,2,-1,0,unknown
18359,telephone,31,jul,30,2,-1,0,unknown
18360,telephone,31,jul,28,2,-1,0,unknown
18361,cellular,31,jul,221,2,-1,0,unknown
18362,telephone,31,jul,30,7,-1,0,unknown
18363,cellular,31,jul,216,2,-1,0,unknown
18364,cellular,31,jul,149,2,-1,0,unknown
18365,telephone,31,jul,110,8,-1,0,unknown
18366,cellular,31,jul,101,2,-1,0,unknown
18367,cellular,31,jul,49,24,-1,0,unknown
18368,cellular,31,jul,244,2,-1,0,unknown
18369,cellular,31,jul,196,4,-1,0,unknown
18370,cellular,31,jul,423,2,-1,0,unknown
18371,cellular,31,jul,74,2,-1,0,unknown
18372,cellular,31,jul,81,2,-1,0,unknown
18373,cellular,31,jul,208,2,-1,0,unknown
18374,telephone,31,jul,19,2,-1,0,unknown
18375,cellular,31,jul,126,23,-1,0,unknown
18376,cellular,31,jul,67,2,-1,0,unknown
18377,cellular,31,jul,39,2,-1,0,unknown
18378,telephone,31,jul,78,2,-1,0,unknown
18379,cellular,31,jul,129,2,-1,0,unknown
18380,cellular,31,jul,51,9,-1,0,unknown
18381,cellular,31,jul,61,2,-1,0,unknown
18382,cellular,31,jul,574,2,-1,0,unknown
18383,cellular,31,jul,86,7,-1,0,unknown
18384,telephone,31,jul,181,2,-1,0,unknown
18385,cellular,31,jul,167,2,-1,0,unknown
18386,cellular,31,jul,35,2,-1,0,unknown
18387,cellular,31,jul,203,7,-1,0,unknown
18388,cellular,31,jul,128,2,-1,0,unknown
18389,cellular,31,jul,128,2,-1,0,unknown
18390,cellular,31,jul,119,2,-1,0,unknown
18391,cellular,31,jul,234,2,-1,0,unknown
18392,cellular,31,jul,56,3,-1,0,unknown
18393,cellular,31,jul,27,22,-1,0,unknown
18394,cellular,31,jul,16,34,-1,0,unknown
18395,cellular,31,jul,46,5,-1,0,unknown
18396,telephone,31,jul,15,2,-1,0,unknown
18397,cellular,31,jul,47,2,-1,0,unknown
18398,cellular,31,jul,111,2,-1,0,unknown
18399,telephone,31,jul,144,2,-1,0,unknown
18400,telephone,31,jul,175,2,-1,0,unknown
18401,telephone,31,jul,208,7,-1,0,unknown
18402,telephone,31,jul,180,8,-1,0,unknown
18403,cellular,31,jul,307,6,-1,0,unknown
18404,cellular,31,jul,51,2,-1,0,unknown
18405,telephone,31,jul,121,2,-1,0,unknown
18406,telephone,31,jul,120,2,-1,0,unknown
18407,cellular,31,jul,114,4,-1,0,unknown
18408,cellular,31,jul,106,4,-1,0,unknown
18409,cellular,31,jul,226,6,-1,0,unknown
18410,cellular,31,jul,725,4,-1,0,unknown
18411,cellular,31,jul,105,6,-1,0,unknown
18412,cellular,31,jul,119,8,-1,0,unknown
18413,telephone,31,jul,115,6,-1,0,unknown
18414,cellular,31,jul,6,16,-1,0,unknown
18415,telephone,31,jul,67,4,-1,0,unknown
18416,telephone,31,jul,92,2,-1,0,unknown
18417,cellular,31,jul,123,4,-1,0,unknown
18418,cellular,31,jul,142,2,-1,0,unknown
18419,cellular,31,jul,22,2,-1,0,unknown
18420,cellular,31,jul,253,2,-1,0,unknown
18421,cellular,31,jul,43,2,-1,0,unknown
18422,cellular,31,jul,66,2,-1,0,unknown
18423,cellular,31,jul,57,2,-1,0,unknown
18424,cellular,31,jul,126,6,-1,0,unknown
18425,cellular,31,jul,437,2,-1,0,unknown
18426,cellular,31,jul,38,2,-1,0,unknown
18427,telephone,31,jul,77,2,-1,0,unknown
18428,cellular,31,jul,349,2,-1,0,unknown
18429,cellular,31,jul,36,2,-1,0,unknown
18430,cellular,31,jul,543,31,-1,0,unknown
18431,cellular,31,jul,114,2,-1,0,unknown
18432,cellular,31,jul,58,2,-1,0,unknown
18433,cellular,31,jul,49,2,-1,0,unknown
18434,cellular,31,jul,61,2,-1,0,unknown
18435,cellular,31,jul,11,21,-1,0,unknown
18436,telephone,31,jul,77,4,-1,0,unknown
18437,cellular,31,jul,463,6,-1,0,unknown
18438,cellular,31,jul,81,4,-1,0,unknown
18439,cellular,31,jul,122,2,-1,0,unknown
18440,cellular,31,jul,56,6,-1,0,unknown
18441,cellular,31,jul,94,2,-1,0,unknown
18442,cellular,31,jul,126,2,-1,0,unknown
18443,cellular,31,jul,118,2,-1,0,unknown
18444,cellular,31,jul,43,2,-1,0,unknown
18445,telephone,31,jul,96,6,-1,0,unknown
18446,cellular,31,jul,60,4,-1,0,unknown
18447,cellular,31,jul,662,13,-1,0,unknown
18448,cellular,31,jul,727,4,-1,0,unknown
18449,cellular,31,jul,79,2,-1,0,unknown
18450,cellular,31,jul,231,2,-1,0,unknown
18451,cellular,31,jul,49,2,-1,0,unknown
18452,cellular,31,jul,309,2,-1,0,unknown
18453,cellular,31,jul,201,2,-1,0,unknown
18454,telephone,31,jul,258,2,-1,0,unknown
18455,telephone,31,jul,240,2,-1,0,unknown
18456,telephone,31,jul,168,2,-1,0,unknown
18457,telephone,31,jul,119,11,-1,0,unknown
18458,cellular,31,jul,131,9,-1,0,unknown
18459,cellular,31,jul,156,8,-1,0,unknown
18460,telephone,31,jul,77,15,-1,0,unknown
18461,cellular,31,jul,189,4,-1,0,unknown
18462,cellular,31,jul,107,17,-1,0,unknown
18463,cellular,31,jul,122,2,-1,0,unknown
18464,telephone,31,jul,73,2,-1,0,unknown
18465,cellular,31,jul,216,4,-1,0,unknown
18466,cellular,31,jul,212,4,-1,0,unknown
18467,cellular,31,jul,148,2,-1,0,unknown
18468,cellular,31,jul,122,2,-1,0,unknown
18469,telephone,31,jul,46,4,-1,0,unknown
18470,cellular,31,jul,161,2,-1,0,unknown
18471,cellular,31,jul,52,2,-1,0,unknown
18472,cellular,31,jul,145,4,-1,0,unknown
18473,cellular,31,jul,59,2,-1,0,unknown
18474,cellular,31,jul,32,2,-1,0,unknown
18475,cellular,31,jul,52,7,-1,0,unknown
18476,cellular,31,jul,38,18,-1,0,unknown
18477,cellular,31,jul,126,2,-1,0,unknown
18478,cellular,31,jul,189,2,-1,0,unknown
18479,cellular,31,jul,547,2,-1,0,unknown
18480,cellular,31,jul,166,2,-1,0,unknown
18481,cellular,31,jul,106,2,-1,0,unknown
18482,cellular,31,jul,42,4,-1,0,unknown
18483,telephone,31,jul,45,2,-1,0,unknown
18484,cellular,31,jul,87,2,-1,0,unknown
18485,cellular,31,jul,548,2,-1,0,unknown
18486,cellular,31,jul,53,2,-1,0,unknown
18487,cellular,31,jul,88,21,-1,0,unknown
18488,cellular,31,jul,162,2,-1,0,unknown
18489,cellular,31,jul,225,2,-1,0,unknown
18490,cellular,31,jul,1107,2,-1,0,unknown
18491,cellular,31,jul,268,2,-1,0,unknown
18492,cellular,31,jul,52,5,-1,0,unknown
18493,cellular,31,jul,228,2,-1,0,unknown
18494,cellular,31,jul,83,2,-1,0,unknown
18495,cellular,31,jul,462,2,-1,0,unknown
18496,cellular,31,jul,847,14,-1,0,unknown
18497,cellular,31,jul,188,3,-1,0,unknown
18498,telephone,31,jul,80,2,-1,0,unknown
18499,cellular,31,jul,50,2,-1,0,unknown
18500,cellular,31,jul,255,2,-1,0,unknown
18501,cellular,31,jul,101,4,-1,0,unknown
18502,cellular,31,jul,245,4,-1,0,unknown
18503,cellular,31,jul,64,5,-1,0,unknown
18504,cellular,31,jul,83,4,-1,0,unknown
18505,cellular,31,jul,59,3,-1,0,unknown
18506,cellular,31,jul,548,2,-1,0,unknown
18507,cellular,31,jul,281,4,-1,0,unknown
18508,cellular,31,jul,81,4,-1,0,unknown
18509,cellular,31,jul,83,6,-1,0,unknown
18510,telephone,31,jul,35,9,-1,0,unknown
18511,cellular,31,jul,101,7,-1,0,unknown
18512,cellular,31,jul,309,4,-1,0,unknown
18513,cellular,31,jul,51,36,-1,0,unknown
18514,cellular,31,jul,158,7,-1,0,unknown
18515,cellular,31,jul,57,4,-1,0,unknown
18516,cellular,31,jul,829,4,-1,0,unknown
18517,cellular,31,jul,367,4,-1,0,unknown
18518,cellular,31,jul,612,4,-1,0,unknown
18519,telephone,31,jul,26,15,-1,0,unknown
18520,cellular,31,jul,372,2,-1,0,unknown
18521,cellular,31,jul,25,8,-1,0,unknown
18522,cellular,31,jul,184,2,-1,0,unknown
18523,cellular,31,jul,284,4,-1,0,unknown
18524,cellular,31,jul,187,2,-1,0,unknown
18525,cellular,31,jul,128,2,-1,0,unknown
18526,cellular,31,jul,171,4,-1,0,unknown
18527,cellular,31,jul,192,3,-1,0,unknown
18528,cellular,31,jul,150,4,-1,0,unknown
18529,cellular,31,jul,124,5,-1,0,unknown
18530,cellular,31,jul,249,4,-1,0,unknown
18531,cellular,31,jul,644,12,-1,0,unknown
18532,cellular,31,jul,74,4,-1,0,unknown
18533,cellular,31,jul,119,6,-1,0,unknown
18534,telephone,31,jul,88,10,-1,0,unknown
18535,cellular,31,jul,434,4,-1,0,unknown
18536,cellular,31,jul,288,2,-1,0,unknown
18537,cellular,31,jul,305,6,-1,0,unknown
18538,cellular,31,jul,109,8,-1,0,unknown
18539,cellular,31,jul,388,4,-1,0,unknown
18540,cellular,31,jul,1461,6,-1,0,unknown
18541,cellular,31,jul,155,13,-1,0,unknown
18542,telephone,31,jul,172,6,-1,0,unknown
18543,cellular,31,jul,465,4,-1,0,unknown
18544,cellular,31,jul,166,4,-1,0,unknown
18545,cellular,31,jul,716,9,-1,0,unknown
18546,telephone,31,jul,33,13,-1,0,unknown
18547,cellular,31,jul,266,11,-1,0,unknown
18548,cellular,31,jul,99,13,-1,0,unknown
18549,cellular,31,jul,228,4,-1,0,unknown
18550,telephone,31,jul,36,4,-1,0,unknown
18551,cellular,31,jul,180,5,-1,0,unknown
18552,cellular,31,jul,74,6,-1,0,unknown
18553,cellular,31,jul,249,3,-1,0,unknown
18554,cellular,31,jul,222,4,-1,0,unknown
18555,cellular,31,jul,63,21,-1,0,unknown
18556,cellular,31,jul,361,4,-1,0,unknown
18557,cellular,31,jul,294,5,-1,0,unknown
18558,cellular,31,jul,247,4,-1,0,unknown
18559,cellular,31,jul,841,4,-1,0,unknown
18560,cellular,31,jul,223,1,-1,0,unknown
18561,cellular,31,jul,786,2,-1,0,unknown
18562,cellular,31,jul,180,1,-1,0,unknown
18563,cellular,31,jul,92,3,-1,0,unknown
18564,cellular,31,jul,300,1,-1,0,unknown
18565,cellular,31,jul,66,1,-1,0,unknown
18566,cellular,31,jul,391,1,-1,0,unknown
18567,cellular,31,jul,155,3,-1,0,unknown
18568,cellular,31,jul,86,1,-1,0,unknown
18569,cellular,31,jul,81,5,-1,0,unknown
18570,cellular,31,jul,151,13,-1,0,unknown
18571,cellular,31,jul,345,1,-1,0,unknown
18572,cellular,31,jul,94,3,-1,0,unknown
18573,cellular,31,jul,843,1,-1,0,unknown
18574,cellular,31,jul,81,1,-1,0,unknown
18575,cellular,31,jul,70,1,-1,0,unknown
18576,cellular,31,jul,75,3,-1,0,unknown
18577,cellular,31,jul,292,1,-1,0,unknown
18578,cellular,31,jul,107,15,-1,0,unknown
18579,cellular,31,jul,198,3,-1,0,unknown
18580,cellular,31,jul,81,3,-1,0,unknown
18581,cellular,31,jul,73,1,-1,0,unknown
18582,cellular,31,jul,241,4,-1,0,unknown
18583,cellular,31,jul,297,1,-1,0,unknown
18584,cellular,31,jul,1739,7,-1,0,unknown
18585,telephone,31,jul,345,1,-1,0,unknown
18586,cellular,31,jul,166,1,-1,0,unknown
18587,telephone,31,jul,28,1,-1,0,unknown
18588,cellular,31,jul,119,1,-1,0,unknown
18589,cellular,31,jul,209,1,-1,0,unknown
18590,telephone,31,jul,733,1,-1,0,unknown
18591,cellular,31,jul,44,5,-1,0,unknown
18592,cellular,31,jul,18,33,-1,0,unknown
18593,telephone,31,jul,444,6,-1,0,unknown
18594,cellular,31,jul,744,8,-1,0,unknown
18595,cellular,31,jul,196,4,-1,0,unknown
18596,telephone,31,jul,190,4,-1,0,unknown
18597,cellular,31,jul,245,5,-1,0,unknown
18598,cellular,31,jul,22,4,-1,0,unknown
18599,telephone,31,jul,13,16,-1,0,unknown
18600,cellular,31,jul,22,27,-1,0,unknown
18601,cellular,31,jul,59,2,-1,0,unknown
18602,telephone,31,jul,27,16,-1,0,unknown
18603,cellular,31,jul,25,36,-1,0,unknown
18604,cellular,31,jul,108,13,-1,0,unknown
18605,cellular,31,jul,134,2,-1,0,unknown
18606,cellular,31,jul,58,2,-1,0,unknown
18607,cellular,31,jul,32,21,-1,0,unknown
18608,cellular,31,jul,88,14,-1,0,unknown
18609,telephone,31,jul,91,4,-1,0,unknown
18610,cellular,31,jul,90,5,-1,0,unknown
18611,telephone,31,jul,37,7,-1,0,unknown
18612,cellular,31,jul,20,31,-1,0,unknown
18613,cellular,31,jul,18,22,-1,0,unknown
18614,cellular,31,jul,88,5,-1,0,unknown
18615,cellular,31,jul,66,34,-1,0,unknown
18616,cellular,31,jul,33,39,-1,0,unknown
18617,telephone,31,jul,18,9,-1,0,unknown
18618,cellular,31,jul,11,20,-1,0,unknown
18619,cellular,31,jul,64,20,-1,0,unknown
18620,cellular,31,jul,70,3,-1,0,unknown
18621,cellular,31,jul,37,20,-1,0,unknown
18622,telephone,31,jul,51,21,-1,0,unknown
18623,cellular,31,jul,24,18,-1,0,unknown
18624,cellular,31,jul,21,2,-1,0,unknown
18625,cellular,31,jul,1212,4,-1,0,unknown
18626,cellular,31,jul,20,3,-1,0,unknown
18627,cellular,31,jul,294,3,-1,0,unknown
18628,telephone,31,jul,65,4,-1,0,unknown
18629,cellular,31,jul,162,5,-1,0,unknown
18630,cellular,31,jul,70,5,-1,0,unknown
18631,cellular,31,jul,69,27,-1,0,unknown
18632,cellular,31,jul,12,22,-1,0,unknown
18633,cellular,31,jul,77,3,-1,0,unknown
18634,cellular,31,jul,17,28,-1,0,unknown
18635,cellular,31,jul,632,18,-1,0,unknown
18636,cellular,31,jul,393,3,-1,0,unknown
18637,cellular,31,jul,12,28,-1,0,unknown
18638,telephone,31,jul,14,20,-1,0,unknown
18639,cellular,31,jul,22,7,-1,0,unknown
18640,telephone,31,jul,454,19,-1,0,unknown
18641,cellular,31,jul,10,3,-1,0,unknown
18642,cellular,31,jul,89,5,-1,0,unknown
18643,cellular,31,jul,11,3,-1,0,unknown
18644,telephone,31,jul,166,8,-1,0,unknown
18645,telephone,31,jul,37,33,-1,0,unknown
18646,cellular,31,jul,48,3,-1,0,unknown
18647,cellular,31,jul,67,3,-1,0,unknown
18648,cellular,31,jul,58,6,-1,0,unknown
18649,telephone,31,jul,40,3,-1,0,unknown
18650,cellular,31,jul,350,5,-1,0,unknown
18651,cellular,31,jul,195,3,-1,0,unknown
18652,cellular,31,jul,8,27,-1,0,unknown
18653,cellular,31,jul,74,2,-1,0,unknown
18654,cellular,31,jul,164,3,-1,0,unknown
18655,cellular,31,jul,109,5,-1,0,unknown
18656,telephone,31,jul,55,7,-1,0,unknown
18657,cellular,31,jul,126,5,-1,0,unknown
18658,cellular,31,jul,17,20,-1,0,unknown
18659,cellular,31,jul,530,3,-1,0,unknown
18660,cellular,31,jul,16,43,-1,0,unknown
18661,cellular,31,jul,14,32,-1,0,unknown
18662,cellular,31,jul,27,2,-1,0,unknown
18663,cellular,31,jul,153,20,-1,0,unknown
18664,cellular,31,jul,369,5,-1,0,unknown
18665,cellular,31,jul,88,3,-1,0,unknown
18666,cellular,31,jul,69,3,-1,0,unknown
18667,telephone,31,jul,43,34,-1,0,unknown
18668,cellular,31,jul,8,23,-1,0,unknown
18669,cellular,31,jul,7,2,-1,0,unknown
18670,cellular,31,jul,106,31,-1,0,unknown
18671,cellular,31,jul,255,2,-1,0,unknown
18672,cellular,31,jul,84,2,-1,0,unknown
18673,telephone,31,jul,251,5,-1,0,unknown
18674,cellular,31,jul,138,3,-1,0,unknown
18675,cellular,31,jul,30,36,-1,0,unknown
18676,cellular,31,jul,70,13,-1,0,unknown
18677,cellular,31,jul,68,5,-1,0,unknown
18678,cellular,31,jul,21,17,-1,0,unknown
18679,cellular,31,jul,9,19,-1,0,unknown
18680,telephone,31,jul,56,9,-1,0,unknown
18681,telephone,31,jul,16,4,-1,0,unknown
18682,telephone,31,jul,237,9,-1,0,unknown
18683,cellular,31,jul,58,4,-1,0,unknown
18684,cellular,31,jul,36,6,-1,0,unknown
18685,cellular,31,jul,115,5,-1,0,unknown
18686,cellular,31,jul,56,30,-1,0,unknown
18687,cellular,31,jul,189,3,-1,0,unknown
18688,telephone,31,jul,114,6,-1,0,unknown
18689,cellular,31,jul,213,3,-1,0,unknown
18690,cellular,31,jul,122,9,-1,0,unknown
18691,cellular,31,jul,368,7,-1,0,unknown
18692,cellular,31,jul,99,4,-1,0,unknown
18693,telephone,31,jul,21,24,-1,0,unknown
18694,cellular,31,jul,1007,9,-1,0,unknown
18695,cellular,31,jul,135,3,-1,0,unknown
18696,cellular,31,jul,58,36,-1,0,unknown
18697,cellular,31,jul,35,29,-1,0,unknown
18698,telephone,31,jul,14,29,-1,0,unknown
18699,cellular,31,jul,48,4,-1,0,unknown
18700,cellular,31,jul,68,2,-1,0,unknown
18701,telephone,31,jul,22,5,-1,0,unknown
18702,telephone,31,jul,5,3,-1,0,unknown
18703,cellular,31,jul,35,16,-1,0,unknown
18704,telephone,31,jul,21,38,-1,0,unknown
18705,cellular,31,jul,5,3,-1,0,unknown
18706,telephone,31,jul,6,2,-1,0,unknown
18707,cellular,31,jul,40,10,-1,0,unknown
18708,telephone,31,jul,7,3,-1,0,unknown
18709,cellular,31,jul,46,28,-1,0,unknown
18710,cellular,31,jul,39,10,-1,0,unknown
18711,telephone,31,jul,350,15,-1,0,unknown
18712,telephone,31,jul,7,4,-1,0,unknown
18713,cellular,31,jul,65,50,-1,0,unknown
18714,cellular,31,jul,37,10,-1,0,unknown
18715,cellular,31,jul,470,4,-1,0,unknown
18716,cellular,31,jul,124,10,-1,0,unknown
18717,cellular,31,jul,576,10,-1,0,unknown
18718,cellular,31,jul,10,6,-1,0,unknown
18719,cellular,31,jul,101,10,-1,0,unknown
18720,cellular,31,jul,108,5,-1,0,unknown
18721,cellular,31,jul,67,6,-1,0,unknown
18722,telephone,31,jul,58,13,-1,0,unknown
18723,cellular,31,jul,113,6,-1,0,unknown
18724,cellular,31,jul,40,29,-1,0,unknown
18725,telephone,31,jul,16,9,-1,0,unknown
18726,cellular,31,jul,71,4,-1,0,unknown
18727,telephone,31,jul,10,2,-1,0,unknown
18728,telephone,31,jul,94,15,-1,0,unknown
18729,cellular,31,jul,24,16,-1,0,unknown
18730,cellular,31,jul,18,7,-1,0,unknown
18731,cellular,31,jul,77,5,-1,0,unknown
18732,cellular,31,jul,747,4,-1,0,unknown
18733,cellular,31,jul,299,3,-1,0,unknown
18734,telephone,31,jul,25,8,-1,0,unknown
18735,telephone,31,jul,42,5,-1,0,unknown
18736,telephone,31,jul,1039,9,-1,0,unknown
18737,cellular,31,jul,40,10,-1,0,unknown
18738,cellular,31,jul,10,22,-1,0,unknown
18739,cellular,31,jul,9,23,-1,0,unknown
18740,cellular,31,jul,70,29,-1,0,unknown
18741,cellular,31,jul,92,4,-1,0,unknown
18742,telephone,31,jul,130,8,-1,0,unknown
18743,cellular,31,jul,644,2,-1,0,unknown
18744,cellular,31,jul,18,44,-1,0,unknown
18745,cellular,31,jul,38,25,-1,0,unknown
18746,cellular,31,jul,83,4,-1,0,unknown
18747,cellular,31,jul,8,17,-1,0,unknown
18748,cellular,31,jul,28,5,-1,0,unknown
18749,cellular,31,jul,14,35,-1,0,unknown
18750,cellular,31,jul,8,30,-1,0,unknown
18751,telephone,31,jul,214,3,-1,0,unknown
18752,cellular,31,jul,258,8,-1,0,unknown
18753,cellular,31,jul,120,3,-1,0,unknown
18754,cellular,31,jul,248,5,-1,0,unknown
18755,cellular,31,jul,536,8,-1,0,unknown
18756,cellular,31,jul,18,15,-1,0,unknown
18757,cellular,31,jul,30,13,-1,0,unknown
18758,cellular,31,jul,90,13,-1,0,unknown
18759,cellular,31,jul,11,5,-1,0,unknown
18760,cellular,31,jul,78,23,-1,0,unknown
18761,telephone,31,jul,50,7,-1,0,unknown
18762,cellular,31,jul,61,4,-1,0,unknown
18763,cellular,31,jul,33,14,-1,0,unknown
18764,telephone,31,jul,9,16,-1,0,unknown
18765,cellular,31,jul,5,2,-1,0,unknown
18766,telephone,31,jul,29,4,-1,0,unknown
18767,cellular,31,jul,5,3,-1,0,unknown
18768,cellular,31,jul,12,10,-1,0,unknown
18769,cellular,31,jul,68,3,-1,0,unknown
18770,telephone,31,jul,182,6,-1,0,unknown
18771,cellular,31,jul,1142,5,-1,0,unknown
18772,cellular,31,jul,544,5,-1,0,unknown
18773,cellular,31,jul,22,8,-1,0,unknown
18774,telephone,31,jul,576,20,-1,0,unknown
18775,cellular,31,jul,6,13,-1,0,unknown
18776,cellular,31,jul,420,9,-1,0,unknown
18777,cellular,31,jul,55,17,-1,0,unknown
18778,telephone,31,jul,15,25,-1,0,unknown
18779,cellular,31,jul,76,5,-1,0,unknown
18780,cellular,31,jul,1721,5,-1,0,unknown
18781,cellular,31,jul,137,6,-1,0,unknown
18782,cellular,31,jul,34,32,-1,0,unknown
18783,telephone,31,jul,39,3,-1,0,unknown
18784,cellular,31,jul,85,3,-1,0,unknown
18785,telephone,31,jul,31,3,-1,0,unknown
18786,cellular,31,jul,12,3,-1,0,unknown
18787,cellular,31,jul,9,31,-1,0,unknown
18788,cellular,31,jul,57,34,-1,0,unknown
18789,cellular,31,jul,43,3,-1,0,unknown
18790,cellular,31,jul,45,3,-1,0,unknown
18791,cellular,31,jul,22,8,-1,0,unknown
18792,cellular,31,jul,84,7,-1,0,unknown
18793,cellular,31,jul,17,3,-1,0,unknown
18794,telephone,31,jul,77,13,-1,0,unknown
18795,cellular,31,jul,28,25,-1,0,unknown
18796,cellular,31,jul,34,5,-1,0,unknown
18797,cellular,31,jul,48,3,-1,0,unknown
18798,telephone,31,jul,29,16,-1,0,unknown
18799,cellular,31,jul,27,17,-1,0,unknown
18800,cellular,31,jul,652,7,-1,0,unknown
18801,cellular,31,jul,110,3,-1,0,unknown
18802,cellular,31,jul,19,13,-1,0,unknown
18803,telephone,31,jul,41,6,-1,0,unknown
18804,cellular,31,jul,6,10,-1,0,unknown
18805,cellular,31,jul,9,10,-1,0,unknown
18806,cellular,31,jul,12,5,-1,0,unknown
18807,cellular,31,jul,14,6,-1,0,unknown
18808,cellular,31,jul,143,4,-1,0,unknown
18809,telephone,31,jul,11,6,-1,0,unknown
18810,telephone,31,jul,35,11,-1,0,unknown
18811,telephone,31,jul,1032,4,-1,0,unknown
18812,cellular,31,jul,153,4,-1,0,unknown
18813,cellular,31,jul,73,8,-1,0,unknown
18814,telephone,31,jul,135,3,-1,0,unknown
18815,cellular,31,jul,50,11,-1,0,unknown
18816,cellular,31,jul,45,29,-1,0,unknown
18817,cellular,31,jul,7,22,-1,0,unknown
18818,cellular,31,jul,107,3,-1,0,unknown
18819,cellular,31,jul,127,4,-1,0,unknown
18820,cellular,31,jul,16,27,-1,0,unknown
18821,cellular,31,jul,29,10,-1,0,unknown
18822,cellular,31,jul,649,3,-1,0,unknown
18823,cellular,4,aug,148,1,-1,0,unknown
18824,cellular,4,aug,78,1,-1,0,unknown
18825,cellular,4,aug,124,1,-1,0,unknown
18826,cellular,4,aug,491,1,-1,0,unknown
18827,cellular,4,aug,156,1,-1,0,unknown
18828,cellular,4,aug,160,1,-1,0,unknown
18829,cellular,4,aug,531,1,-1,0,unknown
18830,cellular,4,aug,75,1,-1,0,unknown
18831,cellular,4,aug,74,1,-1,0,unknown
18832,cellular,4,aug,272,1,-1,0,unknown
18833,cellular,4,aug,222,1,-1,0,unknown
18834,cellular,4,aug,311,1,-1,0,unknown
18835,cellular,4,aug,163,1,-1,0,unknown
18836,cellular,4,aug,89,1,-1,0,unknown
18837,cellular,4,aug,53,1,-1,0,unknown
18838,cellular,4,aug,71,1,-1,0,unknown
18839,cellular,4,aug,96,1,-1,0,unknown
18840,cellular,4,aug,227,1,-1,0,unknown
18841,cellular,4,aug,81,1,-1,0,unknown
18842,cellular,4,aug,59,1,-1,0,unknown
18843,cellular,4,aug,436,1,-1,0,unknown
18844,cellular,4,aug,157,1,-1,0,unknown
18845,cellular,4,aug,498,1,-1,0,unknown
18846,cellular,4,aug,240,1,-1,0,unknown
18847,cellular,4,aug,147,1,-1,0,unknown
18848,cellular,4,aug,846,1,-1,0,unknown
18849,cellular,4,aug,164,1,-1,0,unknown
18850,cellular,4,aug,117,1,-1,0,unknown
18851,cellular,4,aug,209,1,-1,0,unknown
18852,cellular,4,aug,160,1,-1,0,unknown
18853,cellular,4,aug,53,1,-1,0,unknown
18854,cellular,4,aug,243,1,-1,0,unknown
18855,cellular,4,aug,103,1,-1,0,unknown
18856,cellular,4,aug,629,1,-1,0,unknown
18857,cellular,4,aug,79,1,-1,0,unknown
18858,cellular,4,aug,148,1,-1,0,unknown
18859,cellular,4,aug,70,1,-1,0,unknown
18860,cellular,4,aug,869,1,-1,0,unknown
18861,cellular,4,aug,68,1,-1,0,unknown
18862,cellular,4,aug,157,1,-1,0,unknown
18863,unknown,4,aug,94,1,-1,0,unknown
18864,cellular,4,aug,149,1,-1,0,unknown
18865,cellular,4,aug,151,1,-1,0,unknown
18866,cellular,4,aug,302,2,-1,0,unknown
18867,cellular,4,aug,408,1,-1,0,unknown
18868,cellular,4,aug,270,1,-1,0,unknown
18869,cellular,4,aug,139,1,-1,0,unknown
18870,cellular,4,aug,148,1,-1,0,unknown
18871,cellular,4,aug,73,1,-1,0,unknown
18872,cellular,4,aug,136,2,-1,0,unknown
18873,unknown,4,aug,130,1,-1,0,unknown
18874,cellular,4,aug,167,2,-1,0,unknown
18875,cellular,4,aug,252,1,-1,0,unknown
18876,cellular,4,aug,144,1,-1,0,unknown
18877,cellular,4,aug,174,1,-1,0,unknown
18878,cellular,4,aug,39,1,-1,0,unknown
18879,cellular,4,aug,142,2,-1,0,unknown
18880,cellular,4,aug,340,1,-1,0,unknown
18881,cellular,4,aug,86,1,-1,0,unknown
18882,cellular,4,aug,417,1,-1,0,unknown
18883,cellular,4,aug,119,2,-1,0,unknown
18884,cellular,4,aug,870,1,-1,0,unknown
18885,cellular,4,aug,200,1,-1,0,unknown
18886,cellular,4,aug,121,2,-1,0,unknown
18887,cellular,4,aug,272,1,-1,0,unknown
18888,cellular,4,aug,145,1,-1,0,unknown
18889,cellular,4,aug,200,1,-1,0,unknown
18890,cellular,4,aug,343,1,-1,0,unknown
18891,cellular,4,aug,96,1,-1,0,unknown
18892,telephone,4,aug,152,2,-1,0,unknown
18893,cellular,4,aug,134,1,-1,0,unknown
18894,cellular,4,aug,1165,1,-1,0,unknown
18895,cellular,4,aug,329,1,-1,0,unknown
18896,cellular,4,aug,81,1,-1,0,unknown
18897,cellular,4,aug,198,1,-1,0,unknown
18898,cellular,4,aug,93,1,-1,0,unknown
18899,cellular,4,aug,307,1,-1,0,unknown
18900,unknown,4,aug,64,1,-1,0,unknown
18901,cellular,4,aug,138,1,-1,0,unknown
18902,cellular,4,aug,79,1,-1,0,unknown
18903,cellular,4,aug,58,1,-1,0,unknown
18904,cellular,4,aug,68,1,-1,0,unknown
18905,cellular,4,aug,226,1,-1,0,unknown
18906,cellular,4,aug,413,1,-1,0,unknown
18907,cellular,4,aug,679,1,-1,0,unknown
18908,cellular,4,aug,160,1,-1,0,unknown
18909,cellular,4,aug,315,1,-1,0,unknown
18910,cellular,4,aug,20,4,-1,0,unknown
18911,cellular,4,aug,282,2,-1,0,unknown
18912,cellular,4,aug,488,2,-1,0,unknown
18913,cellular,4,aug,824,2,-1,0,unknown
18914,cellular,4,aug,506,1,-1,0,unknown
18915,cellular,4,aug,166,2,-1,0,unknown
18916,cellular,4,aug,134,2,-1,0,unknown
18917,cellular,4,aug,432,1,-1,0,unknown
18918,cellular,4,aug,295,1,-1,0,unknown
18919,cellular,4,aug,1110,1,-1,0,unknown
18920,cellular,4,aug,184,1,-1,0,unknown
18921,cellular,4,aug,166,2,-1,0,unknown
18922,cellular,4,aug,422,1,-1,0,unknown
18923,cellular,4,aug,266,2,-1,0,unknown
18924,cellular,4,aug,46,1,-1,0,unknown
18925,cellular,4,aug,143,1,-1,0,unknown
18926,cellular,4,aug,226,1,-1,0,unknown
18927,cellular,4,aug,454,1,-1,0,unknown
18928,cellular,4,aug,416,2,-1,0,unknown
18929,cellular,4,aug,69,2,-1,0,unknown
18930,cellular,4,aug,155,1,-1,0,unknown
18931,cellular,4,aug,115,1,-1,0,unknown
18932,cellular,4,aug,68,1,-1,0,unknown
18933,cellular,4,aug,122,1,-1,0,unknown
18934,cellular,4,aug,204,2,-1,0,unknown
18935,cellular,4,aug,273,1,-1,0,unknown
18936,cellular,4,aug,653,2,-1,0,unknown
18937,cellular,4,aug,226,1,-1,0,unknown
18938,cellular,4,aug,255,1,-1,0,unknown
18939,cellular,4,aug,149,1,-1,0,unknown
18940,cellular,4,aug,58,2,-1,0,unknown
18941,cellular,4,aug,86,4,-1,0,unknown
18942,cellular,4,aug,91,1,-1,0,unknown
18943,cellular,4,aug,108,1,-1,0,unknown
18944,cellular,4,aug,112,1,-1,0,unknown
18945,cellular,4,aug,104,1,-1,0,unknown
18946,cellular,4,aug,165,2,-1,0,unknown
18947,cellular,4,aug,357,2,-1,0,unknown
18948,cellular,4,aug,282,1,-1,0,unknown
18949,cellular,4,aug,144,3,-1,0,unknown
18950,cellular,4,aug,341,2,-1,0,unknown
18951,cellular,4,aug,115,1,-1,0,unknown
18952,cellular,4,aug,121,1,-1,0,unknown
18953,cellular,4,aug,322,1,-1,0,unknown
18954,cellular,4,aug,154,2,-1,0,unknown
18955,cellular,4,aug,333,1,-1,0,unknown
18956,cellular,4,aug,1486,1,-1,0,unknown
18957,cellular,4,aug,143,1,-1,0,unknown
18958,cellular,4,aug,135,3,-1,0,unknown
18959,cellular,4,aug,182,3,-1,0,unknown
18960,cellular,4,aug,173,2,-1,0,unknown
18961,cellular,4,aug,136,3,-1,0,unknown
18962,cellular,4,aug,328,2,-1,0,unknown
18963,cellular,4,aug,378,2,-1,0,unknown
18964,cellular,4,aug,230,1,-1,0,unknown
18965,cellular,4,aug,958,2,-1,0,unknown
18966,cellular,4,aug,99,2,-1,0,unknown
18967,cellular,4,aug,190,1,-1,0,unknown
18968,cellular,4,aug,170,2,-1,0,unknown
18969,cellular,4,aug,151,1,-1,0,unknown
18970,cellular,4,aug,190,3,-1,0,unknown
18971,cellular,4,aug,110,2,-1,0,unknown
18972,cellular,4,aug,281,3,-1,0,unknown
18973,cellular,4,aug,376,2,-1,0,unknown
18974,cellular,4,aug,67,8,-1,0,unknown
18975,cellular,4,aug,389,2,-1,0,unknown
18976,cellular,4,aug,91,2,-1,0,unknown
18977,cellular,4,aug,368,2,-1,0,unknown
18978,cellular,4,aug,299,2,-1,0,unknown
18979,cellular,4,aug,144,2,-1,0,unknown
18980,cellular,4,aug,146,3,-1,0,unknown
18981,cellular,4,aug,370,2,-1,0,unknown
18982,cellular,4,aug,230,3,-1,0,unknown
18983,cellular,4,aug,686,2,-1,0,unknown
18984,cellular,4,aug,597,2,-1,0,unknown
18985,cellular,4,aug,441,2,-1,0,unknown
18986,cellular,4,aug,857,2,-1,0,unknown
18987,cellular,4,aug,753,2,-1,0,unknown
18988,cellular,4,aug,410,4,-1,0,unknown
18989,cellular,4,aug,430,2,-1,0,unknown
18990,cellular,4,aug,251,3,-1,0,unknown
18991,cellular,4,aug,357,3,-1,0,unknown
18992,cellular,4,aug,211,3,-1,0,unknown
18993,cellular,4,aug,1488,2,-1,0,unknown
18994,cellular,4,aug,114,2,-1,0,unknown
18995,cellular,4,aug,428,2,-1,0,unknown
18996,cellular,5,aug,81,2,-1,0,unknown
18997,cellular,5,aug,133,2,-1,0,unknown
18998,cellular,5,aug,142,2,-1,0,unknown
18999,cellular,5,aug,603,3,-1,0,unknown
19000,cellular,5,aug,250,2,-1,0,unknown
19001,cellular,5,aug,125,3,-1,0,unknown
19002,cellular,5,aug,201,2,-1,0,unknown
19003,cellular,5,aug,377,3,-1,0,unknown
19004,cellular,5,aug,641,2,-1,0,unknown
19005,cellular,5,aug,98,1,-1,0,unknown
19006,cellular,5,aug,837,2,-1,0,unknown
19007,cellular,5,aug,222,1,-1,0,unknown
19008,cellular,5,aug,117,1,-1,0,unknown
19009,cellular,5,aug,314,1,-1,0,unknown
19010,cellular,5,aug,553,1,-1,0,unknown
19011,cellular,5,aug,114,1,-1,0,unknown
19012,cellular,5,aug,122,1,-1,0,unknown
19013,cellular,5,aug,306,1,-1,0,unknown
19014,cellular,5,aug,91,1,-1,0,unknown
19015,cellular,5,aug,36,1,-1,0,unknown
19016,cellular,5,aug,422,1,-1,0,unknown
19017,cellular,5,aug,537,1,-1,0,unknown
19018,cellular,5,aug,794,1,-1,0,unknown
19019,cellular,5,aug,145,1,-1,0,unknown
19020,cellular,5,aug,139,1,-1,0,unknown
19021,cellular,5,aug,241,1,-1,0,unknown
19022,cellular,5,aug,836,1,-1,0,unknown
19023,cellular,5,aug,269,1,-1,0,unknown
19024,cellular,5,aug,67,1,-1,0,unknown
19025,cellular,5,aug,148,1,-1,0,unknown
19026,cellular,5,aug,448,1,-1,0,unknown
19027,cellular,5,aug,162,1,-1,0,unknown
19028,cellular,5,aug,335,3,-1,0,unknown
19029,cellular,5,aug,140,1,-1,0,unknown
19030,cellular,5,aug,86,1,-1,0,unknown
19031,cellular,5,aug,224,1,-1,0,unknown
19032,cellular,5,aug,171,2,-1,0,unknown
19033,cellular,5,aug,67,1,-1,0,unknown
19034,cellular,5,aug,356,1,-1,0,unknown
19035,cellular,5,aug,130,2,-1,0,unknown
19036,cellular,5,aug,261,1,-1,0,unknown
19037,cellular,5,aug,1134,1,-1,0,unknown
19038,cellular,5,aug,155,1,-1,0,unknown
19039,cellular,5,aug,281,1,-1,0,unknown
19040,cellular,5,aug,113,2,-1,0,unknown
19041,cellular,5,aug,164,3,-1,0,unknown
19042,cellular,5,aug,91,5,-1,0,unknown
19043,cellular,5,aug,409,1,-1,0,unknown
19044,cellular,5,aug,1109,2,-1,0,unknown
19045,cellular,5,aug,607,3,-1,0,unknown
19046,cellular,5,aug,328,1,-1,0,unknown
19047,cellular,5,aug,88,1,-1,0,unknown
19048,cellular,5,aug,175,1,-1,0,unknown
19049,cellular,5,aug,124,1,-1,0,unknown
19050,cellular,5,aug,146,1,-1,0,unknown
19051,cellular,5,aug,97,1,-1,0,unknown
19052,cellular,5,aug,454,1,-1,0,unknown
19053,cellular,5,aug,54,1,-1,0,unknown
19054,cellular,5,aug,109,1,-1,0,unknown
19055,cellular,5,aug,114,1,-1,0,unknown
19056,cellular,5,aug,268,2,-1,0,unknown
19057,cellular,5,aug,115,1,-1,0,unknown
19058,cellular,5,aug,348,1,-1,0,unknown
19059,cellular,5,aug,155,1,-1,0,unknown
19060,cellular,5,aug,1536,1,-1,0,unknown
19061,cellular,5,aug,166,1,-1,0,unknown
19062,telephone,5,aug,1186,4,-1,0,unknown
19063,cellular,5,aug,197,1,-1,0,unknown
19064,cellular,5,aug,198,1,-1,0,unknown
19065,cellular,5,aug,111,1,-1,0,unknown
19066,cellular,5,aug,515,3,-1,0,unknown
19067,cellular,5,aug,123,1,-1,0,unknown
19068,cellular,5,aug,222,1,-1,0,unknown
19069,cellular,5,aug,790,1,-1,0,unknown
19070,cellular,5,aug,142,1,-1,0,unknown
19071,cellular,5,aug,122,1,-1,0,unknown
19072,cellular,5,aug,163,1,-1,0,unknown
19073,cellular,5,aug,183,1,-1,0,unknown
19074,cellular,5,aug,157,1,-1,0,unknown
19075,cellular,5,aug,406,1,-1,0,unknown
19076,cellular,5,aug,196,1,-1,0,unknown
19077,cellular,5,aug,159,1,-1,0,unknown
19078,cellular,5,aug,297,1,-1,0,unknown
19079,cellular,5,aug,229,2,-1,0,unknown
19080,cellular,5,aug,138,1,-1,0,unknown
19081,cellular,5,aug,231,1,-1,0,unknown
19082,cellular,5,aug,105,1,-1,0,unknown
19083,cellular,5,aug,238,2,-1,0,unknown
19084,cellular,5,aug,278,1,-1,0,unknown
19085,cellular,5,aug,264,2,-1,0,unknown
19086,cellular,5,aug,156,1,-1,0,unknown
19087,cellular,5,aug,68,1,-1,0,unknown
19088,cellular,5,aug,156,1,-1,0,unknown
19089,cellular,5,aug,286,1,-1,0,unknown
19090,cellular,5,aug,334,2,-1,0,unknown
19091,cellular,5,aug,95,2,-1,0,unknown
19092,cellular,5,aug,148,2,-1,0,unknown
19093,cellular,5,aug,124,4,-1,0,unknown
19094,cellular,5,aug,1092,1,-1,0,unknown
19095,cellular,5,aug,104,3,-1,0,unknown
19096,cellular,5,aug,195,2,-1,0,unknown
19097,cellular,5,aug,56,2,-1,0,unknown
19098,cellular,5,aug,297,1,-1,0,unknown
19099,cellular,5,aug,720,2,-1,0,unknown
19100,cellular,5,aug,231,1,-1,0,unknown
19101,cellular,5,aug,126,1,-1,0,unknown
19102,cellular,5,aug,67,4,-1,0,unknown
19103,cellular,5,aug,54,3,-1,0,unknown
19104,cellular,5,aug,202,1,-1,0,unknown
19105,cellular,5,aug,149,2,-1,0,unknown
19106,cellular,5,aug,683,2,-1,0,unknown
19107,cellular,5,aug,168,3,-1,0,unknown
19108,cellular,5,aug,203,2,-1,0,unknown
19109,cellular,5,aug,92,2,-1,0,unknown
19110,cellular,5,aug,176,1,-1,0,unknown
19111,cellular,5,aug,66,2,-1,0,unknown
19112,cellular,5,aug,935,1,-1,0,unknown
19113,cellular,5,aug,165,1,-1,0,unknown
19114,cellular,5,aug,1051,2,-1,0,unknown
19115,cellular,5,aug,493,1,-1,0,unknown
19116,cellular,5,aug,97,1,-1,0,unknown
19117,cellular,5,aug,1200,2,-1,0,unknown
19118,cellular,5,aug,176,2,-1,0,unknown
19119,cellular,5,aug,531,3,-1,0,unknown
19120,cellular,5,aug,231,2,-1,0,unknown
19121,cellular,5,aug,187,2,-1,0,unknown
19122,cellular,5,aug,141,2,-1,0,unknown
19123,cellular,5,aug,414,2,-1,0,unknown
19124,cellular,5,aug,143,3,-1,0,unknown
19125,cellular,5,aug,295,2,-1,0,unknown
19126,cellular,5,aug,68,2,-1,0,unknown
19127,cellular,5,aug,123,2,-1,0,unknown
19128,cellular,5,aug,766,2,-1,0,unknown
19129,cellular,5,aug,27,3,-1,0,unknown
19130,cellular,5,aug,229,2,-1,0,unknown
19131,cellular,5,aug,112,2,-1,0,unknown
19132,cellular,5,aug,104,1,-1,0,unknown
19133,cellular,5,aug,409,1,-1,0,unknown
19134,cellular,5,aug,1311,2,-1,0,unknown
19135,cellular,5,aug,223,1,-1,0,unknown
19136,cellular,5,aug,292,1,-1,0,unknown
19137,cellular,5,aug,166,2,-1,0,unknown
19138,cellular,5,aug,77,1,-1,0,unknown
19139,cellular,5,aug,287,1,-1,0,unknown
19140,cellular,5,aug,100,3,-1,0,unknown
19141,cellular,5,aug,109,4,-1,0,unknown
19142,cellular,5,aug,291,1,-1,0,unknown
19143,cellular,5,aug,307,1,-1,0,unknown
19144,cellular,5,aug,33,4,-1,0,unknown
19145,cellular,5,aug,239,1,-1,0,unknown
19146,cellular,5,aug,318,2,-1,0,unknown
19147,cellular,5,aug,80,1,-1,0,unknown
19148,cellular,5,aug,193,2,-1,0,unknown
19149,cellular,5,aug,153,1,-1,0,unknown
19150,cellular,5,aug,1113,1,-1,0,unknown
19151,cellular,5,aug,203,1,-1,0,unknown
19152,cellular,5,aug,344,1,-1,0,unknown
19153,cellular,5,aug,197,1,-1,0,unknown
19154,cellular,5,aug,155,3,-1,0,unknown
19155,cellular,5,aug,618,2,-1,0,unknown
19156,cellular,5,aug,196,2,-1,0,unknown
19157,cellular,5,aug,875,2,-1,0,unknown
19158,cellular,5,aug,445,3,-1,0,unknown
19159,cellular,5,aug,504,2,-1,0,unknown
19160,cellular,5,aug,425,2,-1,0,unknown
19161,cellular,5,aug,134,2,-1,0,unknown
19162,cellular,5,aug,56,2,-1,0,unknown
19163,cellular,5,aug,121,3,-1,0,unknown
19164,cellular,5,aug,214,3,-1,0,unknown
19165,cellular,5,aug,129,4,-1,0,unknown
19166,cellular,5,aug,211,2,-1,0,unknown
19167,cellular,5,aug,513,2,-1,0,unknown
19168,cellular,5,aug,371,3,-1,0,unknown
19169,cellular,5,aug,419,3,-1,0,unknown
19170,cellular,5,aug,210,2,-1,0,unknown
19171,cellular,5,aug,459,2,-1,0,unknown
19172,cellular,5,aug,648,2,-1,0,unknown
19173,cellular,5,aug,592,2,-1,0,unknown
19174,cellular,5,aug,263,2,-1,0,unknown
19175,cellular,5,aug,37,2,-1,0,unknown
19176,cellular,5,aug,332,2,-1,0,unknown
19177,cellular,5,aug,131,2,-1,0,unknown
19178,cellular,5,aug,1227,2,-1,0,unknown
19179,cellular,5,aug,608,2,-1,0,unknown
19180,cellular,5,aug,203,2,-1,0,unknown
19181,cellular,5,aug,295,2,-1,0,unknown
19182,cellular,5,aug,178,4,-1,0,unknown
19183,cellular,5,aug,371,2,-1,0,unknown
19184,cellular,5,aug,147,2,-1,0,unknown
19185,cellular,5,aug,307,4,-1,0,unknown
19186,cellular,5,aug,109,2,-1,0,unknown
19187,cellular,5,aug,78,2,-1,0,unknown
19188,cellular,5,aug,996,2,-1,0,unknown
19189,cellular,6,aug,157,4,-1,0,unknown
19190,cellular,6,aug,92,6,-1,0,unknown
19191,cellular,6,aug,115,4,-1,0,unknown
19192,cellular,6,aug,78,4,-1,0,unknown
19193,telephone,6,aug,116,6,-1,0,unknown
19194,cellular,6,aug,314,6,-1,0,unknown
19195,cellular,6,aug,91,4,-1,0,unknown
19196,cellular,6,aug,91,3,-1,0,unknown
19197,cellular,6,aug,384,6,-1,0,unknown
19198,cellular,6,aug,46,4,-1,0,unknown
19199,cellular,6,aug,212,3,-1,0,unknown
19200,cellular,6,aug,139,8,-1,0,unknown
19201,cellular,6,aug,1357,4,-1,0,unknown
19202,cellular,6,aug,66,7,-1,0,unknown
19203,cellular,6,aug,125,3,-1,0,unknown
19204,cellular,6,aug,376,3,-1,0,unknown
19205,cellular,6,aug,455,4,-1,0,unknown
19206,cellular,6,aug,146,5,-1,0,unknown
19207,cellular,6,aug,81,3,-1,0,unknown
19208,cellular,6,aug,205,3,-1,0,unknown
19209,cellular,6,aug,192,2,-1,0,unknown
19210,cellular,6,aug,152,2,-1,0,unknown
19211,cellular,6,aug,89,2,-1,0,unknown
19212,cellular,6,aug,406,2,-1,0,unknown
19213,cellular,6,aug,103,2,-1,0,unknown
19214,cellular,6,aug,84,4,-1,0,unknown
19215,cellular,6,aug,175,2,-1,0,unknown
19216,cellular,6,aug,113,3,-1,0,unknown
19217,cellular,6,aug,530,2,-1,0,unknown
19218,cellular,6,aug,273,2,-1,0,unknown
19219,cellular,6,aug,902,3,-1,0,unknown
19220,cellular,6,aug,158,3,-1,0,unknown
19221,cellular,6,aug,740,2,-1,0,unknown
19222,cellular,6,aug,86,2,-1,0,unknown
19223,cellular,6,aug,139,2,-1,0,unknown
19224,cellular,6,aug,347,2,-1,0,unknown
19225,cellular,6,aug,120,2,-1,0,unknown
19226,cellular,6,aug,80,2,-1,0,unknown
19227,cellular,6,aug,174,2,-1,0,unknown
19228,cellular,6,aug,140,3,-1,0,unknown
19229,cellular,6,aug,277,3,-1,0,unknown
19230,cellular,6,aug,898,2,-1,0,unknown
19231,cellular,6,aug,637,2,-1,0,unknown
19232,cellular,6,aug,142,2,-1,0,unknown
19233,cellular,6,aug,224,2,-1,0,unknown
19234,cellular,6,aug,254,2,-1,0,unknown
19235,cellular,6,aug,128,2,-1,0,unknown
19236,cellular,6,aug,189,2,-1,0,unknown
19237,cellular,6,aug,206,2,-1,0,unknown
19238,cellular,6,aug,90,2,-1,0,unknown
19239,cellular,6,aug,220,2,-1,0,unknown
19240,cellular,6,aug,311,2,-1,0,unknown
19241,cellular,6,aug,501,2,-1,0,unknown
19242,cellular,6,aug,209,2,-1,0,unknown
19243,cellular,6,aug,835,2,-1,0,unknown
19244,cellular,6,aug,50,2,-1,0,unknown
19245,cellular,6,aug,126,2,-1,0,unknown
19246,cellular,6,aug,58,4,-1,0,unknown
19247,cellular,6,aug,182,2,-1,0,unknown
19248,cellular,6,aug,499,2,-1,0,unknown
19249,cellular,6,aug,720,2,-1,0,unknown
19250,cellular,6,aug,113,4,-1,0,unknown
19251,cellular,6,aug,836,4,-1,0,unknown
19252,cellular,6,aug,439,6,-1,0,unknown
19253,cellular,6,aug,167,2,-1,0,unknown
19254,cellular,6,aug,102,2,-1,0,unknown
19255,cellular,6,aug,184,2,-1,0,unknown
19256,cellular,6,aug,159,2,-1,0,unknown
19257,cellular,6,aug,117,2,-1,0,unknown
19258,cellular,6,aug,181,2,-1,0,unknown
19259,cellular,6,aug,585,4,-1,0,unknown
19260,cellular,6,aug,139,2,-1,0,unknown
19261,cellular,6,aug,65,2,-1,0,unknown
19262,cellular,6,aug,490,2,-1,0,unknown
19263,cellular,6,aug,71,2,-1,0,unknown
19264,cellular,6,aug,358,2,-1,0,unknown
19265,cellular,6,aug,222,2,-1,0,unknown
19266,cellular,6,aug,163,2,-1,0,unknown
19267,cellular,6,aug,115,2,-1,0,unknown
19268,cellular,6,aug,99,4,-1,0,unknown
19269,cellular,6,aug,359,2,-1,0,unknown
19270,cellular,6,aug,211,4,-1,0,unknown
19271,cellular,6,aug,133,2,-1,0,unknown
19272,cellular,6,aug,131,3,-1,0,unknown
19273,cellular,6,aug,88,2,-1,0,unknown
19274,cellular,6,aug,164,2,-1,0,unknown
19275,cellular,6,aug,467,2,-1,0,unknown
19276,cellular,6,aug,225,2,-1,0,unknown
19277,cellular,6,aug,763,2,-1,0,unknown
19278,cellular,6,aug,184,2,-1,0,unknown
19279,cellular,6,aug,122,2,-1,0,unknown
19280,cellular,6,aug,123,2,-1,0,unknown
19281,cellular,6,aug,103,4,-1,0,unknown
19282,cellular,6,aug,649,4,-1,0,unknown
19283,cellular,6,aug,88,2,-1,0,unknown
19284,cellular,6,aug,293,6,-1,0,unknown
19285,cellular,6,aug,938,2,-1,0,unknown
19286,cellular,6,aug,931,4,-1,0,unknown
19287,cellular,6,aug,89,2,-1,0,unknown
19288,cellular,6,aug,221,12,-1,0,unknown
19289,cellular,6,aug,126,2,-1,0,unknown
19290,cellular,6,aug,166,2,-1,0,unknown
19291,cellular,6,aug,641,6,-1,0,unknown
19292,cellular,6,aug,165,2,-1,0,unknown
19293,cellular,6,aug,68,2,-1,0,unknown
19294,cellular,6,aug,127,2,-1,0,unknown
19295,cellular,6,aug,78,2,-1,0,unknown
19296,cellular,6,aug,302,4,-1,0,unknown
19297,cellular,6,aug,400,2,-1,0,unknown
19298,cellular,6,aug,375,2,-1,0,unknown
19299,cellular,6,aug,258,2,-1,0,unknown
19300,cellular,6,aug,738,2,-1,0,unknown
19301,cellular,6,aug,329,2,-1,0,unknown
19302,cellular,6,aug,119,2,-1,0,unknown
19303,cellular,6,aug,341,2,-1,0,unknown
19304,cellular,6,aug,181,2,-1,0,unknown
19305,cellular,6,aug,127,2,-1,0,unknown
19306,cellular,6,aug,124,2,-1,0,unknown
19307,cellular,6,aug,232,2,-1,0,unknown
19308,cellular,6,aug,224,2,-1,0,unknown
19309,cellular,6,aug,148,2,-1,0,unknown
19310,cellular,6,aug,174,4,-1,0,unknown
19311,cellular,6,aug,113,4,-1,0,unknown
19312,cellular,6,aug,68,4,-1,0,unknown
19313,cellular,6,aug,232,4,-1,0,unknown
19314,cellular,6,aug,376,4,-1,0,unknown
19315,cellular,6,aug,199,7,-1,0,unknown
19316,cellular,6,aug,150,4,-1,0,unknown
19317,cellular,6,aug,2191,2,-1,0,unknown
19318,cellular,6,aug,123,4,-1,0,unknown
19319,cellular,6,aug,185,4,-1,0,unknown
19320,cellular,6,aug,275,5,-1,0,unknown
19321,cellular,6,aug,388,8,-1,0,unknown
19322,cellular,6,aug,165,4,-1,0,unknown
19323,cellular,6,aug,89,2,-1,0,unknown
19324,cellular,6,aug,111,2,-1,0,unknown
19325,cellular,6,aug,160,4,-1,0,unknown
19326,cellular,6,aug,254,4,-1,0,unknown
19327,cellular,6,aug,1044,4,-1,0,unknown
19328,cellular,6,aug,244,2,-1,0,unknown
19329,cellular,6,aug,84,2,-1,0,unknown
19330,cellular,6,aug,499,2,-1,0,unknown
19331,cellular,6,aug,290,2,-1,0,unknown
19332,cellular,6,aug,136,2,-1,0,unknown
19333,cellular,6,aug,384,2,-1,0,unknown
19334,cellular,6,aug,732,2,-1,0,unknown
19335,cellular,6,aug,168,2,-1,0,unknown
19336,cellular,6,aug,482,2,-1,0,unknown
19337,cellular,6,aug,100,6,-1,0,unknown
19338,cellular,6,aug,136,4,-1,0,unknown
19339,cellular,6,aug,301,4,-1,0,unknown
19340,cellular,6,aug,391,4,-1,0,unknown
19341,cellular,6,aug,315,2,-1,0,unknown
19342,cellular,6,aug,184,2,-1,0,unknown
19343,cellular,6,aug,44,2,-1,0,unknown
19344,cellular,6,aug,411,2,-1,0,unknown
19345,cellular,6,aug,120,2,-1,0,unknown
19346,cellular,6,aug,188,4,-1,0,unknown
19347,cellular,6,aug,411,3,-1,0,unknown
19348,cellular,6,aug,72,4,-1,0,unknown
19349,cellular,6,aug,128,2,-1,0,unknown
19350,cellular,6,aug,135,2,-1,0,unknown
19351,cellular,6,aug,90,2,-1,0,unknown
19352,cellular,6,aug,102,2,-1,0,unknown
19353,cellular,6,aug,533,2,-1,0,unknown
19354,cellular,6,aug,265,2,-1,0,unknown
19355,cellular,6,aug,198,2,-1,0,unknown
19356,cellular,6,aug,64,2,-1,0,unknown
19357,cellular,6,aug,170,2,-1,0,unknown
19358,cellular,6,aug,438,2,-1,0,unknown
19359,cellular,6,aug,281,2,-1,0,unknown
19360,cellular,6,aug,601,2,-1,0,unknown
19361,cellular,6,aug,83,2,-1,0,unknown
19362,cellular,6,aug,39,9,-1,0,unknown
19363,cellular,6,aug,163,2,-1,0,unknown
19364,cellular,6,aug,252,2,-1,0,unknown
19365,cellular,6,aug,102,4,-1,0,unknown
19366,cellular,6,aug,131,2,-1,0,unknown
19367,cellular,6,aug,127,2,-1,0,unknown
19368,cellular,6,aug,168,3,-1,0,unknown
19369,cellular,6,aug,1249,4,-1,0,unknown
19370,cellular,6,aug,308,4,-1,0,unknown
19371,cellular,6,aug,196,2,-1,0,unknown
19372,telephone,6,aug,115,5,-1,0,unknown
19373,cellular,6,aug,851,6,-1,0,unknown
19374,cellular,6,aug,291,4,-1,0,unknown
19375,cellular,6,aug,64,4,-1,0,unknown
19376,cellular,6,aug,224,4,-1,0,unknown
19377,cellular,6,aug,996,1,-1,0,unknown
19378,cellular,6,aug,83,3,-1,0,unknown
19379,cellular,6,aug,499,4,-1,0,unknown
19380,cellular,6,aug,175,4,-1,0,unknown
19381,cellular,6,aug,536,1,-1,0,unknown
19382,cellular,6,aug,171,3,-1,0,unknown
19383,cellular,6,aug,203,7,-1,0,unknown
19384,cellular,6,aug,132,3,-1,0,unknown
19385,cellular,6,aug,588,3,-1,0,unknown
19386,cellular,6,aug,311,5,-1,0,unknown
19387,cellular,6,aug,175,1,-1,0,unknown
19388,cellular,6,aug,72,1,-1,0,unknown
19389,cellular,6,aug,101,1,-1,0,unknown
19390,cellular,6,aug,184,1,-1,0,unknown
19391,cellular,6,aug,147,1,-1,0,unknown
19392,cellular,6,aug,192,3,-1,0,unknown
19393,cellular,6,aug,275,1,-1,0,unknown
19394,cellular,6,aug,138,7,-1,0,unknown
19395,cellular,6,aug,269,3,-1,0,unknown
19396,cellular,6,aug,170,3,-1,0,unknown
19397,cellular,6,aug,377,2,-1,0,unknown
19398,cellular,6,aug,209,3,-1,0,unknown
19399,cellular,6,aug,276,3,-1,0,unknown
19400,cellular,6,aug,160,1,-1,0,unknown
19401,cellular,6,aug,459,3,-1,0,unknown
19402,cellular,6,aug,339,2,-1,0,unknown
19403,cellular,6,aug,70,2,-1,0,unknown
19404,cellular,6,aug,322,5,-1,0,unknown
19405,cellular,6,aug,54,3,-1,0,unknown
19406,cellular,6,aug,406,3,-1,0,unknown
19407,cellular,6,aug,386,2,-1,0,unknown
19408,cellular,6,aug,127,3,-1,0,unknown
19409,telephone,6,aug,276,3,-1,0,unknown
19410,cellular,6,aug,69,3,-1,0,unknown
19411,cellular,6,aug,286,3,-1,0,unknown
19412,cellular,6,aug,433,3,-1,0,unknown
19413,cellular,6,aug,292,2,-1,0,unknown
19414,cellular,6,aug,562,3,-1,0,unknown
19415,cellular,6,aug,543,4,-1,0,unknown
19416,cellular,6,aug,530,5,-1,0,unknown
19417,cellular,6,aug,685,2,-1,0,unknown
19418,cellular,6,aug,131,3,-1,0,unknown
19419,cellular,6,aug,258,7,-1,0,unknown
19420,cellular,6,aug,45,4,-1,0,unknown
19421,cellular,6,aug,492,2,-1,0,unknown
19422,cellular,6,aug,61,5,-1,0,unknown
19423,cellular,6,aug,227,3,-1,0,unknown
19424,cellular,6,aug,265,8,-1,0,unknown
19425,cellular,6,aug,79,3,-1,0,unknown
19426,cellular,6,aug,119,6,-1,0,unknown
19427,cellular,6,aug,426,3,-1,0,unknown
19428,cellular,6,aug,80,3,-1,0,unknown
19429,cellular,6,aug,307,3,-1,0,unknown
19430,cellular,6,aug,236,4,-1,0,unknown
19431,cellular,6,aug,105,6,-1,0,unknown
19432,cellular,6,aug,68,6,-1,0,unknown
19433,cellular,6,aug,275,9,-1,0,unknown
19434,cellular,6,aug,178,4,-1,0,unknown
19435,cellular,6,aug,226,5,-1,0,unknown
19436,cellular,6,aug,181,2,-1,0,unknown
19437,telephone,6,aug,244,3,-1,0,unknown
19438,cellular,6,aug,131,3,-1,0,unknown
19439,cellular,6,aug,132,2,-1,0,unknown
19440,cellular,6,aug,106,3,-1,0,unknown
19441,cellular,6,aug,135,2,-1,0,unknown
19442,cellular,6,aug,107,3,-1,0,unknown
19443,cellular,6,aug,1250,4,-1,0,unknown
19444,cellular,6,aug,1471,7,-1,0,unknown
19445,cellular,6,aug,1456,3,-1,0,unknown
19446,cellular,7,aug,122,4,-1,0,unknown
19447,cellular,7,aug,108,3,-1,0,unknown
19448,cellular,7,aug,110,4,-1,0,unknown
19449,cellular,7,aug,186,3,-1,0,unknown
19450,cellular,7,aug,67,6,-1,0,unknown
19451,cellular,7,aug,297,8,-1,0,unknown
19452,cellular,7,aug,70,2,-1,0,unknown
19453,cellular,7,aug,93,2,-1,0,unknown
19454,cellular,7,aug,91,2,-1,0,unknown
19455,cellular,7,aug,301,2,-1,0,unknown
19456,cellular,7,aug,88,2,-1,0,unknown
19457,cellular,7,aug,261,2,-1,0,unknown
19458,cellular,7,aug,187,2,-1,0,unknown
19459,cellular,7,aug,139,4,-1,0,unknown
19460,cellular,7,aug,59,2,-1,0,unknown
19461,cellular,7,aug,420,3,-1,0,unknown
19462,cellular,7,aug,352,2,-1,0,unknown
19463,cellular,7,aug,135,2,-1,0,unknown
19464,cellular,7,aug,219,2,-1,0,unknown
19465,cellular,7,aug,117,2,-1,0,unknown
19466,cellular,7,aug,82,2,-1,0,unknown
19467,cellular,7,aug,122,2,-1,0,unknown
19468,cellular,7,aug,91,2,-1,0,unknown
19469,cellular,7,aug,64,2,-1,0,unknown
19470,cellular,7,aug,235,2,-1,0,unknown
19471,cellular,7,aug,67,2,-1,0,unknown
19472,cellular,7,aug,267,2,-1,0,unknown
19473,cellular,7,aug,74,2,-1,0,unknown
19474,cellular,7,aug,131,2,-1,0,unknown
19475,cellular,7,aug,78,2,-1,0,unknown
19476,cellular,7,aug,402,2,-1,0,unknown
19477,cellular,7,aug,123,2,-1,0,unknown
19478,cellular,7,aug,132,2,-1,0,unknown
19479,cellular,7,aug,587,2,-1,0,unknown
19480,cellular,7,aug,51,3,-1,0,unknown
19481,cellular,7,aug,185,2,-1,0,unknown
19482,cellular,7,aug,51,2,-1,0,unknown
19483,cellular,7,aug,163,2,-1,0,unknown
19484,cellular,7,aug,666,2,-1,0,unknown
19485,cellular,7,aug,326,2,-1,0,unknown
19486,cellular,7,aug,292,2,-1,0,unknown
19487,cellular,7,aug,395,2,-1,0,unknown
19488,cellular,7,aug,137,2,-1,0,unknown
19489,cellular,7,aug,663,4,-1,0,unknown
19490,cellular,7,aug,387,2,-1,0,unknown
19491,cellular,7,aug,108,2,-1,0,unknown
19492,cellular,7,aug,142,2,-1,0,unknown
19493,cellular,7,aug,48,2,-1,0,unknown
19494,cellular,7,aug,253,2,-1,0,unknown
19495,cellular,7,aug,228,2,-1,0,unknown
19496,cellular,7,aug,124,2,-1,0,unknown
19497,cellular,7,aug,358,2,-1,0,unknown
19498,cellular,7,aug,134,2,-1,0,unknown
19499,cellular,7,aug,239,2,-1,0,unknown
19500,cellular,7,aug,113,4,-1,0,unknown
19501,cellular,7,aug,84,2,-1,0,unknown
19502,cellular,7,aug,224,2,-1,0,unknown
19503,cellular,7,aug,274,2,-1,0,unknown
19504,cellular,7,aug,22,2,-1,0,unknown
19505,telephone,7,aug,309,4,-1,0,unknown
19506,cellular,7,aug,131,2,-1,0,unknown
19507,cellular,7,aug,159,2,-1,0,unknown
19508,cellular,7,aug,63,2,-1,0,unknown
19509,cellular,7,aug,1462,4,-1,0,unknown
19510,cellular,7,aug,152,2,-1,0,unknown
19511,cellular,7,aug,103,2,-1,0,unknown
19512,cellular,7,aug,159,2,-1,0,unknown
19513,cellular,7,aug,225,6,-1,0,unknown
19514,cellular,7,aug,228,4,-1,0,unknown
19515,cellular,7,aug,123,2,-1,0,unknown
19516,cellular,7,aug,36,2,-1,0,unknown
19517,cellular,7,aug,199,2,-1,0,unknown
19518,cellular,7,aug,154,2,-1,0,unknown
19519,cellular,7,aug,147,2,-1,0,unknown
19520,cellular,7,aug,1834,2,-1,0,unknown
19521,cellular,7,aug,398,2,-1,0,unknown
19522,cellular,7,aug,131,2,-1,0,unknown
19523,cellular,7,aug,148,2,-1,0,unknown
19524,cellular,7,aug,674,2,-1,0,unknown
19525,cellular,7,aug,306,4,-1,0,unknown
19526,cellular,7,aug,196,2,-1,0,unknown
19527,cellular,7,aug,114,2,-1,0,unknown
19528,cellular,7,aug,46,2,-1,0,unknown
19529,cellular,7,aug,235,2,-1,0,unknown
19530,cellular,7,aug,201,2,-1,0,unknown
19531,cellular,7,aug,76,2,-1,0,unknown
19532,cellular,7,aug,359,2,-1,0,unknown
19533,cellular,7,aug,71,2,-1,0,unknown
19534,cellular,7,aug,113,2,-1,0,unknown
19535,cellular,7,aug,173,2,-1,0,unknown
19536,cellular,7,aug,526,2,-1,0,unknown
19537,cellular,7,aug,401,3,-1,0,unknown
19538,cellular,7,aug,122,2,-1,0,unknown
19539,cellular,7,aug,268,2,-1,0,unknown
19540,cellular,7,aug,95,2,-1,0,unknown
19541,cellular,7,aug,86,2,-1,0,unknown
19542,cellular,7,aug,144,2,-1,0,unknown
19543,cellular,7,aug,116,2,-1,0,unknown
19544,cellular,7,aug,67,2,-1,0,unknown
19545,cellular,7,aug,92,4,-1,0,unknown
19546,cellular,7,aug,118,2,-1,0,unknown
19547,cellular,7,aug,155,2,-1,0,unknown
19548,cellular,7,aug,137,2,-1,0,unknown
19549,cellular,7,aug,137,2,-1,0,unknown
19550,cellular,7,aug,165,2,-1,0,unknown
19551,cellular,7,aug,73,2,-1,0,unknown
19552,cellular,7,aug,92,2,-1,0,unknown
19553,cellular,7,aug,125,2,-1,0,unknown
19554,cellular,7,aug,257,2,-1,0,unknown
19555,cellular,7,aug,100,2,-1,0,unknown
19556,cellular,7,aug,86,6,-1,0,unknown
19557,cellular,7,aug,87,2,-1,0,unknown
19558,cellular,7,aug,493,2,-1,0,unknown
19559,cellular,7,aug,102,2,-1,0,unknown
19560,cellular,7,aug,76,3,-1,0,unknown
19561,cellular,7,aug,82,2,-1,0,unknown
19562,cellular,7,aug,169,2,-1,0,unknown
19563,cellular,7,aug,181,2,-1,0,unknown
19564,cellular,7,aug,64,2,-1,0,unknown
19565,cellular,7,aug,156,8,-1,0,unknown
19566,cellular,7,aug,296,9,-1,0,unknown
19567,cellular,7,aug,185,4,-1,0,unknown
19568,cellular,7,aug,306,2,-1,0,unknown
19569,cellular,7,aug,61,2,-1,0,unknown
19570,cellular,7,aug,122,2,-1,0,unknown
19571,cellular,7,aug,150,2,-1,0,unknown
19572,cellular,7,aug,365,8,-1,0,unknown
19573,cellular,7,aug,229,2,-1,0,unknown
19574,cellular,7,aug,103,4,-1,0,unknown
19575,cellular,7,aug,115,2,-1,0,unknown
19576,cellular,7,aug,94,2,-1,0,unknown
19577,cellular,7,aug,90,2,-1,0,unknown
19578,cellular,7,aug,111,2,-1,0,unknown
19579,cellular,7,aug,106,4,-1,0,unknown
19580,cellular,7,aug,105,2,-1,0,unknown
19581,cellular,7,aug,244,2,-1,0,unknown
19582,telephone,7,aug,204,4,-1,0,unknown
19583,cellular,7,aug,197,2,-1,0,unknown
19584,cellular,7,aug,115,2,-1,0,unknown
19585,cellular,7,aug,155,2,-1,0,unknown
19586,cellular,7,aug,973,4,-1,0,unknown
19587,cellular,7,aug,181,2,-1,0,unknown
19588,cellular,7,aug,77,2,-1,0,unknown
19589,cellular,7,aug,119,2,-1,0,unknown
19590,cellular,7,aug,231,2,-1,0,unknown
19591,cellular,7,aug,346,4,-1,0,unknown
19592,cellular,7,aug,399,6,-1,0,unknown
19593,cellular,7,aug,112,7,-1,0,unknown
19594,cellular,7,aug,216,4,-1,0,unknown
19595,cellular,7,aug,152,5,-1,0,unknown
19596,cellular,7,aug,252,4,-1,0,unknown
19597,cellular,7,aug,259,4,-1,0,unknown
19598,cellular,7,aug,133,7,-1,0,unknown
19599,cellular,7,aug,89,4,-1,0,unknown
19600,cellular,7,aug,504,4,-1,0,unknown
19601,cellular,7,aug,84,7,-1,0,unknown
19602,cellular,7,aug,187,4,-1,0,unknown
19603,cellular,7,aug,266,4,-1,0,unknown
19604,cellular,7,aug,99,4,-1,0,unknown
19605,cellular,7,aug,107,4,-1,0,unknown
19606,cellular,7,aug,20,4,-1,0,unknown
19607,cellular,7,aug,89,4,-1,0,unknown
19608,cellular,7,aug,109,6,-1,0,unknown
19609,cellular,7,aug,228,6,-1,0,unknown
19610,cellular,7,aug,76,2,-1,0,unknown
19611,cellular,7,aug,96,2,-1,0,unknown
19612,cellular,7,aug,391,4,-1,0,unknown
19613,cellular,7,aug,1321,9,-1,0,unknown
19614,cellular,7,aug,797,2,-1,0,unknown
19615,cellular,7,aug,281,2,-1,0,unknown
19616,cellular,7,aug,407,4,-1,0,unknown
19617,cellular,7,aug,171,2,-1,0,unknown
19618,cellular,7,aug,76,3,-1,0,unknown
19619,cellular,7,aug,276,2,-1,0,unknown
19620,cellular,7,aug,59,2,-1,0,unknown
19621,cellular,7,aug,168,2,-1,0,unknown
19622,cellular,7,aug,205,5,-1,0,unknown
19623,cellular,7,aug,101,2,-1,0,unknown
19624,cellular,7,aug,125,2,-1,0,unknown
19625,cellular,7,aug,436,4,-1,0,unknown
19626,cellular,7,aug,190,2,-1,0,unknown
19627,cellular,7,aug,63,2,-1,0,unknown
19628,cellular,7,aug,218,2,-1,0,unknown
19629,cellular,7,aug,65,2,-1,0,unknown
19630,cellular,7,aug,146,2,-1,0,unknown
19631,cellular,7,aug,214,2,-1,0,unknown
19632,cellular,7,aug,82,4,-1,0,unknown
19633,cellular,7,aug,65,4,-1,0,unknown
19634,cellular,7,aug,194,6,-1,0,unknown
19635,cellular,7,aug,67,2,-1,0,unknown
19636,cellular,7,aug,105,4,-1,0,unknown
19637,cellular,7,aug,139,4,-1,0,unknown
19638,cellular,7,aug,266,2,-1,0,unknown
19639,cellular,7,aug,3422,2,-1,0,unknown
19640,cellular,7,aug,44,2,-1,0,unknown
19641,cellular,7,aug,238,2,-1,0,unknown
19642,cellular,7,aug,142,2,-1,0,unknown
19643,cellular,7,aug,159,3,-1,0,unknown
19644,cellular,7,aug,182,2,-1,0,unknown
19645,cellular,7,aug,231,2,-1,0,unknown
19646,cellular,7,aug,20,2,-1,0,unknown
19647,cellular,7,aug,152,2,-1,0,unknown
19648,cellular,7,aug,76,2,-1,0,unknown
19649,cellular,7,aug,145,2,-1,0,unknown
19650,cellular,7,aug,314,4,-1,0,unknown
19651,cellular,7,aug,352,2,-1,0,unknown
19652,cellular,7,aug,414,4,-1,0,unknown
19653,cellular,7,aug,122,6,-1,0,unknown
19654,cellular,7,aug,163,4,-1,0,unknown
19655,cellular,7,aug,108,4,-1,0,unknown
19656,cellular,7,aug,133,4,-1,0,unknown
19657,cellular,7,aug,101,2,-1,0,unknown
19658,cellular,7,aug,131,4,-1,0,unknown
19659,cellular,7,aug,110,2,-1,0,unknown
19660,cellular,7,aug,141,1,-1,0,unknown
19661,cellular,7,aug,74,1,-1,0,unknown
19662,cellular,7,aug,165,3,-1,0,unknown
19663,cellular,7,aug,446,1,-1,0,unknown
19664,cellular,7,aug,201,2,-1,0,unknown
19665,cellular,7,aug,126,1,-1,0,unknown
19666,cellular,7,aug,670,1,-1,0,unknown
19667,cellular,7,aug,481,1,-1,0,unknown
19668,cellular,7,aug,166,3,-1,0,unknown
19669,cellular,7,aug,429,3,-1,0,unknown
19670,cellular,7,aug,269,3,-1,0,unknown
19671,cellular,7,aug,105,1,-1,0,unknown
19672,cellular,7,aug,1182,1,-1,0,unknown
19673,cellular,7,aug,408,1,-1,0,unknown
19674,cellular,7,aug,198,4,-1,0,unknown
19675,cellular,7,aug,180,3,-1,0,unknown
19676,cellular,7,aug,184,1,-1,0,unknown
19677,cellular,7,aug,291,1,-1,0,unknown
19678,cellular,7,aug,131,3,-1,0,unknown
19679,cellular,7,aug,117,1,-1,0,unknown
19680,cellular,7,aug,162,5,-1,0,unknown
19681,cellular,7,aug,235,8,-1,0,unknown
19682,cellular,7,aug,324,3,-1,0,unknown
19683,cellular,7,aug,876,1,-1,0,unknown
19684,cellular,7,aug,122,5,-1,0,unknown
19685,cellular,7,aug,235,1,-1,0,unknown
19686,cellular,7,aug,248,1,-1,0,unknown
19687,unknown,7,aug,12,1,-1,0,unknown
19688,cellular,7,aug,642,3,-1,0,unknown
19689,cellular,7,aug,84,1,-1,0,unknown
19690,cellular,7,aug,895,3,-1,0,unknown
19691,cellular,7,aug,126,2,-1,0,unknown
19692,cellular,7,aug,520,3,-1,0,unknown
19693,cellular,7,aug,181,3,-1,0,unknown
19694,cellular,7,aug,1934,2,-1,0,unknown
19695,cellular,7,aug,88,3,-1,0,unknown
19696,cellular,7,aug,226,3,-1,0,unknown
19697,cellular,7,aug,452,3,-1,0,unknown
19698,cellular,7,aug,524,5,-1,0,unknown
19699,cellular,7,aug,95,2,-1,0,unknown
19700,cellular,7,aug,124,3,-1,0,unknown
19701,cellular,7,aug,141,3,-1,0,unknown
19702,cellular,7,aug,51,7,-1,0,unknown
19703,cellular,7,aug,365,5,-1,0,unknown
19704,cellular,7,aug,243,7,-1,0,unknown
19705,cellular,7,aug,90,3,-1,0,unknown
19706,telephone,7,aug,72,5,-1,0,unknown
19707,cellular,7,aug,448,3,-1,0,unknown
19708,telephone,7,aug,262,7,-1,0,unknown
19709,cellular,7,aug,37,3,-1,0,unknown
19710,cellular,7,aug,217,3,-1,0,unknown
19711,cellular,7,aug,336,4,-1,0,unknown
19712,cellular,7,aug,142,3,-1,0,unknown
19713,cellular,7,aug,147,3,-1,0,unknown
19714,cellular,7,aug,186,3,-1,0,unknown
19715,cellular,7,aug,124,3,-1,0,unknown
19716,cellular,7,aug,260,3,-1,0,unknown
19717,cellular,7,aug,111,5,-1,0,unknown
19718,cellular,7,aug,96,3,-1,0,unknown
19719,cellular,7,aug,293,4,-1,0,unknown
19720,cellular,7,aug,67,3,-1,0,unknown
19721,cellular,7,aug,534,2,-1,0,unknown
19722,cellular,7,aug,256,3,-1,0,unknown
19723,cellular,7,aug,229,3,-1,0,unknown
19724,cellular,7,aug,123,3,-1,0,unknown
19725,cellular,7,aug,259,3,-1,0,unknown
19726,cellular,7,aug,278,3,-1,0,unknown
19727,cellular,7,aug,163,5,-1,0,unknown
19728,cellular,7,aug,250,3,-1,0,unknown
19729,telephone,7,aug,430,4,-1,0,unknown
19730,cellular,7,aug,341,5,-1,0,unknown
19731,cellular,7,aug,265,3,-1,0,unknown
19732,telephone,7,aug,35,4,-1,0,unknown
19733,cellular,7,aug,191,4,-1,0,unknown
19734,cellular,7,aug,152,6,-1,0,unknown
19735,cellular,7,aug,93,4,-1,0,unknown
19736,cellular,7,aug,385,4,-1,0,unknown
19737,cellular,7,aug,542,3,-1,0,unknown
19738,cellular,7,aug,112,3,-1,0,unknown
19739,cellular,7,aug,419,3,-1,0,unknown
19740,cellular,7,aug,82,3,-1,0,unknown
19741,cellular,7,aug,144,18,-1,0,unknown
19742,cellular,7,aug,229,4,-1,0,unknown
19743,cellular,7,aug,160,3,-1,0,unknown
19744,cellular,7,aug,218,7,-1,0,unknown
19745,cellular,8,aug,201,6,-1,0,unknown
19746,cellular,8,aug,152,6,-1,0,unknown
19747,cellular,8,aug,36,8,-1,0,unknown
19748,cellular,8,aug,117,2,-1,0,unknown
19749,cellular,8,aug,90,5,-1,0,unknown
19750,cellular,8,aug,88,2,-1,0,unknown
19751,cellular,8,aug,94,2,-1,0,unknown
19752,cellular,8,aug,174,2,-1,0,unknown
19753,cellular,8,aug,231,2,-1,0,unknown
19754,cellular,8,aug,73,2,-1,0,unknown
19755,cellular,8,aug,129,2,-1,0,unknown
19756,cellular,8,aug,108,2,-1,0,unknown
19757,cellular,8,aug,193,3,-1,0,unknown
19758,cellular,8,aug,175,2,-1,0,unknown
19759,cellular,8,aug,108,2,-1,0,unknown
19760,cellular,8,aug,121,2,-1,0,unknown
19761,cellular,8,aug,85,2,-1,0,unknown
19762,cellular,8,aug,82,2,-1,0,unknown
19763,cellular,8,aug,138,2,-1,0,unknown
19764,cellular,8,aug,1306,5,-1,0,unknown
19765,cellular,8,aug,110,2,-1,0,unknown
19766,telephone,8,aug,243,2,-1,0,unknown
19767,cellular,8,aug,188,2,-1,0,unknown
19768,cellular,8,aug,126,2,-1,0,unknown
19769,cellular,8,aug,75,2,-1,0,unknown
19770,cellular,8,aug,137,2,-1,0,unknown
19771,cellular,8,aug,130,2,-1,0,unknown
19772,cellular,8,aug,117,2,-1,0,unknown
19773,cellular,8,aug,61,2,-1,0,unknown
19774,telephone,8,aug,87,7,-1,0,unknown
19775,cellular,8,aug,114,4,-1,0,unknown
19776,cellular,8,aug,52,11,-1,0,unknown
19777,cellular,8,aug,550,2,-1,0,unknown
19778,cellular,8,aug,130,2,-1,0,unknown
19779,cellular,8,aug,161,2,-1,0,unknown
19780,cellular,8,aug,50,4,-1,0,unknown
19781,cellular,8,aug,135,2,-1,0,unknown
19782,cellular,8,aug,207,2,-1,0,unknown
19783,cellular,8,aug,133,2,-1,0,unknown
19784,cellular,8,aug,282,4,-1,0,unknown
19785,cellular,8,aug,442,2,-1,0,unknown
19786,cellular,8,aug,299,5,-1,0,unknown
19787,cellular,8,aug,146,2,-1,0,unknown
19788,cellular,8,aug,82,2,-1,0,unknown
19789,cellular,8,aug,31,2,-1,0,unknown
19790,cellular,8,aug,292,2,-1,0,unknown
19791,cellular,8,aug,161,2,-1,0,unknown
19792,cellular,8,aug,161,6,-1,0,unknown
19793,cellular,8,aug,169,2,-1,0,unknown
19794,cellular,8,aug,94,2,-1,0,unknown
19795,cellular,8,aug,205,2,-1,0,unknown
19796,cellular,8,aug,102,2,-1,0,unknown
19797,cellular,8,aug,106,2,-1,0,unknown
19798,cellular,8,aug,92,2,-1,0,unknown
19799,cellular,8,aug,243,2,-1,0,unknown
19800,cellular,8,aug,163,2,-1,0,unknown
19801,cellular,8,aug,129,6,-1,0,unknown
19802,cellular,8,aug,502,2,-1,0,unknown
19803,cellular,8,aug,49,2,-1,0,unknown
19804,cellular,8,aug,126,2,-1,0,unknown
19805,cellular,8,aug,31,2,-1,0,unknown
19806,cellular,8,aug,155,2,-1,0,unknown
19807,cellular,8,aug,93,2,-1,0,unknown
19808,cellular,8,aug,85,9,-1,0,unknown
19809,cellular,8,aug,75,3,-1,0,unknown
19810,cellular,8,aug,215,2,-1,0,unknown
19811,cellular,8,aug,75,2,-1,0,unknown
19812,cellular,8,aug,118,2,-1,0,unknown
19813,cellular,8,aug,191,2,-1,0,unknown
19814,cellular,8,aug,87,2,-1,0,unknown
19815,cellular,8,aug,261,2,-1,0,unknown
19816,cellular,8,aug,150,4,-1,0,unknown
19817,cellular,8,aug,258,2,-1,0,unknown
19818,cellular,8,aug,241,6,-1,0,unknown
19819,cellular,8,aug,94,2,-1,0,unknown
19820,cellular,8,aug,109,3,-1,0,unknown
19821,cellular,8,aug,97,4,-1,0,unknown
19822,cellular,8,aug,257,2,-1,0,unknown
19823,cellular,8,aug,994,2,-1,0,unknown
19824,cellular,8,aug,175,2,-1,0,unknown
19825,cellular,8,aug,112,2,-1,0,unknown
19826,cellular,8,aug,75,2,-1,0,unknown
19827,cellular,8,aug,172,2,-1,0,unknown
19828,cellular,8,aug,41,2,-1,0,unknown
19829,telephone,8,aug,53,2,-1,0,unknown
19830,cellular,8,aug,169,4,-1,0,unknown
19831,cellular,8,aug,198,2,-1,0,unknown
19832,cellular,8,aug,151,4,-1,0,unknown
19833,cellular,8,aug,507,4,-1,0,unknown
19834,cellular,8,aug,197,2,-1,0,unknown
19835,cellular,8,aug,130,4,-1,0,unknown
19836,cellular,8,aug,84,4,-1,0,unknown
19837,cellular,8,aug,401,4,-1,0,unknown
19838,cellular,8,aug,118,6,-1,0,unknown
19839,cellular,8,aug,784,2,-1,0,unknown
19840,cellular,8,aug,109,6,-1,0,unknown
19841,cellular,8,aug,89,4,-1,0,unknown
19842,cellular,8,aug,172,9,-1,0,unknown
19843,cellular,8,aug,265,2,-1,0,unknown
19844,cellular,8,aug,151,2,-1,0,unknown
19845,cellular,8,aug,183,2,-1,0,unknown
19846,cellular,8,aug,80,2,-1,0,unknown
19847,cellular,8,aug,45,2,-1,0,unknown
19848,cellular,8,aug,249,2,-1,0,unknown
19849,cellular,8,aug,472,2,-1,0,unknown
19850,cellular,8,aug,150,2,-1,0,unknown
19851,cellular,8,aug,111,2,-1,0,unknown
19852,cellular,8,aug,298,2,-1,0,unknown
19853,cellular,8,aug,230,2,-1,0,unknown
19854,cellular,8,aug,31,2,-1,0,unknown
19855,cellular,8,aug,353,2,-1,0,unknown
19856,cellular,8,aug,201,2,-1,0,unknown
19857,cellular,8,aug,104,2,-1,0,unknown
19858,cellular,8,aug,75,2,-1,0,unknown
19859,cellular,8,aug,66,2,-1,0,unknown
19860,cellular,8,aug,385,2,-1,0,unknown
19861,cellular,8,aug,233,2,-1,0,unknown
19862,cellular,8,aug,124,2,-1,0,unknown
19863,cellular,8,aug,124,4,-1,0,unknown
19864,cellular,8,aug,121,2,-1,0,unknown
19865,cellular,8,aug,86,4,-1,0,unknown
19866,cellular,8,aug,34,2,-1,0,unknown
19867,cellular,8,aug,112,2,-1,0,unknown
19868,cellular,8,aug,324,2,-1,0,unknown
19869,cellular,8,aug,88,2,-1,0,unknown
19870,cellular,8,aug,156,2,-1,0,unknown
19871,cellular,8,aug,387,2,-1,0,unknown
19872,cellular,8,aug,124,2,-1,0,unknown
19873,unknown,8,aug,317,4,-1,0,unknown
19874,cellular,8,aug,132,4,-1,0,unknown
19875,cellular,8,aug,163,2,-1,0,unknown
19876,cellular,8,aug,140,2,-1,0,unknown
19877,cellular,8,aug,89,2,-1,0,unknown
19878,cellular,8,aug,235,2,-1,0,unknown
19879,cellular,8,aug,254,4,-1,0,unknown
19880,cellular,8,aug,316,2,-1,0,unknown
19881,cellular,8,aug,420,2,-1,0,unknown
19882,cellular,8,aug,104,4,-1,0,unknown
19883,cellular,8,aug,209,2,-1,0,unknown
19884,cellular,8,aug,151,2,-1,0,unknown
19885,cellular,8,aug,109,2,-1,0,unknown
19886,cellular,8,aug,512,4,-1,0,unknown
19887,cellular,8,aug,89,2,-1,0,unknown
19888,cellular,8,aug,809,2,-1,0,unknown
19889,cellular,8,aug,138,2,-1,0,unknown
19890,cellular,8,aug,112,2,-1,0,unknown
19891,cellular,8,aug,94,2,-1,0,unknown
19892,cellular,8,aug,70,2,-1,0,unknown
19893,cellular,8,aug,391,2,-1,0,unknown
19894,cellular,8,aug,523,2,-1,0,unknown
19895,cellular,8,aug,108,2,-1,0,unknown
19896,cellular,8,aug,321,2,-1,0,unknown
19897,cellular,8,aug,224,2,-1,0,unknown
19898,cellular,8,aug,309,2,-1,0,unknown
19899,cellular,8,aug,177,2,-1,0,unknown
19900,cellular,8,aug,109,2,-1,0,unknown
19901,cellular,8,aug,348,2,-1,0,unknown
19902,cellular,8,aug,433,2,-1,0,unknown
19903,cellular,8,aug,363,10,-1,0,unknown
19904,cellular,8,aug,167,2,-1,0,unknown
19905,cellular,8,aug,248,2,-1,0,unknown
19906,cellular,8,aug,103,6,-1,0,unknown
19907,cellular,8,aug,417,2,-1,0,unknown
19908,cellular,8,aug,111,2,-1,0,unknown
19909,cellular,8,aug,200,4,-1,0,unknown
19910,cellular,8,aug,189,2,-1,0,unknown
19911,cellular,8,aug,201,2,-1,0,unknown
19912,cellular,8,aug,50,2,-1,0,unknown
19913,cellular,8,aug,107,2,-1,0,unknown
19914,cellular,8,aug,192,2,-1,0,unknown
19915,cellular,8,aug,521,4,-1,0,unknown
19916,cellular,8,aug,237,4,-1,0,unknown
19917,cellular,8,aug,95,2,-1,0,unknown
19918,cellular,8,aug,172,2,-1,0,unknown
19919,cellular,8,aug,88,5,-1,0,unknown
19920,cellular,8,aug,63,4,-1,0,unknown
19921,cellular,8,aug,170,2,-1,0,unknown
19922,cellular,8,aug,669,2,-1,0,unknown
19923,cellular,8,aug,73,6,-1,0,unknown
19924,cellular,8,aug,419,2,-1,0,unknown
19925,cellular,8,aug,118,2,-1,0,unknown
19926,cellular,8,aug,169,2,-1,0,unknown
19927,cellular,8,aug,138,2,-1,0,unknown
19928,cellular,8,aug,142,4,-1,0,unknown
19929,cellular,8,aug,385,2,-1,0,unknown
19930,cellular,8,aug,215,4,-1,0,unknown
19931,cellular,8,aug,100,6,-1,0,unknown
19932,cellular,8,aug,117,4,-1,0,unknown
19933,cellular,8,aug,629,4,-1,0,unknown
19934,cellular,8,aug,82,11,-1,0,unknown
19935,cellular,8,aug,133,4,-1,0,unknown
19936,cellular,8,aug,188,4,-1,0,unknown
19937,cellular,8,aug,202,2,-1,0,unknown
19938,cellular,8,aug,275,4,-1,0,unknown
19939,cellular,8,aug,149,2,-1,0,unknown
19940,cellular,8,aug,61,4,-1,0,unknown
19941,cellular,8,aug,125,2,-1,0,unknown
19942,cellular,8,aug,81,2,-1,0,unknown
19943,cellular,8,aug,236,2,-1,0,unknown
19944,cellular,8,aug,194,4,-1,0,unknown
19945,cellular,8,aug,229,2,-1,0,unknown
19946,cellular,8,aug,148,6,-1,0,unknown
19947,cellular,8,aug,140,4,-1,0,unknown
19948,cellular,8,aug,129,4,-1,0,unknown
19949,cellular,8,aug,124,4,-1,0,unknown
19950,cellular,8,aug,131,2,-1,0,unknown
19951,cellular,8,aug,362,4,-1,0,unknown
19952,cellular,8,aug,138,2,-1,0,unknown
19953,cellular,8,aug,71,2,-1,0,unknown
19954,cellular,8,aug,16,7,-1,0,unknown
19955,cellular,8,aug,216,2,-1,0,unknown
19956,cellular,8,aug,108,2,-1,0,unknown
19957,cellular,8,aug,351,2,-1,0,unknown
19958,cellular,8,aug,176,4,-1,0,unknown
19959,cellular,8,aug,160,4,-1,0,unknown
19960,cellular,8,aug,51,2,-1,0,unknown
19961,cellular,8,aug,310,4,-1,0,unknown
19962,cellular,8,aug,82,2,-1,0,unknown
19963,cellular,8,aug,404,4,-1,0,unknown
19964,cellular,8,aug,131,4,-1,0,unknown
19965,cellular,8,aug,212,2,-1,0,unknown
19966,cellular,8,aug,248,2,-1,0,unknown
19967,cellular,8,aug,63,2,-1,0,unknown
19968,cellular,8,aug,153,8,-1,0,unknown
19969,cellular,8,aug,780,4,-1,0,unknown
19970,cellular,8,aug,160,6,-1,0,unknown
19971,cellular,8,aug,255,2,-1,0,unknown
19972,cellular,8,aug,459,2,-1,0,unknown
19973,cellular,8,aug,153,7,-1,0,unknown
19974,cellular,8,aug,455,4,-1,0,unknown
19975,cellular,8,aug,62,2,-1,0,unknown
19976,cellular,8,aug,46,2,-1,0,unknown
19977,cellular,8,aug,147,2,-1,0,unknown
19978,cellular,8,aug,121,2,-1,0,unknown
19979,cellular,8,aug,97,4,-1,0,unknown
19980,cellular,8,aug,335,3,-1,0,unknown
19981,cellular,8,aug,100,1,-1,0,unknown
19982,cellular,8,aug,119,1,-1,0,unknown
19983,cellular,8,aug,79,1,-1,0,unknown
19984,cellular,8,aug,388,1,-1,0,unknown
19985,cellular,8,aug,119,3,-1,0,unknown
19986,cellular,8,aug,116,1,-1,0,unknown
19987,cellular,8,aug,178,3,-1,0,unknown
19988,cellular,8,aug,156,4,-1,0,unknown
19989,cellular,8,aug,173,8,-1,0,unknown
19990,cellular,8,aug,148,1,-1,0,unknown
19991,cellular,8,aug,79,3,-1,0,unknown
19992,cellular,8,aug,193,1,-1,0,unknown
19993,cellular,8,aug,93,1,-1,0,unknown
19994,cellular,8,aug,1000,1,-1,0,unknown
19995,cellular,8,aug,494,1,-1,0,unknown
19996,cellular,8,aug,273,5,-1,0,unknown
19997,cellular,8,aug,167,1,-1,0,unknown
19998,cellular,8,aug,88,1,-1,0,unknown
19999,cellular,8,aug,88,2,-1,0,unknown
20000,cellular,8,aug,191,1,-1,0,unknown
20001,cellular,8,aug,63,2,-1,0,unknown
20002,cellular,8,aug,204,1,-1,0,unknown
20003,cellular,8,aug,127,3,-1,0,unknown
20004,cellular,8,aug,83,1,-1,0,unknown
20005,cellular,8,aug,136,1,-1,0,unknown
20006,cellular,8,aug,52,3,-1,0,unknown
20007,cellular,8,aug,448,5,-1,0,unknown
20008,cellular,8,aug,140,3,-1,0,unknown
20009,cellular,8,aug,733,3,-1,0,unknown
20010,cellular,8,aug,88,3,-1,0,unknown
20011,cellular,8,aug,182,1,-1,0,unknown
20012,cellular,8,aug,580,3,-1,0,unknown
20013,cellular,8,aug,93,1,-1,0,unknown
20014,cellular,8,aug,80,1,-1,0,unknown
20015,cellular,8,aug,72,6,-1,0,unknown
20016,cellular,8,aug,244,6,-1,0,unknown
20017,cellular,8,aug,848,1,-1,0,unknown
20018,cellular,8,aug,173,3,-1,0,unknown
20019,cellular,8,aug,406,3,-1,0,unknown
20020,cellular,8,aug,229,4,-1,0,unknown
20021,cellular,8,aug,604,4,-1,0,unknown
20022,cellular,8,aug,131,3,-1,0,unknown
20023,cellular,8,aug,1242,3,-1,0,unknown
20024,cellular,8,aug,94,5,-1,0,unknown
20025,cellular,8,aug,899,2,-1,0,unknown
20026,cellular,8,aug,371,6,-1,0,unknown
20027,cellular,8,aug,889,2,-1,0,unknown
20028,cellular,8,aug,420,4,-1,0,unknown
20029,cellular,8,aug,515,3,-1,0,unknown
20030,cellular,8,aug,79,3,-1,0,unknown
20031,cellular,8,aug,71,10,-1,0,unknown
20032,cellular,8,aug,27,6,-1,0,unknown
20033,cellular,8,aug,358,3,-1,0,unknown
20034,cellular,8,aug,498,8,-1,0,unknown
20035,cellular,8,aug,327,3,-1,0,unknown
20036,cellular,8,aug,179,3,-1,0,unknown
20037,cellular,8,aug,306,3,-1,0,unknown
20038,cellular,8,aug,390,2,-1,0,unknown
20039,cellular,8,aug,209,3,-1,0,unknown
20040,cellular,8,aug,231,3,-1,0,unknown
20041,cellular,8,aug,922,7,-1,0,unknown
20042,cellular,8,aug,1206,4,-1,0,unknown
20043,cellular,8,aug,219,2,-1,0,unknown
20044,cellular,8,aug,424,4,-1,0,unknown
20045,cellular,8,aug,188,5,-1,0,unknown
20046,cellular,8,aug,492,3,-1,0,unknown
20047,cellular,8,aug,174,3,-1,0,unknown
20048,cellular,8,aug,453,4,-1,0,unknown
20049,cellular,8,aug,59,3,-1,0,unknown
20050,cellular,8,aug,263,5,-1,0,unknown
20051,cellular,8,aug,57,3,-1,0,unknown
20052,cellular,8,aug,329,2,-1,0,unknown
20053,cellular,8,aug,166,3,-1,0,unknown
20054,cellular,8,aug,334,5,-1,0,unknown
20055,cellular,8,aug,108,4,-1,0,unknown
20056,cellular,8,aug,765,3,-1,0,unknown
20057,cellular,8,aug,62,3,-1,0,unknown
20058,cellular,8,aug,885,5,-1,0,unknown
20059,cellular,8,aug,120,7,-1,0,unknown
20060,cellular,8,aug,103,4,-1,0,unknown
20061,cellular,8,aug,391,4,-1,0,unknown
20062,cellular,8,aug,89,2,-1,0,unknown
20063,cellular,8,aug,203,5,-1,0,unknown
20064,cellular,8,aug,170,3,-1,0,unknown
20065,cellular,8,aug,62,3,-1,0,unknown
20066,cellular,8,aug,14,8,-1,0,unknown
20067,cellular,8,aug,148,4,-1,0,unknown
20068,cellular,8,aug,116,2,-1,0,unknown
20069,cellular,8,aug,17,7,-1,0,unknown
20070,cellular,8,aug,293,3,-1,0,unknown
20071,cellular,8,aug,445,4,-1,0,unknown
20072,cellular,8,aug,262,5,-1,0,unknown
20073,cellular,11,aug,176,3,-1,0,unknown
20074,cellular,11,aug,120,3,-1,0,unknown
20075,cellular,11,aug,46,5,-1,0,unknown
20076,cellular,11,aug,68,4,-1,0,unknown
20077,telephone,11,aug,697,6,-1,0,unknown
20078,cellular,11,aug,153,6,-1,0,unknown
20079,cellular,11,aug,57,7,-1,0,unknown
20080,cellular,11,aug,326,4,-1,0,unknown
20081,cellular,11,aug,70,5,-1,0,unknown
20082,cellular,11,aug,716,3,-1,0,unknown
20083,cellular,11,aug,67,4,-1,0,unknown
20084,cellular,11,aug,209,4,-1,0,unknown
20085,cellular,11,aug,367,4,-1,0,unknown
20086,cellular,11,aug,258,5,-1,0,unknown
20087,cellular,11,aug,99,2,-1,0,unknown
20088,cellular,11,aug,92,3,-1,0,unknown
20089,cellular,11,aug,177,5,-1,0,unknown
20090,cellular,11,aug,413,2,-1,0,unknown
20091,cellular,11,aug,144,2,-1,0,unknown
20092,cellular,11,aug,102,4,-1,0,unknown
20093,cellular,11,aug,155,4,-1,0,unknown
20094,cellular,11,aug,145,2,-1,0,unknown
20095,cellular,11,aug,77,4,-1,0,unknown
20096,cellular,11,aug,210,2,-1,0,unknown
20097,cellular,11,aug,106,3,-1,0,unknown
20098,cellular,11,aug,105,2,-1,0,unknown
20099,cellular,11,aug,98,2,-1,0,unknown
20100,cellular,11,aug,588,2,-1,0,unknown
20101,cellular,11,aug,73,2,-1,0,unknown
20102,cellular,11,aug,106,2,-1,0,unknown
20103,cellular,11,aug,106,2,-1,0,unknown
20104,cellular,11,aug,104,2,-1,0,unknown
20105,cellular,11,aug,73,2,-1,0,unknown
20106,cellular,11,aug,100,2,-1,0,unknown
20107,cellular,11,aug,111,2,-1,0,unknown
20108,cellular,11,aug,74,2,-1,0,unknown
20109,cellular,11,aug,48,2,-1,0,unknown
20110,cellular,11,aug,303,2,-1,0,unknown
20111,cellular,11,aug,39,2,-1,0,unknown
20112,cellular,11,aug,86,2,-1,0,unknown
20113,cellular,11,aug,217,2,-1,0,unknown
20114,cellular,11,aug,55,2,-1,0,unknown
20115,cellular,11,aug,72,3,-1,0,unknown
20116,cellular,11,aug,97,2,-1,0,unknown
20117,cellular,11,aug,667,2,-1,0,unknown
20118,cellular,11,aug,347,2,-1,0,unknown
20119,cellular,11,aug,33,2,-1,0,unknown
20120,cellular,11,aug,212,2,-1,0,unknown
20121,cellular,11,aug,165,4,-1,0,unknown
20122,cellular,11,aug,856,3,-1,0,unknown
20123,cellular,11,aug,382,2,-1,0,unknown
20124,cellular,11,aug,84,2,-1,0,unknown
20125,cellular,11,aug,226,2,-1,0,unknown
20126,cellular,11,aug,47,4,-1,0,unknown
20127,cellular,11,aug,103,4,-1,0,unknown
20128,cellular,11,aug,156,2,-1,0,unknown
20129,cellular,11,aug,113,2,-1,0,unknown
20130,cellular,11,aug,147,2,-1,0,unknown
20131,cellular,11,aug,386,4,-1,0,unknown
20132,cellular,11,aug,45,2,-1,0,unknown
20133,cellular,11,aug,121,2,-1,0,unknown
20134,cellular,11,aug,116,2,-1,0,unknown
20135,cellular,11,aug,126,2,-1,0,unknown
20136,cellular,11,aug,269,2,-1,0,unknown
20137,cellular,11,aug,82,2,-1,0,unknown
20138,cellular,11,aug,71,2,-1,0,unknown
20139,cellular,11,aug,218,2,-1,0,unknown
20140,cellular,11,aug,270,2,-1,0,unknown
20141,cellular,11,aug,187,2,-1,0,unknown
20142,cellular,11,aug,565,2,-1,0,unknown
20143,cellular,11,aug,226,2,-1,0,unknown
20144,cellular,11,aug,172,4,-1,0,unknown
20145,cellular,11,aug,239,4,-1,0,unknown
20146,cellular,11,aug,71,2,-1,0,unknown
20147,cellular,11,aug,297,2,-1,0,unknown
20148,cellular,11,aug,115,2,-1,0,unknown
20149,cellular,11,aug,72,2,-1,0,unknown
20150,cellular,11,aug,55,2,-1,0,unknown
20151,cellular,11,aug,164,2,-1,0,unknown
20152,cellular,11,aug,88,4,-1,0,unknown
20153,cellular,11,aug,69,2,-1,0,unknown
20154,cellular,11,aug,123,4,-1,0,unknown
20155,cellular,11,aug,138,3,-1,0,unknown
20156,cellular,11,aug,243,4,-1,0,unknown
20157,cellular,11,aug,166,2,-1,0,unknown
20158,cellular,11,aug,82,2,-1,0,unknown
20159,cellular,11,aug,102,8,-1,0,unknown
20160,cellular,11,aug,179,4,-1,0,unknown
20161,cellular,11,aug,108,2,-1,0,unknown
20162,cellular,11,aug,187,2,-1,0,unknown
20163,cellular,11,aug,121,4,-1,0,unknown
20164,cellular,11,aug,123,2,-1,0,unknown
20165,cellular,11,aug,257,2,-1,0,unknown
20166,cellular,11,aug,90,4,-1,0,unknown
20167,cellular,11,aug,275,2,-1,0,unknown
20168,cellular,11,aug,99,2,-1,0,unknown
20169,cellular,11,aug,57,2,-1,0,unknown
20170,cellular,11,aug,101,5,-1,0,unknown
20171,cellular,11,aug,72,4,-1,0,unknown
20172,cellular,11,aug,104,4,-1,0,unknown
20173,cellular,11,aug,210,3,-1,0,unknown
20174,cellular,11,aug,213,4,-1,0,unknown
20175,cellular,11,aug,384,6,-1,0,unknown
20176,cellular,11,aug,273,2,-1,0,unknown
20177,cellular,11,aug,95,2,-1,0,unknown
20178,cellular,11,aug,70,2,-1,0,unknown
20179,cellular,11,aug,71,2,-1,0,unknown
20180,cellular,11,aug,97,2,-1,0,unknown
20181,cellular,11,aug,237,2,-1,0,unknown
20182,cellular,11,aug,116,2,-1,0,unknown
20183,cellular,11,aug,72,4,-1,0,unknown
20184,cellular,11,aug,170,4,-1,0,unknown
20185,cellular,11,aug,217,2,-1,0,unknown
20186,cellular,11,aug,169,2,-1,0,unknown
20187,cellular,11,aug,97,2,-1,0,unknown
20188,cellular,11,aug,79,6,-1,0,unknown
20189,cellular,11,aug,119,2,-1,0,unknown
20190,cellular,11,aug,86,2,-1,0,unknown
20191,cellular,11,aug,56,4,-1,0,unknown
20192,cellular,11,aug,149,4,-1,0,unknown
20193,cellular,11,aug,246,2,-1,0,unknown
20194,cellular,11,aug,155,2,-1,0,unknown
20195,cellular,11,aug,139,2,-1,0,unknown
20196,cellular,11,aug,160,2,-1,0,unknown
20197,cellular,11,aug,356,2,-1,0,unknown
20198,cellular,11,aug,135,2,-1,0,unknown
20199,cellular,11,aug,135,2,-1,0,unknown
20200,cellular,11,aug,309,2,-1,0,unknown
20201,cellular,11,aug,53,4,-1,0,unknown
20202,cellular,11,aug,250,4,-1,0,unknown
20203,cellular,11,aug,545,2,-1,0,unknown
20204,cellular,11,aug,316,2,-1,0,unknown
20205,cellular,11,aug,168,2,-1,0,unknown
20206,cellular,11,aug,230,2,-1,0,unknown
20207,cellular,11,aug,72,2,-1,0,unknown
20208,cellular,11,aug,204,9,-1,0,unknown
20209,cellular,11,aug,61,2,-1,0,unknown
20210,cellular,11,aug,52,4,-1,0,unknown
20211,cellular,11,aug,242,2,-1,0,unknown
20212,cellular,11,aug,194,2,-1,0,unknown
20213,cellular,11,aug,111,2,-1,0,unknown
20214,cellular,11,aug,90,2,-1,0,unknown
20215,cellular,11,aug,231,2,-1,0,unknown
20216,cellular,11,aug,126,4,-1,0,unknown
20217,cellular,11,aug,317,2,-1,0,unknown
20218,cellular,11,aug,285,2,-1,0,unknown
20219,cellular,11,aug,105,2,-1,0,unknown
20220,cellular,11,aug,228,2,-1,0,unknown
20221,cellular,11,aug,76,2,-1,0,unknown
20222,cellular,11,aug,149,2,-1,0,unknown
20223,cellular,11,aug,331,2,-1,0,unknown
20224,cellular,11,aug,86,2,-1,0,unknown
20225,cellular,11,aug,80,2,-1,0,unknown
20226,cellular,11,aug,209,2,-1,0,unknown
20227,cellular,11,aug,1070,2,-1,0,unknown
20228,cellular,11,aug,610,4,-1,0,unknown
20229,cellular,11,aug,144,2,-1,0,unknown
20230,cellular,11,aug,140,2,-1,0,unknown
20231,cellular,11,aug,96,2,-1,0,unknown
20232,cellular,11,aug,139,4,-1,0,unknown
20233,cellular,11,aug,51,4,-1,0,unknown
20234,cellular,11,aug,601,2,-1,0,unknown
20235,cellular,11,aug,152,6,-1,0,unknown
20236,cellular,11,aug,699,7,-1,0,unknown
20237,cellular,11,aug,255,15,-1,0,unknown
20238,cellular,11,aug,591,4,-1,0,unknown
20239,cellular,11,aug,225,4,-1,0,unknown
20240,cellular,11,aug,65,4,-1,0,unknown
20241,cellular,11,aug,53,5,-1,0,unknown
20242,cellular,11,aug,102,4,-1,0,unknown
20243,cellular,11,aug,389,4,-1,0,unknown
20244,cellular,11,aug,176,4,-1,0,unknown
20245,cellular,11,aug,917,4,-1,0,unknown
20246,cellular,11,aug,104,4,-1,0,unknown
20247,cellular,11,aug,36,4,-1,0,unknown
20248,cellular,11,aug,247,4,-1,0,unknown
20249,cellular,11,aug,104,13,-1,0,unknown
20250,cellular,11,aug,55,5,-1,0,unknown
20251,cellular,11,aug,272,4,-1,0,unknown
20252,cellular,11,aug,1099,4,-1,0,unknown
20253,cellular,11,aug,331,7,-1,0,unknown
20254,cellular,11,aug,79,4,-1,0,unknown
20255,cellular,11,aug,108,4,-1,0,unknown
20256,cellular,11,aug,111,2,-1,0,unknown
20257,cellular,11,aug,83,6,-1,0,unknown
20258,cellular,11,aug,79,6,-1,0,unknown
20259,cellular,11,aug,177,2,-1,0,unknown
20260,cellular,11,aug,146,2,-1,0,unknown
20261,cellular,11,aug,104,4,-1,0,unknown
20262,cellular,11,aug,165,6,-1,0,unknown
20263,cellular,11,aug,103,6,-1,0,unknown
20264,cellular,11,aug,145,4,-1,0,unknown
20265,cellular,11,aug,194,6,-1,0,unknown
20266,cellular,11,aug,68,4,-1,0,unknown
20267,cellular,11,aug,189,2,-1,0,unknown
20268,cellular,11,aug,744,2,-1,0,unknown
20269,cellular,11,aug,185,2,-1,0,unknown
20270,cellular,11,aug,163,2,-1,0,unknown
20271,cellular,11,aug,608,2,-1,0,unknown
20272,cellular,11,aug,214,2,-1,0,unknown
20273,cellular,11,aug,33,2,-1,0,unknown
20274,cellular,11,aug,105,2,-1,0,unknown
20275,cellular,11,aug,121,2,-1,0,unknown
20276,telephone,11,aug,80,10,-1,0,unknown
20277,cellular,11,aug,211,6,-1,0,unknown
20278,cellular,11,aug,566,2,-1,0,unknown
20279,cellular,11,aug,182,2,-1,0,unknown
20280,cellular,11,aug,317,2,-1,0,unknown
20281,cellular,11,aug,370,4,-1,0,unknown
20282,cellular,11,aug,232,4,-1,0,unknown
20283,cellular,11,aug,120,4,-1,0,unknown
20284,cellular,11,aug,134,4,-1,0,unknown
20285,cellular,11,aug,63,6,-1,0,unknown
20286,cellular,11,aug,103,15,-1,0,unknown
20287,cellular,11,aug,69,4,-1,0,unknown
20288,cellular,11,aug,1141,4,-1,0,unknown
20289,cellular,11,aug,378,4,-1,0,unknown
20290,cellular,11,aug,135,6,-1,0,unknown
20291,cellular,11,aug,734,4,-1,0,unknown
20292,cellular,11,aug,153,4,-1,0,unknown
20293,cellular,11,aug,121,5,-1,0,unknown
20294,cellular,11,aug,133,6,-1,0,unknown
20295,cellular,11,aug,262,4,-1,0,unknown
20296,cellular,11,aug,1238,1,-1,0,unknown
20297,cellular,11,aug,149,2,-1,0,unknown
20298,cellular,11,aug,382,3,-1,0,unknown
20299,cellular,11,aug,55,4,-1,0,unknown
20300,cellular,11,aug,383,3,-1,0,unknown
20301,cellular,11,aug,280,3,-1,0,unknown
20302,unknown,11,aug,93,2,-1,0,unknown
20303,cellular,11,aug,76,7,-1,0,unknown
20304,cellular,11,aug,121,3,-1,0,unknown
20305,cellular,11,aug,176,3,-1,0,unknown
20306,cellular,11,aug,187,4,-1,0,unknown
20307,cellular,11,aug,246,3,-1,0,unknown
20308,cellular,11,aug,107,1,-1,0,unknown
20309,cellular,11,aug,132,1,-1,0,unknown
20310,cellular,11,aug,109,1,-1,0,unknown
20311,cellular,11,aug,381,4,-1,0,unknown
20312,cellular,11,aug,445,1,-1,0,unknown
20313,cellular,11,aug,129,1,-1,0,unknown
20314,cellular,11,aug,71,3,-1,0,unknown
20315,cellular,11,aug,80,10,-1,0,unknown
20316,cellular,11,aug,720,1,-1,0,unknown
20317,cellular,11,aug,227,1,-1,0,unknown
20318,cellular,11,aug,161,1,-1,0,unknown
20319,cellular,11,aug,64,1,-1,0,unknown
20320,cellular,11,aug,238,1,-1,0,unknown
20321,cellular,11,aug,173,1,-1,0,unknown
20322,cellular,11,aug,90,3,-1,0,unknown
20323,cellular,11,aug,139,8,-1,0,unknown
20324,cellular,11,aug,549,1,-1,0,unknown
20325,cellular,11,aug,265,4,-1,0,unknown
20326,cellular,11,aug,67,1,-1,0,unknown
20327,cellular,11,aug,379,3,-1,0,unknown
20328,cellular,11,aug,126,2,-1,0,unknown
20329,cellular,11,aug,429,7,-1,0,unknown
20330,cellular,11,aug,117,3,-1,0,unknown
20331,cellular,11,aug,933,1,-1,0,unknown
20332,cellular,11,aug,77,1,-1,0,unknown
20333,cellular,11,aug,221,3,-1,0,unknown
20334,cellular,11,aug,149,2,-1,0,unknown
20335,cellular,11,aug,148,3,-1,0,unknown
20336,cellular,11,aug,149,3,-1,0,unknown
20337,cellular,11,aug,80,3,-1,0,unknown
20338,cellular,11,aug,214,5,-1,0,unknown
20339,cellular,11,aug,248,3,-1,0,unknown
20340,cellular,11,aug,132,5,-1,0,unknown
20341,cellular,11,aug,240,5,-1,0,unknown
20342,cellular,11,aug,385,3,-1,0,unknown
20343,cellular,11,aug,249,5,-1,0,unknown
20344,cellular,11,aug,200,4,-1,0,unknown
20345,cellular,11,aug,104,4,-1,0,unknown
20346,cellular,11,aug,124,7,-1,0,unknown
20347,cellular,11,aug,117,3,-1,0,unknown
20348,cellular,11,aug,312,3,-1,0,unknown
20349,cellular,11,aug,271,3,-1,0,unknown
20350,cellular,11,aug,157,3,-1,0,unknown
20351,cellular,11,aug,1144,3,-1,0,unknown
20352,cellular,11,aug,485,5,-1,0,unknown
20353,cellular,11,aug,67,7,-1,0,unknown
20354,cellular,11,aug,108,5,-1,0,unknown
20355,cellular,11,aug,293,5,-1,0,unknown
20356,cellular,11,aug,345,3,-1,0,unknown
20357,cellular,11,aug,72,5,-1,0,unknown
20358,cellular,11,aug,101,5,-1,0,unknown
20359,cellular,11,aug,304,4,-1,0,unknown
20360,cellular,11,aug,663,3,-1,0,unknown
20361,cellular,11,aug,95,4,-1,0,unknown
20362,cellular,11,aug,268,3,-1,0,unknown
20363,telephone,11,aug,133,5,-1,0,unknown
20364,cellular,11,aug,339,3,-1,0,unknown
20365,cellular,11,aug,57,3,-1,0,unknown
20366,cellular,11,aug,209,2,-1,0,unknown
20367,cellular,11,aug,94,3,-1,0,unknown
20368,cellular,11,aug,1242,5,-1,0,unknown
20369,cellular,11,aug,862,11,-1,0,unknown
20370,cellular,11,aug,236,3,-1,0,unknown
20371,cellular,11,aug,230,3,-1,0,unknown
20372,cellular,11,aug,444,3,-1,0,unknown
20373,cellular,11,aug,239,3,-1,0,unknown
20374,cellular,11,aug,418,5,-1,0,unknown
20375,cellular,11,aug,249,5,-1,0,unknown
20376,cellular,11,aug,277,3,-1,0,unknown
20377,cellular,11,aug,1687,9,-1,0,unknown
20378,cellular,11,aug,231,5,-1,0,unknown
20379,cellular,11,aug,481,2,-1,0,unknown
20380,cellular,11,aug,277,5,-1,0,unknown
20381,cellular,11,aug,101,3,-1,0,unknown
20382,cellular,11,aug,295,3,-1,0,unknown
20383,cellular,11,aug,247,1,-1,0,unknown
20384,cellular,11,aug,164,1,-1,0,unknown
20385,cellular,11,aug,270,1,-1,0,unknown
20386,cellular,11,aug,1080,3,-1,0,unknown
20387,cellular,11,aug,220,1,-1,0,unknown
20388,cellular,11,aug,159,3,-1,0,unknown
20389,cellular,11,aug,217,1,-1,0,unknown
20390,cellular,11,aug,40,5,-1,0,unknown
20391,cellular,11,aug,179,4,-1,0,unknown
20392,cellular,11,aug,1504,2,-1,0,unknown
20393,cellular,11,aug,85,5,-1,0,unknown
20394,cellular,11,aug,48,9,-1,0,unknown
20395,cellular,11,aug,342,3,-1,0,unknown
20396,cellular,11,aug,566,7,-1,0,unknown
20397,cellular,11,aug,356,1,-1,0,unknown
20398,cellular,11,aug,159,1,-1,0,unknown
20399,cellular,11,aug,1015,1,-1,0,unknown
20400,cellular,11,aug,479,1,-1,0,unknown
20401,cellular,12,aug,226,8,-1,0,unknown
20402,cellular,12,aug,91,4,-1,0,unknown
20403,cellular,12,aug,154,2,-1,0,unknown
20404,cellular,12,aug,101,2,-1,0,unknown
20405,cellular,12,aug,509,2,-1,0,unknown
20406,cellular,12,aug,161,6,-1,0,unknown
20407,cellular,12,aug,645,2,-1,0,unknown
20408,cellular,12,aug,204,2,-1,0,unknown
20409,cellular,12,aug,64,9,-1,0,unknown
20410,cellular,12,aug,506,2,-1,0,unknown
20411,cellular,12,aug,80,8,-1,0,unknown
20412,cellular,12,aug,219,4,-1,0,unknown
20413,cellular,12,aug,96,2,-1,0,unknown
20414,cellular,12,aug,246,2,-1,0,unknown
20415,cellular,12,aug,92,2,-1,0,unknown
20416,cellular,12,aug,150,2,-1,0,unknown
20417,cellular,12,aug,359,2,-1,0,unknown
20418,cellular,12,aug,72,2,-1,0,unknown
20419,cellular,12,aug,138,2,-1,0,unknown
20420,cellular,12,aug,614,2,-1,0,unknown
20421,cellular,12,aug,327,2,-1,0,unknown
20422,cellular,12,aug,144,2,-1,0,unknown
20423,cellular,12,aug,56,2,-1,0,unknown
20424,cellular,12,aug,106,2,-1,0,unknown
20425,cellular,12,aug,75,2,-1,0,unknown
20426,cellular,12,aug,348,2,-1,0,unknown
20427,cellular,12,aug,132,2,-1,0,unknown
20428,cellular,12,aug,191,2,-1,0,unknown
20429,cellular,12,aug,99,2,-1,0,unknown
20430,cellular,12,aug,428,2,-1,0,unknown
20431,cellular,12,aug,82,2,-1,0,unknown
20432,cellular,12,aug,172,2,-1,0,unknown
20433,cellular,12,aug,127,2,-1,0,unknown
20434,cellular,12,aug,768,2,-1,0,unknown
20435,cellular,12,aug,72,2,-1,0,unknown
20436,cellular,12,aug,185,2,-1,0,unknown
20437,cellular,12,aug,140,2,-1,0,unknown
20438,cellular,12,aug,1134,2,-1,0,unknown
20439,cellular,12,aug,76,2,-1,0,unknown
20440,cellular,12,aug,81,4,-1,0,unknown
20441,cellular,12,aug,91,2,-1,0,unknown
20442,cellular,12,aug,138,2,-1,0,unknown
20443,cellular,12,aug,111,2,-1,0,unknown
20444,cellular,12,aug,120,2,-1,0,unknown
20445,cellular,12,aug,143,2,-1,0,unknown
20446,cellular,12,aug,64,2,-1,0,unknown
20447,cellular,12,aug,117,2,-1,0,unknown
20448,cellular,12,aug,178,4,-1,0,unknown
20449,cellular,12,aug,158,2,-1,0,unknown
20450,cellular,12,aug,51,4,-1,0,unknown
20451,cellular,12,aug,235,2,-1,0,unknown
20452,cellular,12,aug,256,2,-1,0,unknown
20453,cellular,12,aug,364,2,-1,0,unknown
20454,cellular,12,aug,1282,6,-1,0,unknown
20455,cellular,12,aug,138,2,-1,0,unknown
20456,cellular,12,aug,68,2,-1,0,unknown
20457,cellular,12,aug,58,4,-1,0,unknown
20458,cellular,12,aug,96,5,-1,0,unknown
20459,cellular,12,aug,234,2,-1,0,unknown
20460,cellular,12,aug,237,2,-1,0,unknown
20461,cellular,12,aug,181,2,-1,0,unknown
20462,cellular,12,aug,106,2,-1,0,unknown
20463,cellular,12,aug,110,3,-1,0,unknown
20464,cellular,12,aug,117,9,-1,0,unknown
20465,cellular,12,aug,122,2,-1,0,unknown
20466,cellular,12,aug,52,2,-1,0,unknown
20467,cellular,12,aug,126,2,-1,0,unknown
20468,cellular,12,aug,95,8,-1,0,unknown
20469,cellular,12,aug,73,2,-1,0,unknown
20470,cellular,12,aug,365,2,-1,0,unknown
20471,cellular,12,aug,63,2,-1,0,unknown
20472,cellular,12,aug,250,2,-1,0,unknown
20473,cellular,12,aug,213,2,-1,0,unknown
20474,cellular,12,aug,126,2,-1,0,unknown
20475,cellular,12,aug,63,2,-1,0,unknown
20476,cellular,12,aug,68,2,-1,0,unknown
20477,cellular,12,aug,74,2,-1,0,unknown
20478,cellular,12,aug,29,4,-1,0,unknown
20479,cellular,12,aug,147,2,-1,0,unknown
20480,cellular,12,aug,867,2,-1,0,unknown
20481,cellular,12,aug,117,2,-1,0,unknown
20482,cellular,12,aug,139,2,-1,0,unknown
20483,cellular,12,aug,971,2,-1,0,unknown
20484,cellular,12,aug,105,2,-1,0,unknown
20485,cellular,12,aug,196,2,-1,0,unknown
20486,cellular,12,aug,105,2,-1,0,unknown
20487,cellular,12,aug,193,3,-1,0,unknown
20488,cellular,12,aug,220,4,-1,0,unknown
20489,cellular,12,aug,227,2,-1,0,unknown
20490,cellular,12,aug,130,2,-1,0,unknown
20491,cellular,12,aug,256,9,-1,0,unknown
20492,cellular,12,aug,232,5,-1,0,unknown
20493,cellular,12,aug,95,2,-1,0,unknown
20494,cellular,12,aug,80,2,-1,0,unknown
20495,cellular,12,aug,101,3,-1,0,unknown
20496,cellular,12,aug,138,4,-1,0,unknown
20497,cellular,12,aug,148,4,-1,0,unknown
20498,cellular,12,aug,396,3,-1,0,unknown
20499,cellular,12,aug,174,4,-1,0,unknown
20500,cellular,12,aug,603,3,-1,0,unknown
20501,cellular,12,aug,69,4,-1,0,unknown
20502,cellular,12,aug,87,4,-1,0,unknown
20503,cellular,12,aug,100,6,-1,0,unknown
20504,cellular,12,aug,138,2,-1,0,unknown
20505,cellular,12,aug,155,2,-1,0,unknown
20506,cellular,12,aug,123,2,-1,0,unknown
20507,cellular,12,aug,338,2,-1,0,unknown
20508,cellular,12,aug,104,2,-1,0,unknown
20509,cellular,12,aug,507,2,-1,0,unknown
20510,cellular,12,aug,85,4,-1,0,unknown
20511,cellular,12,aug,177,2,-1,0,unknown
20512,cellular,12,aug,88,2,-1,0,unknown
20513,cellular,12,aug,150,2,-1,0,unknown
20514,cellular,12,aug,179,6,-1,0,unknown
20515,cellular,12,aug,137,2,-1,0,unknown
20516,cellular,12,aug,105,2,-1,0,unknown
20517,cellular,12,aug,126,3,-1,0,unknown
20518,cellular,12,aug,241,2,-1,0,unknown
20519,cellular,12,aug,130,2,-1,0,unknown
20520,cellular,12,aug,603,2,-1,0,unknown
20521,cellular,12,aug,66,2,-1,0,unknown
20522,cellular,12,aug,109,2,-1,0,unknown
20523,cellular,12,aug,439,4,-1,0,unknown
20524,cellular,12,aug,217,6,-1,0,unknown
20525,cellular,12,aug,107,2,-1,0,unknown
20526,cellular,12,aug,252,2,-1,0,unknown
20527,cellular,12,aug,143,2,-1,0,unknown
20528,cellular,12,aug,73,2,-1,0,unknown
20529,cellular,12,aug,254,2,-1,0,unknown
20530,cellular,12,aug,61,2,-1,0,unknown
20531,cellular,12,aug,238,6,-1,0,unknown
20532,cellular,12,aug,73,2,-1,0,unknown
20533,cellular,12,aug,80,4,-1,0,unknown
20534,cellular,12,aug,197,4,-1,0,unknown
20535,cellular,12,aug,111,4,-1,0,unknown
20536,cellular,12,aug,171,2,-1,0,unknown
20537,cellular,12,aug,436,4,-1,0,unknown
20538,cellular,12,aug,119,2,-1,0,unknown
20539,cellular,12,aug,129,4,-1,0,unknown
20540,cellular,12,aug,152,2,-1,0,unknown
20541,cellular,12,aug,131,2,-1,0,unknown
20542,cellular,12,aug,150,4,-1,0,unknown
20543,cellular,12,aug,128,2,-1,0,unknown
20544,cellular,12,aug,56,2,-1,0,unknown
20545,cellular,12,aug,64,2,-1,0,unknown
20546,cellular,12,aug,108,2,-1,0,unknown
20547,cellular,12,aug,84,2,-1,0,unknown
20548,cellular,12,aug,157,6,-1,0,unknown
20549,cellular,12,aug,384,2,-1,0,unknown
20550,cellular,12,aug,312,6,-1,0,unknown
20551,cellular,12,aug,388,2,-1,0,unknown
20552,cellular,12,aug,144,4,-1,0,unknown
20553,cellular,12,aug,231,4,-1,0,unknown
20554,cellular,12,aug,180,2,-1,0,unknown
20555,cellular,12,aug,205,2,-1,0,unknown
20556,cellular,12,aug,163,2,-1,0,unknown
20557,cellular,12,aug,121,2,-1,0,unknown
20558,cellular,12,aug,865,2,-1,0,unknown
20559,cellular,12,aug,1103,2,-1,0,unknown
20560,cellular,12,aug,370,2,-1,0,unknown
20561,cellular,12,aug,106,2,-1,0,unknown
20562,cellular,12,aug,173,2,-1,0,unknown
20563,cellular,12,aug,201,4,-1,0,unknown
20564,cellular,12,aug,234,4,-1,0,unknown
20565,cellular,12,aug,191,7,-1,0,unknown
20566,cellular,12,aug,433,3,-1,0,unknown
20567,cellular,12,aug,1181,4,-1,0,unknown
20568,cellular,12,aug,92,4,-1,0,unknown
20569,cellular,12,aug,1133,4,-1,0,unknown
20570,cellular,12,aug,76,4,-1,0,unknown
20571,cellular,12,aug,91,4,-1,0,unknown
20572,cellular,12,aug,536,4,-1,0,unknown
20573,cellular,12,aug,398,4,-1,0,unknown
20574,cellular,12,aug,104,8,-1,0,unknown
20575,cellular,12,aug,884,4,-1,0,unknown
20576,cellular,12,aug,1650,16,-1,0,unknown
20577,cellular,12,aug,149,7,-1,0,unknown
20578,cellular,12,aug,297,3,-1,0,unknown
20579,cellular,12,aug,193,4,-1,0,unknown
20580,cellular,12,aug,127,4,-1,0,unknown
20581,cellular,12,aug,72,4,-1,0,unknown
20582,telephone,12,aug,58,4,-1,0,unknown
20583,cellular,12,aug,926,4,-1,0,unknown
20584,cellular,12,aug,117,2,-1,0,unknown
20585,cellular,12,aug,359,2,-1,0,unknown
20586,cellular,12,aug,117,4,-1,0,unknown
20587,cellular,12,aug,254,2,-1,0,unknown
20588,cellular,12,aug,121,2,-1,0,unknown
20589,cellular,12,aug,226,4,-1,0,unknown
20590,cellular,12,aug,355,4,-1,0,unknown
20591,cellular,12,aug,587,2,-1,0,unknown
20592,cellular,12,aug,111,4,-1,0,unknown
20593,cellular,12,aug,139,6,-1,0,unknown
20594,cellular,12,aug,83,4,-1,0,unknown
20595,cellular,12,aug,632,6,-1,0,unknown
20596,cellular,12,aug,186,2,-1,0,unknown
20597,cellular,12,aug,112,4,-1,0,unknown
20598,cellular,12,aug,225,4,-1,0,unknown
20599,cellular,12,aug,253,2,-1,0,unknown
20600,cellular,12,aug,112,2,-1,0,unknown
20601,cellular,12,aug,284,2,-1,0,unknown
20602,cellular,12,aug,306,2,-1,0,unknown
20603,cellular,12,aug,696,2,-1,0,unknown
20604,cellular,12,aug,66,4,-1,0,unknown
20605,cellular,12,aug,192,4,-1,0,unknown
20606,cellular,12,aug,105,6,-1,0,unknown
20607,cellular,12,aug,114,4,-1,0,unknown
20608,cellular,12,aug,105,4,-1,0,unknown
20609,cellular,12,aug,578,4,-1,0,unknown
20610,cellular,12,aug,116,4,-1,0,unknown
20611,cellular,12,aug,464,4,-1,0,unknown
20612,cellular,12,aug,142,2,-1,0,unknown
20613,cellular,12,aug,187,2,-1,0,unknown
20614,cellular,12,aug,134,6,-1,0,unknown
20615,cellular,12,aug,338,2,-1,0,unknown
20616,cellular,12,aug,158,2,-1,0,unknown
20617,cellular,12,aug,645,8,-1,0,unknown
20618,cellular,12,aug,246,6,-1,0,unknown
20619,cellular,12,aug,473,6,-1,0,unknown
20620,cellular,12,aug,304,12,-1,0,unknown
20621,cellular,12,aug,559,4,-1,0,unknown
20622,cellular,12,aug,1092,5,-1,0,unknown
20623,cellular,12,aug,174,1,-1,0,unknown
20624,cellular,12,aug,453,3,-1,0,unknown
20625,cellular,12,aug,127,1,-1,0,unknown
20626,telephone,12,aug,128,8,-1,0,unknown
20627,cellular,12,aug,1344,7,-1,0,unknown
20628,cellular,12,aug,127,1,-1,0,unknown
20629,cellular,12,aug,218,5,-1,0,unknown
20630,cellular,12,aug,178,1,-1,0,unknown
20631,cellular,12,aug,1307,4,-1,0,unknown
20632,cellular,12,aug,153,4,-1,0,unknown
20633,cellular,12,aug,1344,1,-1,0,unknown
20634,cellular,12,aug,168,5,-1,0,unknown
20635,cellular,12,aug,264,3,-1,0,unknown
20636,cellular,12,aug,213,3,-1,0,unknown
20637,cellular,12,aug,111,3,-1,0,unknown
20638,cellular,12,aug,978,1,-1,0,unknown
20639,cellular,12,aug,781,5,-1,0,unknown
20640,cellular,12,aug,588,3,-1,0,unknown
20641,cellular,12,aug,145,11,-1,0,unknown
20642,cellular,12,aug,50,5,-1,0,unknown
20643,cellular,12,aug,432,3,-1,0,unknown
20644,cellular,12,aug,454,3,-1,0,unknown
20645,cellular,12,aug,1613,1,-1,0,unknown
20646,cellular,12,aug,141,5,-1,0,unknown
20647,cellular,12,aug,439,4,-1,0,unknown
20648,cellular,12,aug,141,3,-1,0,unknown
20649,cellular,12,aug,136,3,-1,0,unknown
20650,cellular,12,aug,260,3,-1,0,unknown
20651,cellular,12,aug,864,3,-1,0,unknown
20652,cellular,12,aug,645,3,-1,0,unknown
20653,cellular,12,aug,474,2,-1,0,unknown
20654,cellular,12,aug,216,5,-1,0,unknown
20655,cellular,12,aug,128,5,-1,0,unknown
20656,cellular,12,aug,418,3,-1,0,unknown
20657,cellular,12,aug,226,4,-1,0,unknown
20658,cellular,12,aug,252,3,-1,0,unknown
20659,cellular,12,aug,134,8,-1,0,unknown
20660,cellular,12,aug,140,4,-1,0,unknown
20661,cellular,12,aug,180,3,-1,0,unknown
20662,cellular,12,aug,483,5,-1,0,unknown
20663,cellular,12,aug,409,7,-1,0,unknown
20664,cellular,12,aug,143,3,-1,0,unknown
20665,cellular,12,aug,222,3,-1,0,unknown
20666,cellular,12,aug,664,3,-1,0,unknown
20667,cellular,12,aug,612,4,-1,0,unknown
20668,cellular,12,aug,129,9,-1,0,unknown
20669,cellular,12,aug,1735,4,-1,0,unknown
20670,cellular,12,aug,243,3,-1,0,unknown
20671,cellular,12,aug,178,9,-1,0,unknown
20672,cellular,12,aug,787,6,-1,0,unknown
20673,cellular,12,aug,124,4,-1,0,unknown
20674,cellular,12,aug,913,5,-1,0,unknown
20675,cellular,12,aug,284,7,-1,0,unknown
20676,cellular,12,aug,129,6,-1,0,unknown
20677,cellular,12,aug,228,5,-1,0,unknown
20678,cellular,12,aug,508,3,-1,0,unknown
20679,cellular,12,aug,940,10,-1,0,unknown
20680,cellular,12,aug,460,2,-1,0,unknown
20681,cellular,12,aug,796,4,-1,0,unknown
20682,cellular,12,aug,136,5,-1,0,unknown
20683,cellular,12,aug,58,3,-1,0,unknown
20684,cellular,12,aug,465,9,-1,0,unknown
20685,cellular,12,aug,112,5,-1,0,unknown
20686,cellular,12,aug,204,10,-1,0,unknown
20687,cellular,12,aug,711,3,-1,0,unknown
20688,cellular,12,aug,121,4,-1,0,unknown
20689,cellular,12,aug,83,3,-1,0,unknown
20690,cellular,12,aug,321,4,-1,0,unknown
20691,cellular,12,aug,1476,2,-1,0,unknown
20692,cellular,12,aug,204,3,-1,0,unknown
20693,cellular,12,aug,161,2,-1,0,unknown
20694,cellular,12,aug,120,3,-1,0,unknown
20695,cellular,12,aug,507,3,-1,0,unknown
20696,cellular,13,aug,77,8,-1,0,unknown
20697,telephone,13,aug,767,8,-1,0,unknown
20698,cellular,13,aug,111,7,-1,0,unknown
20699,cellular,13,aug,106,2,-1,0,unknown
20700,cellular,13,aug,168,2,-1,0,unknown
20701,cellular,13,aug,239,2,-1,0,unknown
20702,cellular,13,aug,139,2,-1,0,unknown
20703,cellular,13,aug,78,2,-1,0,unknown
20704,cellular,13,aug,536,2,-1,0,unknown
20705,cellular,13,aug,295,2,-1,0,unknown
20706,cellular,13,aug,224,2,-1,0,unknown
20707,cellular,13,aug,156,2,-1,0,unknown
20708,cellular,13,aug,206,2,-1,0,unknown
20709,cellular,13,aug,317,2,-1,0,unknown
20710,cellular,13,aug,176,2,-1,0,unknown
20711,cellular,13,aug,69,2,-1,0,unknown
20712,cellular,13,aug,244,6,-1,0,unknown
20713,cellular,13,aug,77,2,-1,0,unknown
20714,cellular,13,aug,114,4,-1,0,unknown
20715,cellular,13,aug,189,2,-1,0,unknown
20716,cellular,13,aug,187,2,-1,0,unknown
20717,cellular,13,aug,132,2,-1,0,unknown
20718,cellular,13,aug,186,2,-1,0,unknown
20719,cellular,13,aug,336,2,-1,0,unknown
20720,cellular,13,aug,78,2,-1,0,unknown
20721,cellular,13,aug,460,2,-1,0,unknown
20722,cellular,13,aug,100,2,-1,0,unknown
20723,cellular,13,aug,96,2,-1,0,unknown
20724,cellular,13,aug,109,2,-1,0,unknown
20725,cellular,13,aug,1842,2,-1,0,unknown
20726,cellular,13,aug,332,2,-1,0,unknown
20727,cellular,13,aug,159,2,-1,0,unknown
20728,telephone,13,aug,127,4,-1,0,unknown
20729,cellular,13,aug,119,2,-1,0,unknown
20730,cellular,13,aug,303,2,-1,0,unknown
20731,cellular,13,aug,969,2,-1,0,unknown
20732,cellular,13,aug,295,2,-1,0,unknown
20733,cellular,13,aug,157,2,-1,0,unknown
20734,cellular,13,aug,823,2,-1,0,unknown
20735,cellular,13,aug,89,2,-1,0,unknown
20736,cellular,13,aug,703,2,-1,0,unknown
20737,telephone,13,aug,618,9,-1,0,unknown
20738,cellular,13,aug,152,2,-1,0,unknown
20739,cellular,13,aug,225,2,-1,0,unknown
20740,cellular,13,aug,131,2,-1,0,unknown
20741,cellular,13,aug,272,2,-1,0,unknown
20742,cellular,13,aug,460,2,-1,0,unknown
20743,cellular,13,aug,247,2,-1,0,unknown
20744,cellular,13,aug,93,4,-1,0,unknown
20745,cellular,13,aug,526,2,-1,0,unknown
20746,cellular,13,aug,455,2,-1,0,unknown
20747,telephone,13,aug,214,4,-1,0,unknown
20748,cellular,13,aug,139,2,-1,0,unknown
20749,cellular,13,aug,183,5,-1,0,unknown
20750,cellular,13,aug,142,2,-1,0,unknown
20751,cellular,13,aug,258,4,-1,0,unknown
20752,cellular,13,aug,287,2,-1,0,unknown
20753,cellular,13,aug,185,2,-1,0,unknown
20754,cellular,13,aug,458,2,-1,0,unknown
20755,cellular,13,aug,211,2,-1,0,unknown
20756,cellular,13,aug,73,2,-1,0,unknown
20757,cellular,13,aug,121,2,-1,0,unknown
20758,cellular,13,aug,900,2,-1,0,unknown
20759,cellular,13,aug,334,2,-1,0,unknown
20760,cellular,13,aug,112,2,-1,0,unknown
20761,cellular,13,aug,88,2,-1,0,unknown
20762,cellular,13,aug,123,2,-1,0,unknown
20763,cellular,13,aug,112,4,-1,0,unknown
20764,cellular,13,aug,106,5,-1,0,unknown
20765,cellular,13,aug,115,2,-1,0,unknown
20766,cellular,13,aug,73,2,-1,0,unknown
20767,cellular,13,aug,71,2,-1,0,unknown
20768,cellular,13,aug,110,4,-1,0,unknown
20769,cellular,13,aug,846,5,-1,0,unknown
20770,cellular,13,aug,109,2,-1,0,unknown
20771,cellular,13,aug,221,8,-1,0,unknown
20772,cellular,13,aug,233,4,-1,0,unknown
20773,cellular,13,aug,57,2,-1,0,unknown
20774,cellular,13,aug,96,2,-1,0,unknown
20775,cellular,13,aug,227,2,-1,0,unknown
20776,cellular,13,aug,142,4,-1,0,unknown
20777,cellular,13,aug,127,2,-1,0,unknown
20778,cellular,13,aug,283,2,-1,0,unknown
20779,cellular,13,aug,104,10,-1,0,unknown
20780,cellular,13,aug,91,2,-1,0,unknown
20781,cellular,13,aug,170,2,-1,0,unknown
20782,cellular,13,aug,460,2,-1,0,unknown
20783,cellular,13,aug,114,2,-1,0,unknown
20784,cellular,13,aug,690,2,-1,0,unknown
20785,cellular,13,aug,100,2,-1,0,unknown
20786,cellular,13,aug,114,2,-1,0,unknown
20787,cellular,13,aug,183,2,-1,0,unknown
20788,cellular,13,aug,80,2,-1,0,unknown
20789,cellular,13,aug,144,2,-1,0,unknown
20790,cellular,13,aug,132,2,-1,0,unknown
20791,cellular,13,aug,352,2,-1,0,unknown
20792,cellular,13,aug,269,4,-1,0,unknown
20793,cellular,13,aug,73,2,-1,0,unknown
20794,cellular,13,aug,261,2,-1,0,unknown
20795,cellular,13,aug,409,4,-1,0,unknown
20796,cellular,13,aug,100,2,-1,0,unknown
20797,cellular,13,aug,60,2,-1,0,unknown
20798,cellular,13,aug,94,2,-1,0,unknown
20799,cellular,13,aug,325,2,-1,0,unknown
20800,cellular,13,aug,88,2,-1,0,unknown
20801,cellular,13,aug,182,8,-1,0,unknown
20802,cellular,13,aug,201,2,-1,0,unknown
20803,cellular,13,aug,403,2,-1,0,unknown
20804,cellular,13,aug,333,5,-1,0,unknown
20805,cellular,13,aug,1149,6,-1,0,unknown
20806,cellular,13,aug,130,4,-1,0,unknown
20807,cellular,13,aug,119,2,-1,0,unknown
20808,cellular,13,aug,289,2,-1,0,unknown
20809,cellular,13,aug,286,2,-1,0,unknown
20810,cellular,13,aug,221,2,-1,0,unknown
20811,cellular,13,aug,665,2,-1,0,unknown
20812,cellular,13,aug,143,2,-1,0,unknown
20813,cellular,13,aug,81,2,-1,0,unknown
20814,cellular,13,aug,641,4,-1,0,unknown
20815,cellular,13,aug,62,2,-1,0,unknown
20816,cellular,13,aug,151,2,-1,0,unknown
20817,cellular,13,aug,87,2,-1,0,unknown
20818,cellular,13,aug,202,2,-1,0,unknown
20819,cellular,13,aug,270,2,-1,0,unknown
20820,cellular,13,aug,69,4,-1,0,unknown
20821,cellular,13,aug,432,5,-1,0,unknown
20822,cellular,13,aug,299,4,-1,0,unknown
20823,cellular,13,aug,404,6,-1,0,unknown
20824,cellular,13,aug,657,7,-1,0,unknown
20825,cellular,13,aug,203,6,-1,0,unknown
20826,cellular,13,aug,95,4,-1,0,unknown
20827,cellular,13,aug,157,6,-1,0,unknown
20828,cellular,13,aug,78,6,-1,0,unknown
20829,cellular,13,aug,136,4,-1,0,unknown
20830,cellular,13,aug,250,4,-1,0,unknown
20831,cellular,13,aug,296,8,-1,0,unknown
20832,cellular,13,aug,141,3,-1,0,unknown
20833,cellular,13,aug,737,4,-1,0,unknown
20834,cellular,13,aug,150,4,-1,0,unknown
20835,cellular,13,aug,324,4,-1,0,unknown
20836,cellular,13,aug,156,4,-1,0,unknown
20837,cellular,13,aug,275,5,-1,0,unknown
20838,cellular,13,aug,328,4,-1,0,unknown
20839,cellular,13,aug,156,4,-1,0,unknown
20840,cellular,13,aug,376,4,-1,0,unknown
20841,cellular,13,aug,260,2,-1,0,unknown
20842,cellular,13,aug,871,4,-1,0,unknown
20843,cellular,13,aug,89,6,-1,0,unknown
20844,cellular,13,aug,110,4,-1,0,unknown
20845,cellular,13,aug,122,2,-1,0,unknown
20846,cellular,13,aug,98,2,-1,0,unknown
20847,cellular,13,aug,165,2,-1,0,unknown
20848,cellular,13,aug,684,2,-1,0,unknown
20849,cellular,13,aug,838,4,-1,0,unknown
20850,cellular,13,aug,379,6,-1,0,unknown
20851,cellular,13,aug,310,2,-1,0,unknown
20852,telephone,13,aug,79,6,-1,0,unknown
20853,cellular,13,aug,292,2,-1,0,unknown
20854,cellular,13,aug,305,2,-1,0,unknown
20855,cellular,13,aug,15,17,-1,0,unknown
20856,cellular,13,aug,851,8,-1,0,unknown
20857,telephone,13,aug,60,2,-1,0,unknown
20858,cellular,13,aug,559,4,-1,0,unknown
20859,cellular,13,aug,1314,2,-1,0,unknown
20860,cellular,13,aug,136,4,-1,0,unknown
20861,cellular,13,aug,733,6,-1,0,unknown
20862,cellular,13,aug,713,2,-1,0,unknown
20863,cellular,13,aug,104,6,-1,0,unknown
20864,cellular,13,aug,517,2,-1,0,unknown
20865,cellular,13,aug,832,6,-1,0,unknown
20866,cellular,13,aug,169,2,-1,0,unknown
20867,cellular,13,aug,195,2,-1,0,unknown
20868,cellular,13,aug,321,4,-1,0,unknown
20869,cellular,13,aug,343,2,-1,0,unknown
20870,cellular,13,aug,116,2,-1,0,unknown
20871,cellular,13,aug,96,2,-1,0,unknown
20872,cellular,13,aug,111,2,-1,0,unknown
20873,cellular,13,aug,92,5,-1,0,unknown
20874,cellular,13,aug,158,1,-1,0,unknown
20875,cellular,13,aug,327,1,-1,0,unknown
20876,cellular,13,aug,202,3,-1,0,unknown
20877,cellular,13,aug,314,1,-1,0,unknown
20878,cellular,13,aug,990,1,-1,0,unknown
20879,cellular,13,aug,160,3,-1,0,unknown
20880,cellular,13,aug,69,1,-1,0,unknown
20881,cellular,13,aug,144,1,-1,0,unknown
20882,cellular,13,aug,529,1,-1,0,unknown
20883,cellular,13,aug,363,1,-1,0,unknown
20884,cellular,13,aug,76,1,-1,0,unknown
20885,cellular,13,aug,342,1,-1,0,unknown
20886,cellular,13,aug,31,1,-1,0,unknown
20887,cellular,13,aug,75,6,-1,0,unknown
20888,cellular,13,aug,111,1,-1,0,unknown
20889,cellular,13,aug,68,3,-1,0,unknown
20890,cellular,13,aug,1148,2,-1,0,unknown
20891,cellular,13,aug,75,1,-1,0,unknown
20892,cellular,13,aug,157,1,-1,0,unknown
20893,cellular,13,aug,382,3,-1,0,unknown
20894,cellular,13,aug,274,1,-1,0,unknown
20895,cellular,13,aug,257,5,-1,0,unknown
20896,cellular,13,aug,99,1,-1,0,unknown
20897,cellular,13,aug,356,1,-1,0,unknown
20898,cellular,13,aug,212,3,-1,0,unknown
20899,cellular,13,aug,139,3,-1,0,unknown
20900,telephone,13,aug,490,3,-1,0,unknown
20901,cellular,13,aug,209,5,-1,0,unknown
20902,cellular,13,aug,175,6,-1,0,unknown
20903,cellular,13,aug,130,3,-1,0,unknown
20904,cellular,13,aug,121,1,-1,0,unknown
20905,cellular,13,aug,78,1,-1,0,unknown
20906,cellular,13,aug,73,1,-1,0,unknown
20907,cellular,13,aug,84,3,-1,0,unknown
20908,cellular,13,aug,168,1,-1,0,unknown
20909,cellular,13,aug,255,1,-1,0,unknown
20910,cellular,13,aug,159,4,-1,0,unknown
20911,cellular,13,aug,388,3,-1,0,unknown
20912,cellular,13,aug,99,3,-1,0,unknown
20913,cellular,13,aug,82,7,-1,0,unknown
20914,cellular,13,aug,418,4,-1,0,unknown
20915,cellular,13,aug,73,3,-1,0,unknown
20916,cellular,13,aug,205,4,-1,0,unknown
20917,cellular,13,aug,202,3,-1,0,unknown
20918,cellular,13,aug,394,4,-1,0,unknown
20919,cellular,13,aug,109,3,-1,0,unknown
20920,cellular,13,aug,233,8,-1,0,unknown
20921,cellular,13,aug,107,8,-1,0,unknown
20922,cellular,13,aug,163,3,-1,0,unknown
20923,cellular,13,aug,399,3,-1,0,unknown
20924,cellular,13,aug,240,2,-1,0,unknown
20925,cellular,13,aug,274,3,-1,0,unknown
20926,cellular,13,aug,150,4,-1,0,unknown
20927,cellular,13,aug,209,5,-1,0,unknown
20928,cellular,13,aug,67,5,-1,0,unknown
20929,cellular,13,aug,132,4,-1,0,unknown
20930,cellular,13,aug,293,3,-1,0,unknown
20931,cellular,13,aug,75,5,-1,0,unknown
20932,cellular,13,aug,413,5,-1,0,unknown
20933,cellular,13,aug,58,5,-1,0,unknown
20934,cellular,13,aug,399,2,-1,0,unknown
20935,cellular,13,aug,904,6,-1,0,unknown
20936,cellular,13,aug,48,13,-1,0,unknown
20937,cellular,13,aug,275,12,-1,0,unknown
20938,cellular,13,aug,449,4,-1,0,unknown
20939,cellular,13,aug,536,5,-1,0,unknown
20940,cellular,13,aug,158,7,-1,0,unknown
20941,cellular,13,aug,113,6,-1,0,unknown
20942,cellular,13,aug,127,2,-1,0,unknown
20943,cellular,13,aug,740,4,-1,0,unknown
20944,cellular,14,aug,75,3,-1,0,unknown
20945,cellular,14,aug,65,10,-1,0,unknown
20946,cellular,14,aug,152,5,-1,0,unknown
20947,cellular,14,aug,106,2,-1,0,unknown
20948,cellular,14,aug,464,5,-1,0,unknown
20949,cellular,14,aug,96,3,-1,0,unknown
20950,cellular,14,aug,76,2,-1,0,unknown
20951,cellular,14,aug,81,2,-1,0,unknown
20952,cellular,14,aug,169,2,-1,0,unknown
20953,cellular,14,aug,103,2,-1,0,unknown
20954,cellular,14,aug,82,2,-1,0,unknown
20955,cellular,14,aug,90,2,-1,0,unknown
20956,cellular,14,aug,152,2,-1,0,unknown
20957,cellular,14,aug,67,2,-1,0,unknown
20958,cellular,14,aug,175,2,-1,0,unknown
20959,cellular,14,aug,123,2,-1,0,unknown
20960,cellular,14,aug,259,4,-1,0,unknown
20961,cellular,14,aug,81,2,-1,0,unknown
20962,cellular,14,aug,373,2,-1,0,unknown
20963,cellular,14,aug,36,2,-1,0,unknown
20964,cellular,14,aug,166,4,-1,0,unknown
20965,cellular,14,aug,157,2,-1,0,unknown
20966,cellular,14,aug,133,2,-1,0,unknown
20967,cellular,14,aug,106,2,-1,0,unknown
20968,cellular,14,aug,707,2,-1,0,unknown
20969,cellular,14,aug,144,4,-1,0,unknown
20970,cellular,14,aug,360,4,-1,0,unknown
20971,cellular,14,aug,102,2,-1,0,unknown
20972,cellular,14,aug,55,2,-1,0,unknown
20973,cellular,14,aug,87,2,-1,0,unknown
20974,cellular,14,aug,266,2,-1,0,unknown
20975,cellular,14,aug,149,2,-1,0,unknown
20976,cellular,14,aug,366,2,-1,0,unknown
20977,cellular,14,aug,96,2,-1,0,unknown
20978,cellular,14,aug,85,2,-1,0,unknown
20979,cellular,14,aug,169,10,-1,0,unknown
20980,cellular,14,aug,250,2,-1,0,unknown
20981,cellular,14,aug,206,2,-1,0,unknown
20982,cellular,14,aug,526,2,-1,0,unknown
20983,cellular,14,aug,184,2,-1,0,unknown
20984,cellular,14,aug,41,2,-1,0,unknown
20985,cellular,14,aug,229,2,-1,0,unknown
20986,cellular,14,aug,252,3,-1,0,unknown
20987,cellular,14,aug,154,2,-1,0,unknown
20988,cellular,14,aug,103,2,-1,0,unknown
20989,cellular,14,aug,137,2,-1,0,unknown
20990,cellular,14,aug,125,2,-1,0,unknown
20991,cellular,14,aug,98,2,-1,0,unknown
20992,cellular,14,aug,107,2,-1,0,unknown
20993,cellular,14,aug,71,2,-1,0,unknown
20994,cellular,14,aug,151,6,-1,0,unknown
20995,cellular,14,aug,169,5,-1,0,unknown
20996,cellular,14,aug,167,2,-1,0,unknown
20997,cellular,14,aug,114,3,-1,0,unknown
20998,cellular,14,aug,50,5,-1,0,unknown
20999,cellular,14,aug,252,2,-1,0,unknown
21000,cellular,14,aug,47,2,-1,0,unknown
21001,cellular,14,aug,92,2,-1,0,unknown
21002,cellular,14,aug,228,2,-1,0,unknown
21003,telephone,14,aug,293,2,-1,0,unknown
21004,cellular,14,aug,632,4,-1,0,unknown
21005,cellular,14,aug,98,2,-1,0,unknown
21006,cellular,14,aug,260,7,-1,0,unknown
21007,cellular,14,aug,205,2,-1,0,unknown
21008,cellular,14,aug,107,2,-1,0,unknown
21009,cellular,14,aug,85,2,-1,0,unknown
21010,cellular,14,aug,200,4,-1,0,unknown
21011,cellular,14,aug,170,2,-1,0,unknown
21012,cellular,14,aug,127,4,-1,0,unknown
21013,cellular,14,aug,10,2,-1,0,unknown
21014,cellular,14,aug,80,2,-1,0,unknown
21015,cellular,14,aug,273,5,-1,0,unknown
21016,cellular,14,aug,101,2,-1,0,unknown
21017,cellular,14,aug,465,2,-1,0,unknown
21018,cellular,14,aug,128,4,-1,0,unknown
21019,cellular,14,aug,121,2,-1,0,unknown
21020,cellular,14,aug,593,4,-1,0,unknown
21021,telephone,14,aug,552,2,-1,0,unknown
21022,cellular,14,aug,297,2,-1,0,unknown
21023,cellular,14,aug,93,2,-1,0,unknown
21024,cellular,14,aug,141,2,-1,0,unknown
21025,cellular,14,aug,155,2,-1,0,unknown
21026,cellular,14,aug,370,4,-1,0,unknown
21027,cellular,14,aug,111,2,-1,0,unknown
21028,cellular,14,aug,159,2,-1,0,unknown
21029,cellular,14,aug,1217,4,-1,0,unknown
21030,telephone,14,aug,313,2,-1,0,unknown
21031,cellular,14,aug,38,2,-1,0,unknown
21032,cellular,14,aug,757,4,-1,0,unknown
21033,cellular,14,aug,213,2,-1,0,unknown
21034,cellular,14,aug,297,4,-1,0,unknown
21035,cellular,14,aug,128,4,-1,0,unknown
21036,cellular,14,aug,635,2,-1,0,unknown
21037,cellular,14,aug,356,2,-1,0,unknown
21038,cellular,14,aug,605,2,-1,0,unknown
21039,cellular,14,aug,935,2,-1,0,unknown
21040,cellular,14,aug,143,2,-1,0,unknown
21041,cellular,14,aug,414,4,-1,0,unknown
21042,cellular,14,aug,220,2,-1,0,unknown
21043,cellular,14,aug,95,2,-1,0,unknown
21044,cellular,14,aug,127,2,-1,0,unknown
21045,cellular,14,aug,308,2,-1,0,unknown
21046,cellular,14,aug,103,2,-1,0,unknown
21047,cellular,14,aug,69,6,-1,0,unknown
21048,cellular,14,aug,90,4,-1,0,unknown
21049,cellular,14,aug,148,19,-1,0,unknown
21050,cellular,14,aug,110,8,-1,0,unknown
21051,cellular,14,aug,515,2,-1,0,unknown
21052,cellular,14,aug,214,2,-1,0,unknown
21053,cellular,14,aug,857,2,-1,0,unknown
21054,cellular,14,aug,457,2,-1,0,unknown
21055,cellular,14,aug,421,2,-1,0,unknown
21056,cellular,14,aug,183,6,-1,0,unknown
21057,cellular,14,aug,240,2,-1,0,unknown
21058,cellular,14,aug,112,2,-1,0,unknown
21059,cellular,14,aug,423,4,-1,0,unknown
21060,cellular,14,aug,503,2,-1,0,unknown
21061,cellular,14,aug,95,2,-1,0,unknown
21062,cellular,14,aug,67,2,-1,0,unknown
21063,cellular,14,aug,93,2,-1,0,unknown
21064,cellular,14,aug,230,2,-1,0,unknown
21065,cellular,14,aug,113,2,-1,0,unknown
21066,cellular,14,aug,103,2,-1,0,unknown
21067,cellular,14,aug,106,6,-1,0,unknown
21068,cellular,14,aug,373,2,-1,0,unknown
21069,cellular,14,aug,165,2,-1,0,unknown
21070,cellular,14,aug,59,4,-1,0,unknown
21071,cellular,14,aug,56,4,-1,0,unknown
21072,cellular,14,aug,108,2,-1,0,unknown
21073,cellular,14,aug,144,2,-1,0,unknown
21074,cellular,14,aug,80,2,-1,0,unknown
21075,cellular,14,aug,89,2,-1,0,unknown
21076,cellular,14,aug,112,2,-1,0,unknown
21077,cellular,14,aug,174,2,-1,0,unknown
21078,cellular,14,aug,146,2,-1,0,unknown
21079,cellular,14,aug,406,2,-1,0,unknown
21080,cellular,14,aug,518,2,-1,0,unknown
21081,cellular,14,aug,272,2,-1,0,unknown
21082,cellular,14,aug,168,2,-1,0,unknown
21083,cellular,14,aug,314,2,-1,0,unknown
21084,cellular,14,aug,260,2,-1,0,unknown
21085,telephone,14,aug,85,4,-1,0,unknown
21086,cellular,14,aug,87,6,-1,0,unknown
21087,cellular,14,aug,90,4,-1,0,unknown
21088,cellular,14,aug,505,2,-1,0,unknown
21089,telephone,14,aug,187,4,-1,0,unknown
21090,cellular,14,aug,108,6,-1,0,unknown
21091,cellular,14,aug,133,4,-1,0,unknown
21092,cellular,14,aug,197,4,-1,0,unknown
21093,cellular,14,aug,78,2,-1,0,unknown
21094,cellular,14,aug,118,4,-1,0,unknown
21095,cellular,14,aug,343,2,-1,0,unknown
21096,cellular,14,aug,221,6,-1,0,unknown
21097,cellular,14,aug,280,4,-1,0,unknown
21098,cellular,14,aug,265,2,-1,0,unknown
21099,cellular,14,aug,158,2,-1,0,unknown
21100,cellular,14,aug,215,2,-1,0,unknown
21101,cellular,14,aug,206,2,-1,0,unknown
21102,cellular,14,aug,133,4,-1,0,unknown
21103,cellular,14,aug,159,2,-1,0,unknown
21104,cellular,14,aug,924,4,-1,0,unknown
21105,cellular,14,aug,195,2,-1,0,unknown
21106,cellular,14,aug,145,2,-1,0,unknown
21107,cellular,14,aug,85,6,-1,0,unknown
21108,cellular,14,aug,70,4,-1,0,unknown
21109,cellular,14,aug,215,2,-1,0,unknown
21110,cellular,14,aug,301,5,-1,0,unknown
21111,telephone,14,aug,64,2,-1,0,unknown
21112,telephone,14,aug,214,4,-1,0,unknown
21113,cellular,14,aug,3322,2,-1,0,unknown
21114,cellular,14,aug,834,14,-1,0,unknown
21115,cellular,14,aug,136,2,-1,0,unknown
21116,cellular,14,aug,366,2,-1,0,unknown
21117,cellular,14,aug,1184,4,-1,0,unknown
21118,cellular,14,aug,208,8,-1,0,unknown
21119,telephone,14,aug,698,2,-1,0,unknown
21120,cellular,14,aug,433,5,-1,0,unknown
21121,cellular,14,aug,134,5,-1,0,unknown
21122,cellular,14,aug,95,2,-1,0,unknown
21123,cellular,14,aug,201,2,-1,0,unknown
21124,cellular,14,aug,503,4,-1,0,unknown
21125,cellular,14,aug,1151,2,-1,0,unknown
21126,cellular,14,aug,189,4,-1,0,unknown
21127,cellular,14,aug,168,4,-1,0,unknown
21128,cellular,14,aug,61,4,-1,0,unknown
21129,cellular,14,aug,388,8,-1,0,unknown
21130,telephone,14,aug,122,2,-1,0,unknown
21131,cellular,14,aug,448,4,-1,0,unknown
21132,telephone,14,aug,60,2,-1,0,unknown
21133,cellular,14,aug,167,8,-1,0,unknown
21134,cellular,14,aug,77,8,-1,0,unknown
21135,cellular,14,aug,350,4,-1,0,unknown
21136,cellular,14,aug,449,2,-1,0,unknown
21137,cellular,14,aug,388,2,-1,0,unknown
21138,cellular,14,aug,145,2,-1,0,unknown
21139,cellular,14,aug,153,6,-1,0,unknown
21140,cellular,14,aug,217,4,-1,0,unknown
21141,cellular,14,aug,337,2,-1,0,unknown
21142,cellular,14,aug,94,6,-1,0,unknown
21143,cellular,14,aug,425,4,-1,0,unknown
21144,cellular,14,aug,377,4,-1,0,unknown
21145,cellular,14,aug,52,4,-1,0,unknown
21146,cellular,14,aug,1231,4,-1,0,unknown
21147,cellular,14,aug,41,2,-1,0,unknown
21148,cellular,14,aug,789,2,-1,0,unknown
21149,cellular,14,aug,636,2,-1,0,unknown
21150,telephone,14,aug,34,6,-1,0,unknown
21151,cellular,14,aug,65,4,-1,0,unknown
21152,telephone,14,aug,128,6,-1,0,unknown
21153,cellular,14,aug,144,7,-1,0,unknown
21154,cellular,14,aug,63,2,-1,0,unknown
21155,cellular,14,aug,170,4,-1,0,unknown
21156,cellular,14,aug,129,2,-1,0,unknown
21157,cellular,14,aug,277,4,-1,0,unknown
21158,cellular,14,aug,219,10,-1,0,unknown
21159,cellular,14,aug,38,2,-1,0,unknown
21160,cellular,14,aug,244,2,-1,0,unknown
21161,cellular,14,aug,91,2,-1,0,unknown
21162,cellular,14,aug,65,4,-1,0,unknown
21163,telephone,14,aug,31,2,-1,0,unknown
21164,cellular,14,aug,120,4,-1,0,unknown
21165,cellular,14,aug,49,2,-1,0,unknown
21166,telephone,14,aug,135,8,-1,0,unknown
21167,telephone,14,aug,133,2,-1,0,unknown
21168,telephone,14,aug,365,2,-1,0,unknown
21169,cellular,14,aug,248,2,-1,0,unknown
21170,cellular,14,aug,101,2,-1,0,unknown
21171,cellular,14,aug,178,2,-1,0,unknown
21172,cellular,14,aug,85,1,-1,0,unknown
21173,cellular,14,aug,171,10,-1,0,unknown
21174,telephone,14,aug,234,3,-1,0,unknown
21175,cellular,14,aug,110,3,-1,0,unknown
21176,cellular,14,aug,904,3,-1,0,unknown
21177,cellular,14,aug,478,1,-1,0,unknown
21178,cellular,14,aug,124,3,-1,0,unknown
21179,cellular,14,aug,227,3,-1,0,unknown
21180,telephone,14,aug,226,3,-1,0,unknown
21181,cellular,14,aug,163,3,-1,0,unknown
21182,cellular,14,aug,306,8,-1,0,unknown
21183,cellular,14,aug,89,7,-1,0,unknown
21184,telephone,14,aug,137,1,-1,0,unknown
21185,cellular,14,aug,244,1,-1,0,unknown
21186,cellular,14,aug,64,2,-1,0,unknown
21187,cellular,14,aug,386,1,-1,0,unknown
21188,cellular,14,aug,110,1,-1,0,unknown
21189,cellular,14,aug,136,3,-1,0,unknown
21190,cellular,14,aug,286,3,-1,0,unknown
21191,telephone,14,aug,119,4,-1,0,unknown
21192,cellular,14,aug,109,3,-1,0,unknown
21193,cellular,14,aug,86,3,-1,0,unknown
21194,cellular,14,aug,210,4,-1,0,unknown
21195,cellular,14,aug,126,3,-1,0,unknown
21196,cellular,14,aug,314,3,-1,0,unknown
21197,cellular,14,aug,253,7,-1,0,unknown
21198,cellular,14,aug,390,3,-1,0,unknown
21199,cellular,14,aug,204,6,-1,0,unknown
21200,cellular,14,aug,45,5,-1,0,unknown
21201,cellular,14,aug,109,3,-1,0,unknown
21202,cellular,14,aug,76,3,-1,0,unknown
21203,cellular,14,aug,1579,2,-1,0,unknown
21204,cellular,14,aug,96,3,-1,0,unknown
21205,cellular,14,aug,1871,3,-1,0,unknown
21206,cellular,18,aug,92,4,-1,0,unknown
21207,cellular,18,aug,618,6,-1,0,unknown
21208,cellular,18,aug,90,5,-1,0,unknown
21209,cellular,18,aug,773,4,-1,0,unknown
21210,cellular,18,aug,65,6,-1,0,unknown
21211,cellular,18,aug,139,5,-1,0,unknown
21212,cellular,18,aug,762,3,-1,0,unknown
21213,cellular,18,aug,181,7,-1,0,unknown
21214,cellular,18,aug,671,4,-1,0,unknown
21215,cellular,18,aug,71,3,-1,0,unknown
21216,cellular,18,aug,54,4,-1,0,unknown
21217,cellular,18,aug,48,6,-1,0,unknown
21218,cellular,18,aug,131,3,-1,0,unknown
21219,cellular,18,aug,82,4,-1,0,unknown
21220,cellular,18,aug,299,6,-1,0,unknown
21221,cellular,18,aug,100,4,-1,0,unknown
21222,cellular,18,aug,92,7,-1,0,unknown
21223,cellular,18,aug,73,7,-1,0,unknown
21224,cellular,18,aug,638,6,-1,0,unknown
21225,cellular,18,aug,594,4,-1,0,unknown
21226,cellular,18,aug,625,4,-1,0,unknown
21227,cellular,18,aug,105,4,-1,0,unknown
21228,cellular,18,aug,180,4,-1,0,unknown
21229,cellular,18,aug,140,4,-1,0,unknown
21230,cellular,18,aug,458,4,-1,0,unknown
21231,cellular,18,aug,195,4,-1,0,unknown
21232,cellular,18,aug,87,5,-1,0,unknown
21233,cellular,18,aug,197,6,-1,0,unknown
21234,cellular,18,aug,203,4,-1,0,unknown
21235,cellular,18,aug,131,3,-1,0,unknown
21236,cellular,18,aug,68,4,-1,0,unknown
21237,cellular,18,aug,251,4,-1,0,unknown
21238,telephone,18,aug,138,4,-1,0,unknown
21239,cellular,18,aug,105,6,-1,0,unknown
21240,cellular,18,aug,108,6,-1,0,unknown
21241,cellular,18,aug,113,4,-1,0,unknown
21242,cellular,18,aug,161,7,-1,0,unknown
21243,cellular,18,aug,233,12,-1,0,unknown
21244,cellular,18,aug,882,8,-1,0,unknown
21245,cellular,18,aug,115,9,-1,0,unknown
21246,cellular,18,aug,341,4,-1,0,unknown
21247,cellular,18,aug,26,15,-1,0,unknown
21248,cellular,18,aug,151,12,-1,0,unknown
21249,cellular,18,aug,313,3,-1,0,unknown
21250,cellular,18,aug,230,8,-1,0,unknown
21251,cellular,18,aug,393,4,-1,0,unknown
21252,cellular,18,aug,111,7,-1,0,unknown
21253,cellular,18,aug,84,11,-1,0,unknown
21254,telephone,18,aug,51,12,-1,0,unknown
21255,cellular,18,aug,116,9,-1,0,unknown
21256,cellular,18,aug,73,6,-1,0,unknown
21257,cellular,18,aug,528,5,-1,0,unknown
21258,cellular,18,aug,71,3,-1,0,unknown
21259,cellular,18,aug,70,5,-1,0,unknown
21260,cellular,18,aug,151,10,-1,0,unknown
21261,cellular,18,aug,146,5,-1,0,unknown
21262,cellular,18,aug,266,4,-1,0,unknown
21263,cellular,18,aug,74,4,-1,0,unknown
21264,cellular,18,aug,452,4,-1,0,unknown
21265,cellular,18,aug,34,14,-1,0,unknown
21266,cellular,18,aug,113,4,-1,0,unknown
21267,cellular,18,aug,122,8,-1,0,unknown
21268,cellular,18,aug,48,10,-1,0,unknown
21269,cellular,18,aug,80,4,-1,0,unknown
21270,cellular,18,aug,94,4,-1,0,unknown
21271,cellular,18,aug,70,4,-1,0,unknown
21272,cellular,18,aug,121,7,-1,0,unknown
21273,cellular,18,aug,61,4,-1,0,unknown
21274,cellular,18,aug,143,4,-1,0,unknown
21275,cellular,18,aug,172,3,-1,0,unknown
21276,telephone,18,aug,71,4,-1,0,unknown
21277,cellular,18,aug,45,6,-1,0,unknown
21278,cellular,18,aug,91,4,-1,0,unknown
21279,cellular,18,aug,92,5,-1,0,unknown
21280,cellular,18,aug,89,3,-1,0,unknown
21281,cellular,18,aug,115,4,-1,0,unknown
21282,cellular,18,aug,121,4,-1,0,unknown
21283,cellular,18,aug,119,7,-1,0,unknown
21284,cellular,18,aug,69,6,-1,0,unknown
21285,cellular,18,aug,98,6,-1,0,unknown
21286,cellular,18,aug,195,3,-1,0,unknown
21287,cellular,18,aug,104,4,-1,0,unknown
21288,cellular,18,aug,515,5,-1,0,unknown
21289,cellular,18,aug,86,7,-1,0,unknown
21290,cellular,18,aug,100,6,-1,0,unknown
21291,cellular,18,aug,27,17,-1,0,unknown
21292,cellular,18,aug,104,3,-1,0,unknown
21293,cellular,18,aug,63,4,-1,0,unknown
21294,cellular,18,aug,166,3,-1,0,unknown
21295,cellular,18,aug,113,4,-1,0,unknown
21296,cellular,18,aug,309,4,-1,0,unknown
21297,cellular,18,aug,124,4,-1,0,unknown
21298,cellular,18,aug,207,6,-1,0,unknown
21299,cellular,18,aug,90,6,-1,0,unknown
21300,cellular,18,aug,98,12,-1,0,unknown
21301,cellular,18,aug,100,4,-1,0,unknown
21302,cellular,18,aug,219,4,-1,0,unknown
21303,cellular,18,aug,129,4,-1,0,unknown
21304,cellular,18,aug,128,4,-1,0,unknown
21305,cellular,18,aug,75,7,-1,0,unknown
21306,cellular,18,aug,75,5,-1,0,unknown
21307,cellular,18,aug,67,4,-1,0,unknown
21308,cellular,18,aug,111,3,-1,0,unknown
21309,cellular,18,aug,498,3,-1,0,unknown
21310,cellular,18,aug,96,11,-1,0,unknown
21311,cellular,18,aug,203,4,-1,0,unknown
21312,cellular,18,aug,111,8,-1,0,unknown
21313,cellular,18,aug,585,3,-1,0,unknown
21314,cellular,18,aug,140,13,-1,0,unknown
21315,cellular,18,aug,235,4,-1,0,unknown
21316,cellular,18,aug,98,7,-1,0,unknown
21317,cellular,18,aug,129,3,-1,0,unknown
21318,cellular,18,aug,315,4,-1,0,unknown
21319,cellular,18,aug,147,10,-1,0,unknown
21320,cellular,18,aug,134,6,-1,0,unknown
21321,cellular,18,aug,431,6,-1,0,unknown
21322,telephone,18,aug,63,2,-1,0,unknown
21323,cellular,18,aug,29,3,-1,0,unknown
21324,cellular,18,aug,93,2,-1,0,unknown
21325,cellular,18,aug,697,4,-1,0,unknown
21326,cellular,18,aug,168,2,-1,0,unknown
21327,telephone,18,aug,212,2,-1,0,unknown
21328,telephone,18,aug,253,2,-1,0,unknown
21329,cellular,18,aug,280,2,-1,0,unknown
21330,cellular,18,aug,80,2,-1,0,unknown
21331,cellular,18,aug,169,3,-1,0,unknown
21332,telephone,18,aug,209,2,-1,0,unknown
21333,cellular,18,aug,119,7,-1,0,unknown
21334,telephone,18,aug,161,2,-1,0,unknown
21335,cellular,18,aug,36,4,-1,0,unknown
21336,telephone,18,aug,29,2,-1,0,unknown
21337,telephone,18,aug,79,2,-1,0,unknown
21338,cellular,18,aug,192,2,-1,0,unknown
21339,telephone,18,aug,199,2,-1,0,unknown
21340,cellular,18,aug,144,2,-1,0,unknown
21341,telephone,18,aug,331,2,-1,0,unknown
21342,cellular,18,aug,111,2,-1,0,unknown
21343,cellular,18,aug,471,2,-1,0,unknown
21344,cellular,18,aug,142,3,-1,0,unknown
21345,cellular,18,aug,58,4,-1,0,unknown
21346,cellular,18,aug,68,4,-1,0,unknown
21347,cellular,18,aug,79,2,-1,0,unknown
21348,cellular,18,aug,471,8,-1,0,unknown
21349,cellular,18,aug,102,7,-1,0,unknown
21350,cellular,18,aug,87,6,-1,0,unknown
21351,cellular,18,aug,128,2,-1,0,unknown
21352,cellular,18,aug,170,6,-1,0,unknown
21353,cellular,18,aug,101,2,-1,0,unknown
21354,telephone,18,aug,268,2,-1,0,unknown
21355,cellular,18,aug,263,4,-1,0,unknown
21356,cellular,18,aug,80,6,-1,0,unknown
21357,cellular,18,aug,52,3,-1,0,unknown
21358,cellular,18,aug,254,8,-1,0,unknown
21359,telephone,18,aug,201,11,-1,0,unknown
21360,cellular,18,aug,150,2,-1,0,unknown
21361,cellular,18,aug,70,2,-1,0,unknown
21362,cellular,18,aug,204,7,-1,0,unknown
21363,cellular,18,aug,130,2,-1,0,unknown
21364,cellular,18,aug,191,2,-1,0,unknown
21365,cellular,18,aug,781,2,-1,0,unknown
21366,cellular,18,aug,74,3,-1,0,unknown
21367,cellular,18,aug,66,4,-1,0,unknown
21368,cellular,18,aug,80,13,-1,0,unknown
21369,cellular,18,aug,91,4,-1,0,unknown
21370,telephone,18,aug,280,13,-1,0,unknown
21371,telephone,18,aug,212,2,-1,0,unknown
21372,cellular,18,aug,143,4,-1,0,unknown
21373,cellular,18,aug,93,3,-1,0,unknown
21374,cellular,18,aug,65,3,-1,0,unknown
21375,cellular,18,aug,271,8,-1,0,unknown
21376,cellular,18,aug,199,8,-1,0,unknown
21377,cellular,18,aug,1126,5,-1,0,unknown
21378,cellular,18,aug,514,10,-1,0,unknown
21379,cellular,18,aug,75,2,-1,0,unknown
21380,cellular,18,aug,392,2,-1,0,unknown
21381,cellular,18,aug,119,6,-1,0,unknown
21382,cellular,18,aug,151,4,-1,0,unknown
21383,cellular,18,aug,150,4,-1,0,unknown
21384,cellular,18,aug,215,6,-1,0,unknown
21385,cellular,18,aug,547,11,-1,0,unknown
21386,cellular,18,aug,85,2,-1,0,unknown
21387,cellular,18,aug,520,7,-1,0,unknown
21388,cellular,18,aug,86,2,-1,0,unknown
21389,cellular,18,aug,22,2,-1,0,unknown
21390,cellular,18,aug,75,2,-1,0,unknown
21391,cellular,18,aug,134,2,-1,0,unknown
21392,cellular,18,aug,82,3,-1,0,unknown
21393,cellular,18,aug,984,2,-1,0,unknown
21394,cellular,18,aug,256,6,-1,0,unknown
21395,cellular,18,aug,249,6,-1,0,unknown
21396,cellular,18,aug,62,6,-1,0,unknown
21397,cellular,18,aug,384,11,-1,0,unknown
21398,cellular,18,aug,377,7,-1,0,unknown
21399,cellular,18,aug,201,4,-1,0,unknown
21400,cellular,18,aug,64,7,-1,0,unknown
21401,cellular,18,aug,261,7,-1,0,unknown
21402,cellular,18,aug,1576,8,-1,0,unknown
21403,cellular,18,aug,155,4,-1,0,unknown
21404,cellular,18,aug,128,4,-1,0,unknown
21405,cellular,18,aug,260,8,-1,0,unknown
21406,cellular,18,aug,103,8,-1,0,unknown
21407,cellular,18,aug,178,4,-1,0,unknown
21408,cellular,18,aug,504,7,-1,0,unknown
21409,cellular,18,aug,16,15,-1,0,unknown
21410,cellular,18,aug,135,6,-1,0,unknown
21411,cellular,18,aug,202,14,-1,0,unknown
21412,cellular,18,aug,37,4,-1,0,unknown
21413,cellular,18,aug,149,5,-1,0,unknown
21414,cellular,18,aug,1364,4,-1,0,unknown
21415,cellular,18,aug,998,6,-1,0,unknown
21416,cellular,18,aug,166,6,-1,0,unknown
21417,cellular,18,aug,286,5,-1,0,unknown
21418,cellular,18,aug,213,5,-1,0,unknown
21419,cellular,18,aug,207,5,-1,0,unknown
21420,cellular,18,aug,73,7,-1,0,unknown
21421,cellular,18,aug,1559,7,-1,0,unknown
21422,cellular,18,aug,194,2,-1,0,unknown
21423,cellular,18,aug,221,5,-1,0,unknown
21424,cellular,18,aug,192,7,-1,0,unknown
21425,cellular,18,aug,304,3,-1,0,unknown
21426,cellular,18,aug,124,3,-1,0,unknown
21427,cellular,18,aug,67,2,-1,0,unknown
21428,cellular,18,aug,276,5,-1,0,unknown
21429,cellular,18,aug,174,5,-1,0,unknown
21430,cellular,18,aug,457,11,-1,0,unknown
21431,cellular,18,aug,885,3,-1,0,unknown
21432,cellular,18,aug,405,13,-1,0,unknown
21433,cellular,18,aug,350,6,-1,0,unknown
21434,cellular,18,aug,395,4,-1,0,unknown
21435,cellular,18,aug,312,3,-1,0,unknown
21436,cellular,18,aug,26,5,-1,0,unknown
21437,cellular,18,aug,779,9,-1,0,unknown
21438,cellular,18,aug,92,14,-1,0,unknown
21439,cellular,18,aug,374,16,-1,0,unknown
21440,cellular,18,aug,76,5,-1,0,unknown
21441,cellular,18,aug,119,3,-1,0,unknown
21442,cellular,18,aug,296,3,-1,0,unknown
21443,cellular,18,aug,193,5,-1,0,unknown
21444,cellular,18,aug,87,7,-1,0,unknown
21445,cellular,18,aug,243,9,-1,0,unknown
21446,cellular,18,aug,835,4,-1,0,unknown
21447,cellular,18,aug,205,4,-1,0,unknown
21448,cellular,18,aug,724,16,-1,0,unknown
21449,cellular,18,aug,445,3,-1,0,unknown
21450,cellular,18,aug,244,2,-1,0,unknown
21451,cellular,18,aug,212,12,-1,0,unknown
21452,cellular,18,aug,119,7,-1,0,unknown
21453,cellular,18,aug,709,3,-1,0,unknown
21454,cellular,18,aug,176,3,-1,0,unknown
21455,cellular,18,aug,241,5,-1,0,unknown
21456,cellular,18,aug,314,4,-1,0,unknown
21457,cellular,18,aug,43,4,-1,0,unknown
21458,cellular,18,aug,127,4,-1,0,unknown
21459,cellular,18,aug,729,5,-1,0,unknown
21460,cellular,18,aug,285,7,-1,0,unknown
21461,cellular,18,aug,393,3,-1,0,unknown
21462,cellular,18,aug,242,5,-1,0,unknown
21463,cellular,18,aug,82,3,-1,0,unknown
21464,telephone,18,aug,238,3,-1,0,unknown
21465,cellular,18,aug,189,7,-1,0,unknown
21466,cellular,18,aug,129,4,-1,0,unknown
21467,cellular,18,aug,157,3,-1,0,unknown
21468,cellular,18,aug,195,10,-1,0,unknown
21469,cellular,18,aug,199,7,-1,0,unknown
21470,cellular,18,aug,298,10,-1,0,unknown
21471,cellular,18,aug,43,5,-1,0,unknown
21472,cellular,18,aug,273,4,-1,0,unknown
21473,cellular,18,aug,37,3,-1,0,unknown
21474,cellular,18,aug,693,7,-1,0,unknown
21475,cellular,19,aug,99,7,-1,0,unknown
21476,cellular,19,aug,139,3,-1,0,unknown
21477,cellular,19,aug,97,6,-1,0,unknown
21478,cellular,19,aug,78,6,-1,0,unknown
21479,cellular,19,aug,151,8,-1,0,unknown
21480,cellular,19,aug,192,7,-1,0,unknown
21481,cellular,19,aug,120,15,-1,0,unknown
21482,cellular,19,aug,607,7,-1,0,unknown
21483,cellular,19,aug,141,4,-1,0,unknown
21484,cellular,19,aug,81,2,-1,0,unknown
21485,cellular,19,aug,123,2,-1,0,unknown
21486,cellular,19,aug,116,7,-1,0,unknown
21487,cellular,19,aug,156,2,-1,0,unknown
21488,cellular,19,aug,58,2,-1,0,unknown
21489,cellular,19,aug,203,2,-1,0,unknown
21490,cellular,19,aug,122,2,-1,0,unknown
21491,cellular,19,aug,286,2,-1,0,unknown
21492,cellular,19,aug,645,14,-1,0,unknown
21493,cellular,19,aug,316,2,-1,0,unknown
21494,cellular,19,aug,177,8,-1,0,unknown
21495,cellular,19,aug,158,2,-1,0,unknown
21496,cellular,19,aug,125,4,-1,0,unknown
21497,cellular,19,aug,112,2,-1,0,unknown
21498,cellular,19,aug,54,2,-1,0,unknown
21499,cellular,19,aug,255,2,-1,0,unknown
21500,cellular,19,aug,133,20,-1,0,unknown
21501,cellular,19,aug,134,2,-1,0,unknown
21502,cellular,19,aug,56,7,-1,0,unknown
21503,cellular,19,aug,78,2,-1,0,unknown
21504,cellular,19,aug,162,2,-1,0,unknown
21505,cellular,19,aug,118,2,-1,0,unknown
21506,cellular,19,aug,432,15,-1,0,unknown
21507,cellular,19,aug,331,2,-1,0,unknown
21508,cellular,19,aug,87,2,-1,0,unknown
21509,cellular,19,aug,70,2,-1,0,unknown
21510,cellular,19,aug,222,2,-1,0,unknown
21511,cellular,19,aug,213,2,-1,0,unknown
21512,cellular,19,aug,166,2,-1,0,unknown
21513,cellular,19,aug,100,9,-1,0,unknown
21514,cellular,19,aug,55,4,-1,0,unknown
21515,cellular,19,aug,103,7,-1,0,unknown
21516,cellular,19,aug,215,2,-1,0,unknown
21517,cellular,19,aug,104,2,-1,0,unknown
21518,cellular,19,aug,361,5,-1,0,unknown
21519,telephone,19,aug,223,7,-1,0,unknown
21520,cellular,19,aug,235,3,-1,0,unknown
21521,cellular,19,aug,96,2,-1,0,unknown
21522,cellular,19,aug,210,2,-1,0,unknown
21523,cellular,19,aug,276,2,-1,0,unknown
21524,cellular,19,aug,671,2,-1,0,unknown
21525,cellular,19,aug,83,2,-1,0,unknown
21526,cellular,19,aug,189,2,-1,0,unknown
21527,cellular,19,aug,144,2,-1,0,unknown
21528,cellular,19,aug,151,11,-1,0,unknown
21529,cellular,19,aug,51,2,-1,0,unknown
21530,cellular,19,aug,344,4,-1,0,unknown
21531,cellular,19,aug,91,2,-1,0,unknown
21532,cellular,19,aug,284,2,-1,0,unknown
21533,cellular,19,aug,490,4,-1,0,unknown
21534,cellular,19,aug,75,2,-1,0,unknown
21535,cellular,19,aug,134,9,-1,0,unknown
21536,cellular,19,aug,141,2,-1,0,unknown
21537,cellular,19,aug,295,2,-1,0,unknown
21538,cellular,19,aug,198,6,-1,0,unknown
21539,cellular,19,aug,199,2,-1,0,unknown
21540,cellular,19,aug,92,4,-1,0,unknown
21541,cellular,19,aug,504,4,-1,0,unknown
21542,cellular,19,aug,68,2,-1,0,unknown
21543,cellular,19,aug,101,2,-1,0,unknown
21544,cellular,19,aug,113,2,-1,0,unknown
21545,cellular,19,aug,121,4,-1,0,unknown
21546,cellular,19,aug,264,2,-1,0,unknown
21547,cellular,19,aug,153,3,-1,0,unknown
21548,cellular,19,aug,1293,8,-1,0,unknown
21549,cellular,19,aug,359,4,-1,0,unknown
21550,cellular,19,aug,150,2,-1,0,unknown
21551,cellular,19,aug,74,2,-1,0,unknown
21552,cellular,19,aug,227,4,-1,0,unknown
21553,cellular,19,aug,129,11,-1,0,unknown
21554,cellular,19,aug,125,13,-1,0,unknown
21555,cellular,19,aug,323,6,-1,0,unknown
21556,cellular,19,aug,101,2,-1,0,unknown
21557,cellular,19,aug,128,8,-1,0,unknown
21558,cellular,19,aug,193,2,-1,0,unknown
21559,cellular,19,aug,260,2,-1,0,unknown
21560,cellular,19,aug,133,4,-1,0,unknown
21561,cellular,19,aug,501,2,-1,0,unknown
21562,cellular,19,aug,131,2,-1,0,unknown
21563,cellular,19,aug,109,2,-1,0,unknown
21564,cellular,19,aug,97,2,-1,0,unknown
21565,cellular,19,aug,339,2,-1,0,unknown
21566,cellular,19,aug,143,2,-1,0,unknown
21567,cellular,19,aug,149,2,-1,0,unknown
21568,cellular,19,aug,256,2,-1,0,unknown
21569,cellular,19,aug,111,4,-1,0,unknown
21570,cellular,19,aug,332,2,-1,0,unknown
21571,cellular,19,aug,290,2,-1,0,unknown
21572,cellular,19,aug,80,6,-1,0,unknown
21573,cellular,19,aug,58,2,-1,0,unknown
21574,cellular,19,aug,186,4,-1,0,unknown
21575,cellular,19,aug,119,6,-1,0,unknown
21576,cellular,19,aug,145,10,-1,0,unknown
21577,cellular,19,aug,145,7,-1,0,unknown
21578,cellular,19,aug,126,6,-1,0,unknown
21579,cellular,19,aug,100,2,-1,0,unknown
21580,cellular,19,aug,204,4,-1,0,unknown
21581,cellular,19,aug,178,2,-1,0,unknown
21582,telephone,19,aug,225,4,-1,0,unknown
21583,cellular,19,aug,160,4,-1,0,unknown
21584,cellular,19,aug,118,2,-1,0,unknown
21585,cellular,19,aug,97,5,-1,0,unknown
21586,cellular,19,aug,391,6,-1,0,unknown
21587,cellular,19,aug,130,2,-1,0,unknown
21588,cellular,19,aug,276,2,-1,0,unknown
21589,cellular,19,aug,159,4,-1,0,unknown
21590,cellular,19,aug,452,2,-1,0,unknown
21591,cellular,19,aug,129,4,-1,0,unknown
21592,cellular,19,aug,164,2,-1,0,unknown
21593,cellular,19,aug,195,2,-1,0,unknown
21594,cellular,19,aug,167,2,-1,0,unknown
21595,cellular,19,aug,117,6,-1,0,unknown
21596,cellular,19,aug,306,2,-1,0,unknown
21597,cellular,19,aug,55,4,-1,0,unknown
21598,cellular,19,aug,194,2,-1,0,unknown
21599,cellular,19,aug,133,4,-1,0,unknown
21600,cellular,19,aug,156,4,-1,0,unknown
21601,cellular,19,aug,175,6,-1,0,unknown
21602,cellular,19,aug,419,4,-1,0,unknown
21603,cellular,19,aug,190,2,-1,0,unknown
21604,cellular,19,aug,109,6,-1,0,unknown
21605,cellular,19,aug,323,4,-1,0,unknown
21606,cellular,19,aug,409,2,-1,0,unknown
21607,cellular,19,aug,176,4,-1,0,unknown
21608,cellular,19,aug,406,2,-1,0,unknown
21609,cellular,19,aug,92,4,-1,0,unknown
21610,cellular,19,aug,113,6,-1,0,unknown
21611,cellular,19,aug,222,4,-1,0,unknown
21612,cellular,19,aug,183,20,-1,0,unknown
21613,cellular,19,aug,90,4,-1,0,unknown
21614,cellular,19,aug,188,4,-1,0,unknown
21615,cellular,19,aug,275,8,-1,0,unknown
21616,cellular,19,aug,96,4,-1,0,unknown
21617,cellular,19,aug,21,25,-1,0,unknown
21618,cellular,19,aug,163,4,-1,0,unknown
21619,cellular,19,aug,28,17,-1,0,unknown
21620,cellular,19,aug,950,6,-1,0,unknown
21621,cellular,19,aug,99,6,-1,0,unknown
21622,cellular,19,aug,120,6,-1,0,unknown
21623,cellular,19,aug,129,4,-1,0,unknown
21624,cellular,19,aug,35,4,-1,0,unknown
21625,cellular,19,aug,119,4,-1,0,unknown
21626,cellular,19,aug,74,2,-1,0,unknown
21627,cellular,19,aug,687,4,-1,0,unknown
21628,cellular,19,aug,224,2,-1,0,unknown
21629,cellular,19,aug,292,2,-1,0,unknown
21630,cellular,19,aug,289,2,-1,0,unknown
21631,cellular,19,aug,163,2,-1,0,unknown
21632,cellular,19,aug,155,4,-1,0,unknown
21633,cellular,19,aug,73,6,-1,0,unknown
21634,cellular,19,aug,1241,3,-1,0,unknown
21635,cellular,19,aug,299,2,-1,0,unknown
21636,cellular,19,aug,209,2,-1,0,unknown
21637,cellular,19,aug,131,6,-1,0,unknown
21638,cellular,19,aug,587,2,-1,0,unknown
21639,cellular,19,aug,58,2,-1,0,unknown
21640,cellular,19,aug,191,4,-1,0,unknown
21641,cellular,19,aug,274,4,-1,0,unknown
21642,cellular,19,aug,80,6,-1,0,unknown
21643,cellular,19,aug,95,4,-1,0,unknown
21644,cellular,19,aug,220,4,-1,0,unknown
21645,cellular,19,aug,168,2,-1,0,unknown
21646,cellular,19,aug,360,2,-1,0,unknown
21647,cellular,19,aug,12,16,-1,0,unknown
21648,cellular,19,aug,133,2,-1,0,unknown
21649,cellular,19,aug,120,6,-1,0,unknown
21650,unknown,19,aug,69,2,-1,0,unknown
21651,cellular,19,aug,82,8,-1,0,unknown
21652,cellular,19,aug,119,2,-1,0,unknown
21653,cellular,19,aug,258,2,-1,0,unknown
21654,cellular,19,aug,195,2,-1,0,unknown
21655,cellular,19,aug,696,2,-1,0,unknown
21656,cellular,19,aug,105,2,-1,0,unknown
21657,cellular,19,aug,387,8,-1,0,unknown
21658,cellular,19,aug,243,6,-1,0,unknown
21659,cellular,19,aug,377,2,-1,0,unknown
21660,cellular,19,aug,60,2,-1,0,unknown
21661,cellular,19,aug,91,2,-1,0,unknown
21662,cellular,19,aug,103,2,-1,0,unknown
21663,cellular,19,aug,281,2,-1,0,unknown
21664,cellular,19,aug,110,4,-1,0,unknown
21665,cellular,19,aug,100,2,-1,0,unknown
21666,cellular,19,aug,111,2,-1,0,unknown
21667,cellular,19,aug,528,9,-1,0,unknown
21668,cellular,19,aug,144,4,-1,0,unknown
21669,cellular,19,aug,292,4,-1,0,unknown
21670,cellular,19,aug,120,6,-1,0,unknown
21671,cellular,19,aug,102,2,-1,0,unknown
21672,cellular,19,aug,92,2,-1,0,unknown
21673,cellular,19,aug,124,2,-1,0,unknown
21674,cellular,19,aug,142,2,-1,0,unknown
21675,cellular,19,aug,79,2,-1,0,unknown
21676,cellular,19,aug,153,2,-1,0,unknown
21677,cellular,19,aug,98,4,-1,0,unknown
21678,cellular,19,aug,551,4,-1,0,unknown
21679,cellular,19,aug,97,2,-1,0,unknown
21680,cellular,19,aug,181,6,-1,0,unknown
21681,cellular,19,aug,386,2,-1,0,unknown
21682,cellular,19,aug,349,4,-1,0,unknown
21683,cellular,19,aug,358,2,-1,0,unknown
21684,cellular,19,aug,153,2,-1,0,unknown
21685,cellular,19,aug,197,2,-1,0,unknown
21686,cellular,19,aug,245,2,-1,0,unknown
21687,cellular,19,aug,168,2,-1,0,unknown
21688,cellular,19,aug,111,2,-1,0,unknown
21689,cellular,19,aug,288,2,-1,0,unknown
21690,cellular,19,aug,28,17,-1,0,unknown
21691,cellular,19,aug,280,4,-1,0,unknown
21692,cellular,19,aug,15,18,-1,0,unknown
21693,cellular,19,aug,824,2,-1,0,unknown
21694,cellular,19,aug,451,6,-1,0,unknown
21695,cellular,19,aug,99,2,-1,0,unknown
21696,cellular,19,aug,486,4,-1,0,unknown
21697,cellular,19,aug,156,2,-1,0,unknown
21698,cellular,19,aug,53,4,-1,0,unknown
21699,cellular,19,aug,40,2,-1,0,unknown
21700,cellular,19,aug,328,1,-1,0,unknown
21701,cellular,19,aug,19,18,-1,0,unknown
21702,cellular,19,aug,144,3,-1,0,unknown
21703,cellular,19,aug,42,1,-1,0,unknown
21704,cellular,19,aug,1059,5,-1,0,unknown
21705,cellular,19,aug,117,3,-1,0,unknown
21706,cellular,19,aug,1032,3,-1,0,unknown
21707,cellular,19,aug,141,3,-1,0,unknown
21708,cellular,19,aug,153,7,-1,0,unknown
21709,cellular,19,aug,98,1,-1,0,unknown
21710,cellular,19,aug,202,1,-1,0,unknown
21711,cellular,19,aug,294,3,-1,0,unknown
21712,cellular,19,aug,130,1,-1,0,unknown
21713,cellular,19,aug,729,5,-1,0,unknown
21714,cellular,19,aug,264,1,-1,0,unknown
21715,telephone,19,aug,18,20,-1,0,unknown
21716,cellular,19,aug,285,1,-1,0,unknown
21717,cellular,19,aug,367,1,-1,0,unknown
21718,cellular,19,aug,178,1,-1,0,unknown
21719,cellular,19,aug,87,1,-1,0,unknown
21720,cellular,19,aug,86,5,-1,0,unknown
21721,cellular,19,aug,255,1,-1,0,unknown
21722,cellular,19,aug,155,3,-1,0,unknown
21723,cellular,19,aug,88,1,-1,0,unknown
21724,cellular,19,aug,220,1,-1,0,unknown
21725,cellular,19,aug,134,1,-1,0,unknown
21726,cellular,19,aug,88,1,-1,0,unknown
21727,cellular,19,aug,199,3,-1,0,unknown
21728,cellular,19,aug,211,2,-1,0,unknown
21729,cellular,19,aug,173,1,-1,0,unknown
21730,cellular,19,aug,68,1,-1,0,unknown
21731,cellular,19,aug,44,1,-1,0,unknown
21732,cellular,19,aug,171,7,-1,0,unknown
21733,cellular,19,aug,158,8,-1,0,unknown
21734,cellular,19,aug,271,3,-1,0,unknown
21735,cellular,19,aug,59,3,-1,0,unknown
21736,cellular,19,aug,61,5,-1,0,unknown
21737,cellular,19,aug,61,6,-1,0,unknown
21738,cellular,19,aug,106,7,-1,0,unknown
21739,cellular,19,aug,118,3,-1,0,unknown
21740,cellular,19,aug,392,3,-1,0,unknown
21741,cellular,19,aug,313,3,-1,0,unknown
21742,cellular,19,aug,82,4,-1,0,unknown
21743,cellular,19,aug,109,3,-1,0,unknown
21744,cellular,19,aug,78,3,-1,0,unknown
21745,cellular,19,aug,135,3,-1,0,unknown
21746,cellular,19,aug,121,4,-1,0,unknown
21747,cellular,19,aug,97,9,-1,0,unknown
21748,cellular,19,aug,37,5,-1,0,unknown
21749,cellular,19,aug,329,4,-1,0,unknown
21750,cellular,19,aug,221,12,-1,0,unknown
21751,telephone,19,aug,105,5,-1,0,unknown
21752,cellular,19,aug,268,14,-1,0,unknown
21753,cellular,19,aug,160,3,-1,0,unknown
21754,cellular,19,aug,332,3,-1,0,unknown
21755,cellular,19,aug,205,5,-1,0,unknown
21756,cellular,19,aug,599,3,-1,0,unknown
21757,cellular,19,aug,290,15,-1,0,unknown
21758,cellular,19,aug,249,3,-1,0,unknown
21759,cellular,19,aug,629,7,-1,0,unknown
21760,cellular,19,aug,137,2,-1,0,unknown
21761,cellular,19,aug,231,4,-1,0,unknown
21762,cellular,19,aug,119,9,-1,0,unknown
21763,cellular,19,aug,308,2,-1,0,unknown
21764,cellular,19,aug,609,4,-1,0,unknown
21765,cellular,19,aug,147,3,-1,0,unknown
21766,cellular,19,aug,123,5,-1,0,unknown
21767,cellular,19,aug,199,5,-1,0,unknown
21768,cellular,19,aug,219,2,-1,0,unknown
21769,cellular,19,aug,386,3,-1,0,unknown
21770,cellular,19,aug,112,7,-1,0,unknown
21771,cellular,19,aug,173,11,-1,0,unknown
21772,cellular,19,aug,228,5,-1,0,unknown
21773,cellular,19,aug,207,3,-1,0,unknown
21774,cellular,19,aug,347,3,-1,0,unknown
21775,cellular,19,aug,256,2,-1,0,unknown
21776,cellular,19,aug,85,6,-1,0,unknown
21777,cellular,19,aug,207,6,-1,0,unknown
21778,cellular,19,aug,187,4,-1,0,unknown
21779,cellular,19,aug,166,3,-1,0,unknown
21780,cellular,19,aug,152,3,-1,0,unknown
21781,cellular,19,aug,836,3,-1,0,unknown
21782,cellular,19,aug,242,4,-1,0,unknown
21783,cellular,19,aug,235,5,-1,0,unknown
21784,telephone,19,aug,132,4,-1,0,unknown
21785,cellular,19,aug,561,3,-1,0,unknown
21786,cellular,19,aug,159,2,-1,0,unknown
21787,cellular,19,aug,1200,3,-1,0,unknown
21788,cellular,19,aug,173,3,-1,0,unknown
21789,cellular,19,aug,695,3,-1,0,unknown
21790,cellular,19,aug,103,4,-1,0,unknown
21791,unknown,19,aug,480,1,-1,0,unknown
21792,cellular,20,aug,46,5,-1,0,unknown
21793,cellular,20,aug,108,5,-1,0,unknown
21794,cellular,20,aug,131,8,-1,0,unknown
21795,cellular,20,aug,129,4,-1,0,unknown
21796,cellular,20,aug,80,5,-1,0,unknown
21797,cellular,20,aug,83,6,-1,0,unknown
21798,cellular,20,aug,582,7,-1,0,unknown
21799,cellular,20,aug,68,8,-1,0,unknown
21800,cellular,20,aug,190,12,-1,0,unknown
21801,cellular,20,aug,255,8,-1,0,unknown
21802,cellular,20,aug,117,4,-1,0,unknown
21803,cellular,20,aug,143,4,-1,0,unknown
21804,cellular,20,aug,183,4,-1,0,unknown
21805,cellular,20,aug,216,2,-1,0,unknown
21806,cellular,20,aug,143,2,-1,0,unknown
21807,cellular,20,aug,43,2,-1,0,unknown
21808,cellular,20,aug,154,2,-1,0,unknown
21809,cellular,20,aug,261,2,-1,0,unknown
21810,cellular,20,aug,649,2,-1,0,unknown
21811,cellular,20,aug,155,2,-1,0,unknown
21812,cellular,20,aug,162,2,-1,0,unknown
21813,cellular,20,aug,30,2,-1,0,unknown
21814,cellular,20,aug,89,2,-1,0,unknown
21815,cellular,20,aug,50,3,-1,0,unknown
21816,cellular,20,aug,81,4,-1,0,unknown
21817,cellular,20,aug,181,2,-1,0,unknown
21818,cellular,20,aug,142,2,-1,0,unknown
21819,cellular,20,aug,223,2,-1,0,unknown
21820,cellular,20,aug,55,2,-1,0,unknown
21821,cellular,20,aug,76,2,-1,0,unknown
21822,cellular,20,aug,160,2,-1,0,unknown
21823,cellular,20,aug,120,2,-1,0,unknown
21824,cellular,20,aug,121,4,-1,0,unknown
21825,cellular,20,aug,256,4,-1,0,unknown
21826,cellular,20,aug,322,2,-1,0,unknown
21827,cellular,20,aug,156,2,-1,0,unknown
21828,cellular,20,aug,50,2,-1,0,unknown
21829,cellular,20,aug,132,4,-1,0,unknown
21830,cellular,20,aug,64,2,-1,0,unknown
21831,cellular,20,aug,18,7,-1,0,unknown
21832,cellular,20,aug,483,2,-1,0,unknown
21833,cellular,20,aug,212,2,-1,0,unknown
21834,cellular,20,aug,329,4,-1,0,unknown
21835,cellular,20,aug,239,2,-1,0,unknown
21836,cellular,20,aug,129,2,-1,0,unknown
21837,cellular,20,aug,150,2,-1,0,unknown
21838,cellular,20,aug,257,2,-1,0,unknown
21839,cellular,20,aug,25,2,-1,0,unknown
21840,cellular,20,aug,133,2,-1,0,unknown
21841,cellular,20,aug,391,4,-1,0,unknown
21842,cellular,20,aug,127,2,-1,0,unknown
21843,cellular,20,aug,138,2,-1,0,unknown
21844,cellular,20,aug,228,2,-1,0,unknown
21845,cellular,20,aug,128,2,-1,0,unknown
21846,cellular,20,aug,140,2,-1,0,unknown
21847,cellular,20,aug,88,2,-1,0,unknown
21848,cellular,20,aug,97,2,-1,0,unknown
21849,cellular,20,aug,340,4,-1,0,unknown
21850,cellular,20,aug,157,2,-1,0,unknown
21851,cellular,20,aug,921,2,-1,0,unknown
21852,cellular,20,aug,84,2,-1,0,unknown
21853,cellular,20,aug,113,2,-1,0,unknown
21854,cellular,20,aug,500,2,-1,0,unknown
21855,cellular,20,aug,179,2,-1,0,unknown
21856,cellular,20,aug,53,2,-1,0,unknown
21857,cellular,20,aug,155,4,-1,0,unknown
21858,cellular,20,aug,467,2,-1,0,unknown
21859,cellular,20,aug,112,4,-1,0,unknown
21860,cellular,20,aug,70,2,-1,0,unknown
21861,cellular,20,aug,231,2,-1,0,unknown
21862,cellular,20,aug,124,4,-1,0,unknown
21863,cellular,20,aug,158,4,-1,0,unknown
21864,cellular,20,aug,110,4,-1,0,unknown
21865,cellular,20,aug,90,6,-1,0,unknown
21866,cellular,20,aug,98,4,-1,0,unknown
21867,cellular,20,aug,289,2,-1,0,unknown
21868,cellular,20,aug,110,2,-1,0,unknown
21869,cellular,20,aug,428,8,-1,0,unknown
21870,cellular,20,aug,123,2,-1,0,unknown
21871,cellular,20,aug,328,2,-1,0,unknown
21872,cellular,20,aug,193,4,-1,0,unknown
21873,cellular,20,aug,351,2,-1,0,unknown
21874,cellular,20,aug,202,2,-1,0,unknown
21875,cellular,20,aug,203,4,-1,0,unknown
21876,cellular,20,aug,552,5,-1,0,unknown
21877,cellular,20,aug,79,4,-1,0,unknown
21878,cellular,20,aug,89,2,-1,0,unknown
21879,cellular,20,aug,322,2,-1,0,unknown
21880,cellular,20,aug,93,2,-1,0,unknown
21881,cellular,20,aug,387,7,-1,0,unknown
21882,cellular,20,aug,162,4,-1,0,unknown
21883,cellular,20,aug,93,4,-1,0,unknown
21884,cellular,20,aug,875,4,-1,0,unknown
21885,cellular,20,aug,108,4,-1,0,unknown
21886,cellular,20,aug,552,4,-1,0,unknown
21887,cellular,20,aug,209,2,-1,0,unknown
21888,cellular,20,aug,263,2,-1,0,unknown
21889,cellular,20,aug,185,4,-1,0,unknown
21890,cellular,20,aug,105,2,-1,0,unknown
21891,cellular,20,aug,75,2,-1,0,unknown
21892,cellular,20,aug,360,4,-1,0,unknown
21893,cellular,20,aug,219,2,-1,0,unknown
21894,cellular,20,aug,157,4,-1,0,unknown
21895,cellular,20,aug,113,4,-1,0,unknown
21896,cellular,20,aug,196,2,-1,0,unknown
21897,cellular,20,aug,129,2,-1,0,unknown
21898,cellular,20,aug,118,2,-1,0,unknown
21899,cellular,20,aug,94,2,-1,0,unknown
21900,cellular,20,aug,138,4,-1,0,unknown
21901,cellular,20,aug,204,4,-1,0,unknown
21902,cellular,20,aug,112,2,-1,0,unknown
21903,cellular,20,aug,107,2,-1,0,unknown
21904,cellular,20,aug,359,2,-1,0,unknown
21905,cellular,20,aug,123,2,-1,0,unknown
21906,cellular,20,aug,75,2,-1,0,unknown
21907,cellular,20,aug,156,2,-1,0,unknown
21908,cellular,20,aug,332,4,-1,0,unknown
21909,telephone,20,aug,588,6,-1,0,unknown
21910,cellular,20,aug,55,4,-1,0,unknown
21911,cellular,20,aug,184,3,-1,0,unknown
21912,cellular,20,aug,237,4,-1,0,unknown
21913,cellular,20,aug,122,2,-1,0,unknown
21914,cellular,20,aug,215,2,-1,0,unknown
21915,cellular,20,aug,25,20,-1,0,unknown
21916,cellular,20,aug,211,3,-1,0,unknown
21917,cellular,20,aug,71,2,-1,0,unknown
21918,cellular,20,aug,172,2,-1,0,unknown
21919,cellular,20,aug,100,4,-1,0,unknown
21920,cellular,20,aug,119,2,-1,0,unknown
21921,cellular,20,aug,87,2,-1,0,unknown
21922,cellular,20,aug,200,2,-1,0,unknown
21923,cellular,20,aug,214,8,-1,0,unknown
21924,cellular,20,aug,763,14,-1,0,unknown
21925,cellular,20,aug,95,2,-1,0,unknown
21926,cellular,20,aug,195,2,-1,0,unknown
21927,cellular,20,aug,210,2,-1,0,unknown
21928,cellular,20,aug,413,2,-1,0,unknown
21929,cellular,20,aug,97,3,-1,0,unknown
21930,cellular,20,aug,472,2,-1,0,unknown
21931,cellular,20,aug,352,4,-1,0,unknown
21932,cellular,20,aug,171,6,-1,0,unknown
21933,cellular,20,aug,212,4,-1,0,unknown
21934,cellular,20,aug,72,4,-1,0,unknown
21935,cellular,20,aug,197,13,-1,0,unknown
21936,cellular,20,aug,76,3,-1,0,unknown
21937,cellular,20,aug,161,4,-1,0,unknown
21938,cellular,20,aug,140,4,-1,0,unknown
21939,cellular,20,aug,81,2,-1,0,unknown
21940,cellular,20,aug,65,2,-1,0,unknown
21941,cellular,20,aug,687,4,-1,0,unknown
21942,cellular,20,aug,285,2,-1,0,unknown
21943,cellular,20,aug,75,9,-1,0,unknown
21944,cellular,20,aug,1740,2,-1,0,unknown
21945,cellular,20,aug,513,4,-1,0,unknown
21946,cellular,20,aug,744,7,-1,0,unknown
21947,cellular,20,aug,177,2,-1,0,unknown
21948,cellular,20,aug,184,6,-1,0,unknown
21949,cellular,20,aug,62,4,-1,0,unknown
21950,cellular,20,aug,103,4,-1,0,unknown
21951,cellular,20,aug,194,6,-1,0,unknown
21952,cellular,20,aug,94,4,-1,0,unknown
21953,cellular,20,aug,88,4,-1,0,unknown
21954,cellular,20,aug,77,2,-1,0,unknown
21955,cellular,20,aug,239,2,-1,0,unknown
21956,cellular,20,aug,414,2,-1,0,unknown
21957,cellular,20,aug,252,2,-1,0,unknown
21958,cellular,20,aug,113,4,-1,0,unknown
21959,cellular,20,aug,88,4,-1,0,unknown
21960,cellular,20,aug,447,4,-1,0,unknown
21961,cellular,20,aug,379,4,-1,0,unknown
21962,cellular,20,aug,15,19,-1,0,unknown
21963,cellular,20,aug,203,4,-1,0,unknown
21964,cellular,20,aug,471,10,-1,0,unknown
21965,cellular,20,aug,173,4,-1,0,unknown
21966,cellular,20,aug,82,2,-1,0,unknown
21967,cellular,20,aug,162,2,-1,0,unknown
21968,cellular,20,aug,174,2,-1,0,unknown
21969,cellular,20,aug,188,6,-1,0,unknown
21970,cellular,20,aug,1408,5,-1,0,unknown
21971,cellular,20,aug,132,2,-1,0,unknown
21972,cellular,20,aug,70,4,-1,0,unknown
21973,cellular,20,aug,293,2,-1,0,unknown
21974,cellular,20,aug,102,2,-1,0,unknown
21975,cellular,20,aug,118,2,-1,0,unknown
21976,cellular,20,aug,584,2,-1,0,unknown
21977,cellular,20,aug,718,2,-1,0,unknown
21978,cellular,20,aug,174,2,-1,0,unknown
21979,cellular,20,aug,58,2,-1,0,unknown
21980,cellular,20,aug,69,4,-1,0,unknown
21981,cellular,20,aug,95,2,-1,0,unknown
21982,cellular,20,aug,94,2,-1,0,unknown
21983,cellular,20,aug,921,6,-1,0,unknown
21984,cellular,20,aug,605,4,-1,0,unknown
21985,cellular,20,aug,174,2,-1,0,unknown
21986,cellular,20,aug,111,2,-1,0,unknown
21987,cellular,20,aug,245,1,-1,0,unknown
21988,cellular,20,aug,156,12,-1,0,unknown
21989,cellular,20,aug,280,1,-1,0,unknown
21990,cellular,20,aug,243,5,-1,0,unknown
21991,cellular,20,aug,358,3,-1,0,unknown
21992,cellular,20,aug,430,4,-1,0,unknown
21993,cellular,20,aug,132,2,-1,0,unknown
21994,cellular,20,aug,380,4,-1,0,unknown
21995,cellular,20,aug,327,3,-1,0,unknown
21996,cellular,20,aug,627,2,-1,0,unknown
21997,cellular,20,aug,251,3,-1,0,unknown
21998,cellular,20,aug,175,2,-1,0,unknown
21999,cellular,20,aug,395,6,-1,0,unknown
22000,cellular,20,aug,687,2,-1,0,unknown
22001,cellular,20,aug,196,2,-1,0,unknown
22002,cellular,20,aug,696,3,-1,0,unknown
22003,cellular,20,aug,304,5,-1,0,unknown
22004,cellular,20,aug,175,3,-1,0,unknown
22005,cellular,20,aug,129,1,-1,0,unknown
22006,cellular,20,aug,132,1,-1,0,unknown
22007,cellular,20,aug,291,1,-1,0,unknown
22008,cellular,20,aug,216,9,-1,0,unknown
22009,cellular,20,aug,881,4,-1,0,unknown
22010,cellular,20,aug,157,3,-1,0,unknown
22011,cellular,20,aug,92,4,-1,0,unknown
22012,cellular,20,aug,135,3,-1,0,unknown
22013,cellular,20,aug,252,3,-1,0,unknown
22014,cellular,20,aug,93,3,-1,0,unknown
22015,cellular,20,aug,68,5,-1,0,unknown
22016,cellular,20,aug,174,5,-1,0,unknown
22017,cellular,20,aug,170,4,-1,0,unknown
22018,cellular,20,aug,165,3,-1,0,unknown
22019,cellular,20,aug,141,3,-1,0,unknown
22020,cellular,20,aug,67,5,-1,0,unknown
22021,cellular,20,aug,896,8,-1,0,unknown
22022,cellular,20,aug,625,6,-1,0,unknown
22023,cellular,20,aug,147,4,-1,0,unknown
22024,cellular,20,aug,63,5,-1,0,unknown
22025,cellular,20,aug,76,18,-1,0,unknown
22026,cellular,20,aug,79,3,-1,0,unknown
22027,cellular,20,aug,113,4,-1,0,unknown
22028,cellular,20,aug,133,2,-1,0,unknown
22029,cellular,20,aug,559,3,-1,0,unknown
22030,cellular,20,aug,83,5,-1,0,unknown
22031,cellular,20,aug,319,3,-1,0,unknown
22032,cellular,20,aug,471,5,-1,0,unknown
22033,cellular,20,aug,113,3,-1,0,unknown
22034,cellular,20,aug,66,5,-1,0,unknown
22035,cellular,20,aug,209,5,-1,0,unknown
22036,cellular,20,aug,216,3,-1,0,unknown
22037,cellular,20,aug,703,2,-1,0,unknown
22038,cellular,20,aug,345,3,-1,0,unknown
22039,cellular,20,aug,341,3,-1,0,unknown
22040,cellular,20,aug,78,12,-1,0,unknown
22041,cellular,20,aug,210,3,-1,0,unknown
22042,telephone,20,aug,41,9,-1,0,unknown
22043,cellular,20,aug,208,2,-1,0,unknown
22044,cellular,20,aug,109,3,-1,0,unknown
22045,cellular,20,aug,66,3,-1,0,unknown
22046,cellular,20,aug,173,3,-1,0,unknown
22047,cellular,20,aug,160,4,-1,0,unknown
22048,cellular,20,aug,124,3,-1,0,unknown
22049,cellular,20,aug,99,3,-1,0,unknown
22050,cellular,20,aug,381,3,-1,0,unknown
22051,cellular,20,aug,83,3,-1,0,unknown
22052,cellular,20,aug,221,10,-1,0,unknown
22053,cellular,20,aug,195,7,-1,0,unknown
22054,cellular,20,aug,226,5,-1,0,unknown
22055,cellular,20,aug,44,9,-1,0,unknown
22056,cellular,20,aug,46,14,-1,0,unknown
22057,cellular,20,aug,278,6,-1,0,unknown
22058,cellular,20,aug,126,4,-1,0,unknown
22059,cellular,20,aug,162,3,-1,0,unknown
22060,cellular,20,aug,225,5,-1,0,unknown
22061,cellular,20,aug,200,4,-1,0,unknown
22062,cellular,20,aug,85,5,-1,0,unknown
22063,cellular,20,aug,77,3,-1,0,unknown
22064,cellular,20,aug,96,3,-1,0,unknown
22065,cellular,20,aug,135,11,-1,0,unknown
22066,cellular,20,aug,96,8,-1,0,unknown
22067,cellular,20,aug,1464,3,-1,0,unknown
22068,cellular,20,aug,111,3,-1,0,unknown
22069,cellular,20,aug,320,4,-1,0,unknown
22070,cellular,21,aug,220,5,-1,0,unknown
22071,cellular,21,aug,111,5,-1,0,unknown
22072,cellular,21,aug,92,4,-1,0,unknown
22073,cellular,21,aug,432,5,-1,0,unknown
22074,cellular,21,aug,286,12,-1,0,unknown
22075,telephone,21,aug,169,13,-1,0,unknown
22076,cellular,21,aug,182,6,-1,0,unknown
22077,cellular,21,aug,96,2,-1,0,unknown
22078,cellular,21,aug,398,2,-1,0,unknown
22079,cellular,21,aug,163,2,-1,0,unknown
22080,cellular,21,aug,310,2,-1,0,unknown
22081,cellular,21,aug,189,2,-1,0,unknown
22082,cellular,21,aug,66,2,-1,0,unknown
22083,cellular,21,aug,115,2,-1,0,unknown
22084,cellular,21,aug,257,2,-1,0,unknown
22085,cellular,21,aug,246,4,-1,0,unknown
22086,cellular,21,aug,63,2,-1,0,unknown
22087,cellular,21,aug,971,2,-1,0,unknown
22088,cellular,21,aug,210,2,-1,0,unknown
22089,cellular,21,aug,79,2,-1,0,unknown
22090,cellular,21,aug,311,2,-1,0,unknown
22091,cellular,21,aug,140,11,-1,0,unknown
22092,cellular,21,aug,98,2,-1,0,unknown
22093,cellular,21,aug,218,2,-1,0,unknown
22094,cellular,21,aug,152,2,-1,0,unknown
22095,cellular,21,aug,102,2,-1,0,unknown
22096,cellular,21,aug,211,4,-1,0,unknown
22097,cellular,21,aug,331,2,-1,0,unknown
22098,cellular,21,aug,238,2,-1,0,unknown
22099,cellular,21,aug,150,2,-1,0,unknown
22100,cellular,21,aug,82,8,-1,0,unknown
22101,cellular,21,aug,396,2,-1,0,unknown
22102,cellular,21,aug,351,6,-1,0,unknown
22103,cellular,21,aug,273,2,-1,0,unknown
22104,cellular,21,aug,246,2,-1,0,unknown
22105,cellular,21,aug,103,2,-1,0,unknown
22106,cellular,21,aug,121,2,-1,0,unknown
22107,cellular,21,aug,429,2,-1,0,unknown
22108,cellular,21,aug,167,2,-1,0,unknown
22109,cellular,21,aug,139,2,-1,0,unknown
22110,cellular,21,aug,120,2,-1,0,unknown
22111,cellular,21,aug,118,4,-1,0,unknown
22112,cellular,21,aug,101,2,-1,0,unknown
22113,cellular,21,aug,180,2,-1,0,unknown
22114,cellular,21,aug,676,8,-1,0,unknown
22115,cellular,21,aug,40,2,-1,0,unknown
22116,cellular,21,aug,1503,2,-1,0,unknown
22117,cellular,21,aug,384,5,-1,0,unknown
22118,cellular,21,aug,289,2,-1,0,unknown
22119,cellular,21,aug,134,2,-1,0,unknown
22120,cellular,21,aug,120,2,-1,0,unknown
22121,cellular,21,aug,115,2,-1,0,unknown
22122,cellular,21,aug,234,4,-1,0,unknown
22123,cellular,21,aug,129,2,-1,0,unknown
22124,cellular,21,aug,101,2,-1,0,unknown
22125,cellular,21,aug,126,2,-1,0,unknown
22126,cellular,21,aug,161,2,-1,0,unknown
22127,cellular,21,aug,644,4,-1,0,unknown
22128,cellular,21,aug,139,2,-1,0,unknown
22129,cellular,21,aug,168,2,-1,0,unknown
22130,cellular,21,aug,776,2,-1,0,unknown
22131,cellular,21,aug,173,2,-1,0,unknown
22132,cellular,21,aug,65,10,-1,0,unknown
22133,cellular,21,aug,93,4,-1,0,unknown
22134,cellular,21,aug,153,7,-1,0,unknown
22135,cellular,21,aug,223,8,-1,0,unknown
22136,cellular,21,aug,62,4,-1,0,unknown
22137,cellular,21,aug,141,2,-1,0,unknown
22138,cellular,21,aug,104,2,-1,0,unknown
22139,cellular,21,aug,136,2,-1,0,unknown
22140,cellular,21,aug,376,2,-1,0,unknown
22141,cellular,21,aug,140,2,-1,0,unknown
22142,cellular,21,aug,119,2,-1,0,unknown
22143,cellular,21,aug,117,4,-1,0,unknown
22144,cellular,21,aug,126,4,-1,0,unknown
22145,cellular,21,aug,148,4,-1,0,unknown
22146,cellular,21,aug,76,2,-1,0,unknown
22147,cellular,21,aug,588,2,-1,0,unknown
22148,cellular,21,aug,121,2,-1,0,unknown
22149,cellular,21,aug,151,2,-1,0,unknown
22150,cellular,21,aug,913,4,-1,0,unknown
22151,cellular,21,aug,1111,6,-1,0,unknown
22152,cellular,21,aug,205,8,-1,0,unknown
22153,cellular,21,aug,282,4,-1,0,unknown
22154,cellular,21,aug,656,2,-1,0,unknown
22155,cellular,21,aug,97,2,-1,0,unknown
22156,cellular,21,aug,76,2,-1,0,unknown
22157,cellular,21,aug,243,2,-1,0,unknown
22158,cellular,21,aug,321,2,-1,0,unknown
22159,cellular,21,aug,162,2,-1,0,unknown
22160,cellular,21,aug,183,2,-1,0,unknown
22161,cellular,21,aug,299,4,-1,0,unknown
22162,cellular,21,aug,179,2,-1,0,unknown
22163,cellular,21,aug,64,2,-1,0,unknown
22164,cellular,21,aug,124,2,-1,0,unknown
22165,cellular,21,aug,335,2,-1,0,unknown
22166,cellular,21,aug,115,2,-1,0,unknown
22167,cellular,21,aug,169,2,-1,0,unknown
22168,cellular,21,aug,90,8,-1,0,unknown
22169,cellular,21,aug,244,6,-1,0,unknown
22170,cellular,21,aug,194,2,-1,0,unknown
22171,cellular,21,aug,819,10,-1,0,unknown
22172,cellular,21,aug,139,4,-1,0,unknown
22173,cellular,21,aug,104,2,-1,0,unknown
22174,cellular,21,aug,297,2,-1,0,unknown
22175,cellular,21,aug,91,2,-1,0,unknown
22176,cellular,21,aug,135,2,-1,0,unknown
22177,cellular,21,aug,123,2,-1,0,unknown
22178,cellular,21,aug,136,8,-1,0,unknown
22179,cellular,21,aug,166,4,-1,0,unknown
22180,cellular,21,aug,137,4,-1,0,unknown
22181,cellular,21,aug,545,4,-1,0,unknown
22182,cellular,21,aug,58,2,-1,0,unknown
22183,cellular,21,aug,230,2,-1,0,unknown
22184,cellular,21,aug,788,6,-1,0,unknown
22185,cellular,21,aug,329,2,-1,0,unknown
22186,cellular,21,aug,86,4,-1,0,unknown
22187,cellular,21,aug,212,4,-1,0,unknown
22188,cellular,21,aug,898,4,-1,0,unknown
22189,cellular,21,aug,318,5,-1,0,unknown
22190,cellular,21,aug,180,4,-1,0,unknown
22191,cellular,21,aug,241,4,-1,0,unknown
22192,cellular,21,aug,137,4,-1,0,unknown
22193,cellular,21,aug,238,4,-1,0,unknown
22194,cellular,21,aug,176,10,-1,0,unknown
22195,cellular,21,aug,97,4,-1,0,unknown
22196,cellular,21,aug,43,4,-1,0,unknown
22197,cellular,21,aug,122,5,-1,0,unknown
22198,cellular,21,aug,12,21,-1,0,unknown
22199,cellular,21,aug,119,4,-1,0,unknown
22200,cellular,21,aug,172,6,-1,0,unknown
22201,cellular,21,aug,419,4,-1,0,unknown
22202,cellular,21,aug,575,4,-1,0,unknown
22203,cellular,21,aug,238,4,-1,0,unknown
22204,cellular,21,aug,76,4,-1,0,unknown
22205,cellular,21,aug,107,6,-1,0,unknown
22206,cellular,21,aug,175,2,-1,0,unknown
22207,cellular,21,aug,156,6,-1,0,unknown
22208,cellular,21,aug,89,2,-1,0,unknown
22209,cellular,21,aug,181,4,-1,0,unknown
22210,cellular,21,aug,660,2,-1,0,unknown
22211,cellular,21,aug,111,2,-1,0,unknown
22212,cellular,21,aug,946,4,-1,0,unknown
22213,cellular,21,aug,55,7,-1,0,unknown
22214,cellular,21,aug,435,2,-1,0,unknown
22215,cellular,21,aug,1532,2,-1,0,unknown
22216,cellular,21,aug,283,6,-1,0,unknown
22217,cellular,21,aug,202,4,-1,0,unknown
22218,cellular,21,aug,74,2,-1,0,unknown
22219,cellular,21,aug,120,2,-1,0,unknown
22220,cellular,21,aug,138,2,-1,0,unknown
22221,cellular,21,aug,67,2,-1,0,unknown
22222,cellular,21,aug,1026,4,-1,0,unknown
22223,cellular,21,aug,114,2,-1,0,unknown
22224,cellular,21,aug,88,6,-1,0,unknown
22225,cellular,21,aug,93,2,-1,0,unknown
22226,cellular,21,aug,140,4,-1,0,unknown
22227,cellular,21,aug,508,6,-1,0,unknown
22228,cellular,21,aug,91,22,-1,0,unknown
22229,cellular,21,aug,239,8,-1,0,unknown
22230,cellular,21,aug,719,5,-1,0,unknown
22231,cellular,21,aug,71,4,-1,0,unknown
22232,cellular,21,aug,381,7,-1,0,unknown
22233,cellular,21,aug,191,2,-1,0,unknown
22234,cellular,21,aug,793,10,-1,0,unknown
22235,cellular,21,aug,45,4,-1,0,unknown
22236,cellular,21,aug,133,2,-1,0,unknown
22237,cellular,21,aug,144,2,-1,0,unknown
22238,cellular,21,aug,114,2,-1,0,unknown
22239,cellular,21,aug,870,4,-1,0,unknown
22240,cellular,21,aug,70,2,-1,0,unknown
22241,cellular,21,aug,87,8,-1,0,unknown
22242,cellular,21,aug,129,4,-1,0,unknown
22243,cellular,21,aug,500,2,-1,0,unknown
22244,cellular,21,aug,48,1,-1,0,unknown
22245,cellular,21,aug,362,1,-1,0,unknown
22246,cellular,21,aug,121,1,-1,0,unknown
22247,cellular,21,aug,102,9,-1,0,unknown
22248,cellular,21,aug,50,12,-1,0,unknown
22249,cellular,21,aug,127,3,-1,0,unknown
22250,cellular,21,aug,132,1,-1,0,unknown
22251,cellular,21,aug,161,3,-1,0,unknown
22252,cellular,21,aug,154,6,-1,0,unknown
22253,cellular,21,aug,190,1,-1,0,unknown
22254,cellular,21,aug,68,1,-1,0,unknown
22255,cellular,21,aug,81,1,-1,0,unknown
22256,cellular,21,aug,148,1,-1,0,unknown
22257,cellular,21,aug,406,1,-1,0,unknown
22258,cellular,21,aug,396,3,-1,0,unknown
22259,cellular,21,aug,274,4,-1,0,unknown
22260,cellular,21,aug,151,3,-1,0,unknown
22261,cellular,21,aug,150,3,-1,0,unknown
22262,cellular,21,aug,242,5,-1,0,unknown
22263,cellular,21,aug,394,3,-1,0,unknown
22264,telephone,21,aug,189,5,-1,0,unknown
22265,cellular,21,aug,126,3,-1,0,unknown
22266,cellular,21,aug,224,8,-1,0,unknown
22267,cellular,21,aug,686,5,-1,0,unknown
22268,cellular,21,aug,415,3,-1,0,unknown
22269,cellular,21,aug,165,3,-1,0,unknown
22270,cellular,21,aug,183,8,-1,0,unknown
22271,cellular,21,aug,301,3,-1,0,unknown
22272,cellular,21,aug,94,13,-1,0,unknown
22273,cellular,21,aug,42,3,-1,0,unknown
22274,cellular,21,aug,294,3,-1,0,unknown
22275,cellular,21,aug,239,3,-1,0,unknown
22276,cellular,21,aug,159,3,-1,0,unknown
22277,cellular,21,aug,231,3,-1,0,unknown
22278,cellular,21,aug,1877,3,-1,0,unknown
22279,cellular,21,aug,77,8,-1,0,unknown
22280,cellular,21,aug,310,3,-1,0,unknown
22281,cellular,21,aug,140,5,-1,0,unknown
22282,cellular,21,aug,142,2,-1,0,unknown
22283,cellular,21,aug,184,3,-1,0,unknown
22284,cellular,21,aug,102,3,-1,0,unknown
22285,cellular,21,aug,169,5,-1,0,unknown
22286,cellular,21,aug,120,3,-1,0,unknown
22287,cellular,21,aug,314,3,-1,0,unknown
22288,cellular,21,aug,189,4,-1,0,unknown
22289,cellular,21,aug,270,3,-1,0,unknown
22290,cellular,21,aug,148,3,-1,0,unknown
22291,cellular,21,aug,299,1,-1,0,unknown
22292,cellular,21,aug,196,4,-1,0,unknown
22293,cellular,21,aug,280,11,-1,0,unknown
22294,cellular,21,aug,42,1,-1,0,unknown
22295,cellular,21,aug,300,1,-1,0,unknown
22296,cellular,21,aug,160,7,-1,0,unknown
22297,cellular,21,aug,247,3,-1,0,unknown
22298,cellular,21,aug,122,5,-1,0,unknown
22299,cellular,21,aug,162,1,-1,0,unknown
22300,cellular,21,aug,379,1,-1,0,unknown
22301,cellular,21,aug,494,4,-1,0,unknown
22302,cellular,21,aug,195,1,-1,0,unknown
22303,cellular,21,aug,163,1,-1,0,unknown
22304,cellular,21,aug,794,1,-1,0,unknown
22305,cellular,21,aug,36,1,-1,0,unknown
22306,telephone,21,aug,331,20,-1,0,unknown
22307,cellular,21,aug,153,3,-1,0,unknown
22308,cellular,21,aug,269,1,-1,0,unknown
22309,cellular,21,aug,159,1,-1,0,unknown
22310,cellular,21,aug,202,1,-1,0,unknown
22311,cellular,22,aug,92,12,-1,0,unknown
22312,cellular,22,aug,351,5,-1,0,unknown
22313,cellular,22,aug,239,2,-1,0,unknown
22314,cellular,22,aug,64,2,-1,0,unknown
22315,cellular,22,aug,82,2,-1,0,unknown
22316,cellular,22,aug,97,2,-1,0,unknown
22317,cellular,22,aug,242,2,-1,0,unknown
22318,cellular,22,aug,360,2,-1,0,unknown
22319,cellular,22,aug,98,5,-1,0,unknown
22320,cellular,22,aug,169,6,-1,0,unknown
22321,cellular,22,aug,118,6,-1,0,unknown
22322,cellular,22,aug,203,4,-1,0,unknown
22323,cellular,22,aug,136,9,-1,0,unknown
22324,cellular,22,aug,343,5,-1,0,unknown
22325,cellular,22,aug,122,5,-1,0,unknown
22326,cellular,22,aug,76,7,-1,0,unknown
22327,cellular,22,aug,150,8,-1,0,unknown
22328,cellular,22,aug,142,2,-1,0,unknown
22329,cellular,22,aug,93,2,-1,0,unknown
22330,cellular,22,aug,122,2,-1,0,unknown
22331,cellular,22,aug,99,2,-1,0,unknown
22332,cellular,22,aug,154,2,-1,0,unknown
22333,cellular,22,aug,586,2,-1,0,unknown
22334,cellular,22,aug,127,2,-1,0,unknown
22335,cellular,22,aug,1123,4,-1,0,unknown
22336,cellular,22,aug,87,4,-1,0,unknown
22337,cellular,22,aug,167,2,-1,0,unknown
22338,cellular,22,aug,135,2,-1,0,unknown
22339,cellular,22,aug,491,2,-1,0,unknown
22340,cellular,22,aug,111,2,-1,0,unknown
22341,cellular,22,aug,78,2,-1,0,unknown
22342,cellular,22,aug,40,2,-1,0,unknown
22343,cellular,22,aug,34,2,-1,0,unknown
22344,cellular,22,aug,306,2,-1,0,unknown
22345,cellular,22,aug,95,2,-1,0,unknown
22346,cellular,22,aug,67,2,-1,0,unknown
22347,cellular,22,aug,644,9,-1,0,unknown
22348,cellular,22,aug,57,2,-1,0,unknown
22349,cellular,22,aug,140,8,-1,0,unknown
22350,cellular,22,aug,119,2,-1,0,unknown
22351,cellular,22,aug,576,2,-1,0,unknown
22352,cellular,22,aug,579,2,-1,0,unknown
22353,cellular,22,aug,136,2,-1,0,unknown
22354,cellular,22,aug,336,10,-1,0,unknown
22355,cellular,22,aug,313,6,-1,0,unknown
22356,cellular,22,aug,1241,2,-1,0,unknown
22357,cellular,22,aug,147,2,-1,0,unknown
22358,cellular,22,aug,136,6,-1,0,unknown
22359,cellular,22,aug,73,3,-1,0,unknown
22360,cellular,22,aug,119,8,-1,0,unknown
22361,cellular,22,aug,109,2,-1,0,unknown
22362,cellular,22,aug,65,2,-1,0,unknown
22363,cellular,22,aug,739,2,-1,0,unknown
22364,cellular,22,aug,314,4,-1,0,unknown
22365,cellular,22,aug,252,2,-1,0,unknown
22366,cellular,22,aug,227,2,-1,0,unknown
22367,cellular,22,aug,158,2,-1,0,unknown
22368,cellular,22,aug,86,4,-1,0,unknown
22369,cellular,22,aug,246,2,-1,0,unknown
22370,cellular,22,aug,77,2,-1,0,unknown
22371,cellular,22,aug,296,2,-1,0,unknown
22372,cellular,22,aug,234,2,-1,0,unknown
22373,cellular,22,aug,90,2,-1,0,unknown
22374,cellular,22,aug,305,2,-1,0,unknown
22375,cellular,22,aug,82,2,-1,0,unknown
22376,cellular,22,aug,54,2,-1,0,unknown
22377,cellular,22,aug,520,2,-1,0,unknown
22378,cellular,22,aug,157,6,-1,0,unknown
22379,cellular,22,aug,119,4,-1,0,unknown
22380,cellular,22,aug,192,6,-1,0,unknown
22381,cellular,22,aug,229,2,-1,0,unknown
22382,telephone,22,aug,16,13,-1,0,unknown
22383,cellular,22,aug,215,2,-1,0,unknown
22384,cellular,22,aug,107,2,-1,0,unknown
22385,cellular,22,aug,125,4,-1,0,unknown
22386,cellular,22,aug,146,3,-1,0,unknown
22387,cellular,22,aug,94,4,-1,0,unknown
22388,cellular,22,aug,705,4,-1,0,unknown
22389,cellular,22,aug,33,8,-1,0,unknown
22390,cellular,22,aug,205,4,-1,0,unknown
22391,cellular,22,aug,73,2,-1,0,unknown
22392,cellular,22,aug,107,2,-1,0,unknown
22393,cellular,22,aug,77,9,-1,0,unknown
22394,cellular,22,aug,177,2,-1,0,unknown
22395,cellular,22,aug,944,14,-1,0,unknown
22396,cellular,22,aug,139,2,-1,0,unknown
22397,cellular,22,aug,119,2,-1,0,unknown
22398,cellular,22,aug,492,7,-1,0,unknown
22399,cellular,22,aug,72,2,-1,0,unknown
22400,cellular,22,aug,82,6,-1,0,unknown
22401,cellular,22,aug,125,2,-1,0,unknown
22402,cellular,22,aug,115,2,-1,0,unknown
22403,cellular,22,aug,80,2,-1,0,unknown
22404,cellular,22,aug,1258,2,-1,0,unknown
22405,cellular,22,aug,82,2,-1,0,unknown
22406,cellular,22,aug,210,2,-1,0,unknown
22407,cellular,22,aug,78,2,-1,0,unknown
22408,cellular,22,aug,362,2,-1,0,unknown
22409,cellular,22,aug,528,2,-1,0,unknown
22410,cellular,22,aug,73,2,-1,0,unknown
22411,cellular,22,aug,136,2,-1,0,unknown
22412,cellular,22,aug,119,2,-1,0,unknown
22413,cellular,22,aug,314,2,-1,0,unknown
22414,cellular,22,aug,150,2,-1,0,unknown
22415,cellular,22,aug,79,2,-1,0,unknown
22416,cellular,22,aug,257,2,-1,0,unknown
22417,cellular,22,aug,24,30,-1,0,unknown
22418,cellular,22,aug,69,2,-1,0,unknown
22419,cellular,22,aug,129,6,-1,0,unknown
22420,cellular,22,aug,1329,2,-1,0,unknown
22421,cellular,22,aug,358,4,-1,0,unknown
22422,cellular,22,aug,73,15,-1,0,unknown
22423,cellular,22,aug,55,6,-1,0,unknown
22424,cellular,22,aug,63,8,-1,0,unknown
22425,cellular,22,aug,268,2,-1,0,unknown
22426,cellular,22,aug,111,2,-1,0,unknown
22427,cellular,22,aug,72,2,-1,0,unknown
22428,cellular,22,aug,73,2,-1,0,unknown
22429,cellular,22,aug,160,2,-1,0,unknown
22430,telephone,22,aug,67,4,-1,0,unknown
22431,cellular,22,aug,101,2,-1,0,unknown
22432,cellular,22,aug,192,4,-1,0,unknown
22433,cellular,22,aug,286,2,-1,0,unknown
22434,cellular,22,aug,109,2,-1,0,unknown
22435,cellular,22,aug,73,2,-1,0,unknown
22436,cellular,22,aug,85,2,-1,0,unknown
22437,cellular,22,aug,78,2,-1,0,unknown
22438,cellular,22,aug,197,2,-1,0,unknown
22439,cellular,22,aug,64,2,-1,0,unknown
22440,cellular,22,aug,46,8,-1,0,unknown
22441,cellular,22,aug,278,2,-1,0,unknown
22442,cellular,22,aug,91,2,-1,0,unknown
22443,cellular,22,aug,132,2,-1,0,unknown
22444,cellular,22,aug,94,2,-1,0,unknown
22445,cellular,22,aug,148,2,-1,0,unknown
22446,cellular,22,aug,121,2,-1,0,unknown
22447,cellular,22,aug,164,6,-1,0,unknown
22448,cellular,22,aug,171,15,-1,0,unknown
22449,cellular,22,aug,74,2,-1,0,unknown
22450,cellular,22,aug,256,2,-1,0,unknown
22451,cellular,22,aug,259,2,-1,0,unknown
22452,cellular,22,aug,686,2,-1,0,unknown
22453,cellular,22,aug,168,2,-1,0,unknown
22454,cellular,22,aug,114,2,-1,0,unknown
22455,cellular,22,aug,220,2,-1,0,unknown
22456,cellular,22,aug,72,2,-1,0,unknown
22457,cellular,22,aug,92,4,-1,0,unknown
22458,cellular,22,aug,58,2,-1,0,unknown
22459,cellular,22,aug,131,2,-1,0,unknown
22460,cellular,22,aug,80,2,-1,0,unknown
22461,cellular,22,aug,92,2,-1,0,unknown
22462,cellular,22,aug,205,4,-1,0,unknown
22463,cellular,22,aug,168,2,-1,0,unknown
22464,cellular,22,aug,572,2,-1,0,unknown
22465,cellular,22,aug,565,2,-1,0,unknown
22466,cellular,22,aug,363,2,-1,0,unknown
22467,unknown,22,aug,336,2,-1,0,unknown
22468,cellular,22,aug,232,2,-1,0,unknown
22469,cellular,22,aug,251,2,-1,0,unknown
22470,cellular,22,aug,239,4,-1,0,unknown
22471,cellular,22,aug,243,4,-1,0,unknown
22472,cellular,22,aug,147,4,-1,0,unknown
22473,cellular,22,aug,91,4,-1,0,unknown
22474,cellular,22,aug,217,5,-1,0,unknown
22475,cellular,22,aug,149,4,-1,0,unknown
22476,cellular,22,aug,128,4,-1,0,unknown
22477,cellular,22,aug,112,4,-1,0,unknown
22478,cellular,22,aug,19,21,-1,0,unknown
22479,cellular,22,aug,55,6,-1,0,unknown
22480,cellular,22,aug,73,4,-1,0,unknown
22481,cellular,22,aug,604,6,-1,0,unknown
22482,cellular,22,aug,22,18,-1,0,unknown
22483,cellular,22,aug,137,4,-1,0,unknown
22484,cellular,22,aug,239,4,-1,0,unknown
22485,cellular,22,aug,119,6,-1,0,unknown
22486,cellular,22,aug,1809,5,-1,0,unknown
22487,cellular,22,aug,47,7,-1,0,unknown
22488,cellular,22,aug,48,4,-1,0,unknown
22489,cellular,22,aug,65,4,-1,0,unknown
22490,cellular,22,aug,102,6,-1,0,unknown
22491,cellular,22,aug,180,4,-1,0,unknown
22492,cellular,22,aug,243,12,-1,0,unknown
22493,cellular,22,aug,79,4,-1,0,unknown
22494,cellular,22,aug,187,4,-1,0,unknown
22495,cellular,22,aug,120,8,-1,0,unknown
22496,cellular,22,aug,86,4,-1,0,unknown
22497,cellular,22,aug,101,4,-1,0,unknown
22498,cellular,22,aug,508,7,-1,0,unknown
22499,cellular,22,aug,651,12,-1,0,unknown
22500,cellular,22,aug,71,5,-1,0,unknown
22501,cellular,22,aug,233,4,-1,0,unknown
22502,cellular,22,aug,557,7,-1,0,unknown
22503,cellular,22,aug,247,4,-1,0,unknown
22504,telephone,22,aug,208,6,-1,0,unknown
22505,cellular,22,aug,379,4,-1,0,unknown
22506,telephone,22,aug,295,5,-1,0,unknown
22507,cellular,22,aug,212,11,-1,0,unknown
22508,cellular,22,aug,238,6,-1,0,unknown
22509,cellular,22,aug,81,4,-1,0,unknown
22510,cellular,22,aug,251,4,-1,0,unknown
22511,cellular,22,aug,374,4,-1,0,unknown
22512,cellular,22,aug,117,4,-1,0,unknown
22513,cellular,22,aug,73,7,-1,0,unknown
22514,cellular,22,aug,361,4,-1,0,unknown
22515,cellular,22,aug,107,6,-1,0,unknown
22516,cellular,22,aug,72,4,-1,0,unknown
22517,cellular,22,aug,171,13,-1,0,unknown
22518,cellular,22,aug,199,6,-1,0,unknown
22519,cellular,22,aug,209,2,-1,0,unknown
22520,cellular,22,aug,239,2,-1,0,unknown
22521,cellular,22,aug,69,4,-1,0,unknown
22522,cellular,22,aug,198,2,-1,0,unknown
22523,cellular,22,aug,195,4,-1,0,unknown
22524,cellular,22,aug,234,4,-1,0,unknown
22525,cellular,22,aug,385,9,-1,0,unknown
22526,cellular,22,aug,371,4,-1,0,unknown
22527,cellular,22,aug,714,6,-1,0,unknown
22528,cellular,22,aug,105,3,-1,0,unknown
22529,cellular,22,aug,629,4,-1,0,unknown
22530,cellular,22,aug,91,16,-1,0,unknown
22531,cellular,22,aug,10,13,-1,0,unknown
22532,cellular,22,aug,132,4,-1,0,unknown
22533,cellular,22,aug,1241,11,-1,0,unknown
22534,cellular,22,aug,217,6,-1,0,unknown
22535,cellular,22,aug,219,4,-1,0,unknown
22536,cellular,22,aug,61,4,-1,0,unknown
22537,telephone,22,aug,28,4,-1,0,unknown
22538,cellular,22,aug,80,4,-1,0,unknown
22539,cellular,22,aug,88,10,-1,0,unknown
22540,cellular,22,aug,607,4,-1,0,unknown
22541,cellular,22,aug,186,2,-1,0,unknown
22542,cellular,22,aug,527,6,-1,0,unknown
22543,cellular,22,aug,173,3,-1,0,unknown
22544,cellular,22,aug,81,2,-1,0,unknown
22545,cellular,22,aug,222,3,-1,0,unknown
22546,cellular,22,aug,277,3,-1,0,unknown
22547,cellular,22,aug,175,1,-1,0,unknown
22548,cellular,22,aug,309,3,-1,0,unknown
22549,cellular,22,aug,97,5,-1,0,unknown
22550,cellular,22,aug,96,1,-1,0,unknown
22551,cellular,22,aug,511,4,-1,0,unknown
22552,cellular,22,aug,55,3,-1,0,unknown
22553,cellular,22,aug,82,3,-1,0,unknown
22554,cellular,22,aug,346,5,-1,0,unknown
22555,cellular,22,aug,215,1,-1,0,unknown
22556,cellular,22,aug,347,1,-1,0,unknown
22557,cellular,22,aug,154,5,-1,0,unknown
22558,cellular,22,aug,618,1,-1,0,unknown
22559,cellular,22,aug,203,1,-1,0,unknown
22560,cellular,22,aug,460,1,-1,0,unknown
22561,cellular,22,aug,105,1,-1,0,unknown
22562,cellular,22,aug,157,1,-1,0,unknown
22563,cellular,22,aug,122,1,-1,0,unknown
22564,cellular,22,aug,129,3,-1,0,unknown
22565,cellular,22,aug,661,1,-1,0,unknown
22566,cellular,22,aug,296,3,-1,0,unknown
22567,cellular,22,aug,323,3,-1,0,unknown
22568,cellular,22,aug,112,3,-1,0,unknown
22569,cellular,22,aug,78,3,-1,0,unknown
22570,cellular,22,aug,381,6,-1,0,unknown
22571,cellular,22,aug,79,5,-1,0,unknown
22572,cellular,22,aug,30,5,-1,0,unknown
22573,cellular,22,aug,602,9,-1,0,unknown
22574,cellular,22,aug,75,7,-1,0,unknown
22575,cellular,22,aug,332,3,-1,0,unknown
22576,cellular,22,aug,108,18,-1,0,unknown
22577,cellular,22,aug,121,2,-1,0,unknown
22578,cellular,22,aug,436,5,-1,0,unknown
22579,cellular,22,aug,123,2,-1,0,unknown
22580,cellular,22,aug,215,10,-1,0,unknown
22581,telephone,22,aug,105,5,-1,0,unknown
22582,cellular,22,aug,192,5,-1,0,unknown
22583,cellular,22,aug,143,4,-1,0,unknown
22584,cellular,22,aug,153,6,-1,0,unknown
22585,cellular,22,aug,34,9,-1,0,unknown
22586,cellular,22,aug,289,6,-1,0,unknown
22587,cellular,22,aug,239,3,-1,0,unknown
22588,cellular,22,aug,78,4,-1,0,unknown
22589,cellular,22,aug,309,7,-1,0,unknown
22590,cellular,22,aug,353,16,-1,0,unknown
22591,cellular,22,aug,210,6,-1,0,unknown
22592,telephone,22,aug,145,7,-1,0,unknown
22593,cellular,22,aug,101,4,-1,0,unknown
22594,cellular,22,aug,222,6,-1,0,unknown
22595,cellular,22,aug,166,5,-1,0,unknown
22596,cellular,22,aug,140,11,-1,0,unknown
22597,cellular,22,aug,98,7,-1,0,unknown
22598,cellular,22,aug,547,3,-1,0,unknown
22599,cellular,22,aug,132,1,-1,0,unknown
22600,telephone,22,aug,90,11,-1,0,unknown
22601,cellular,22,aug,155,2,-1,0,unknown
22602,cellular,22,aug,120,10,-1,0,unknown
22603,cellular,22,aug,209,7,-1,0,unknown
22604,cellular,22,aug,182,1,-1,0,unknown
22605,cellular,22,aug,195,1,-1,0,unknown
22606,cellular,22,aug,90,3,-1,0,unknown
22607,cellular,22,aug,263,1,-1,0,unknown
22608,cellular,22,aug,98,3,-1,0,unknown
22609,cellular,22,aug,398,5,-1,0,unknown
22610,cellular,22,aug,160,1,-1,0,unknown
22611,cellular,22,aug,216,13,-1,0,unknown
22612,cellular,22,aug,82,7,-1,0,unknown
22613,cellular,22,aug,207,1,-1,0,unknown
22614,cellular,22,aug,160,1,-1,0,unknown
22615,cellular,22,aug,142,1,-1,0,unknown
22616,cellular,22,aug,197,5,-1,0,unknown
22617,telephone,22,aug,9,3,-1,0,unknown
22618,cellular,22,aug,148,8,-1,0,unknown
22619,cellular,22,aug,209,2,-1,0,unknown
22620,cellular,22,aug,94,1,-1,0,unknown
22621,cellular,22,aug,124,1,-1,0,unknown
22622,cellular,22,aug,121,1,-1,0,unknown
22623,cellular,22,aug,199,1,-1,0,unknown
22624,cellular,22,aug,306,4,-1,0,unknown
22625,cellular,22,aug,173,1,-1,0,unknown
22626,cellular,22,aug,299,1,-1,0,unknown
22627,cellular,22,aug,268,1,-1,0,unknown
22628,cellular,22,aug,155,6,-1,0,unknown
22629,cellular,22,aug,176,6,-1,0,unknown
22630,cellular,22,aug,112,2,-1,0,unknown
22631,cellular,22,aug,135,3,-1,0,unknown
22632,cellular,22,aug,208,1,-1,0,unknown
22633,cellular,22,aug,138,1,-1,0,unknown
22634,cellular,22,aug,247,1,-1,0,unknown
22635,cellular,22,aug,392,1,-1,0,unknown
22636,cellular,22,aug,132,1,-1,0,unknown
22637,cellular,22,aug,283,1,-1,0,unknown
22638,cellular,22,aug,148,10,-1,0,unknown
22639,cellular,22,aug,735,1,-1,0,unknown
22640,cellular,22,aug,110,1,-1,0,unknown
22641,cellular,22,aug,174,1,-1,0,unknown
22642,cellular,22,aug,200,1,-1,0,unknown
22643,cellular,22,aug,311,1,-1,0,unknown
22644,cellular,22,aug,671,2,-1,0,unknown
22645,cellular,25,aug,206,4,-1,0,unknown
22646,cellular,25,aug,116,8,-1,0,unknown
22647,cellular,25,aug,139,5,-1,0,unknown
22648,cellular,25,aug,87,2,-1,0,unknown
22649,cellular,25,aug,61,4,-1,0,unknown
22650,cellular,25,aug,626,3,-1,0,unknown
22651,cellular,25,aug,103,3,-1,0,unknown
22652,cellular,25,aug,116,9,-1,0,unknown
22653,cellular,25,aug,162,4,-1,0,unknown
22654,cellular,25,aug,109,5,-1,0,unknown
22655,cellular,25,aug,48,4,-1,0,unknown
22656,cellular,25,aug,540,4,-1,0,unknown
22657,cellular,25,aug,191,5,-1,0,unknown
22658,cellular,25,aug,342,3,-1,0,unknown
22659,cellular,25,aug,288,12,-1,0,unknown
22660,cellular,25,aug,209,5,-1,0,unknown
22661,cellular,25,aug,91,9,-1,0,unknown
22662,cellular,25,aug,196,12,-1,0,unknown
22663,cellular,25,aug,110,3,-1,0,unknown
22664,cellular,25,aug,115,7,-1,0,unknown
22665,cellular,25,aug,57,3,-1,0,unknown
22666,cellular,25,aug,102,5,-1,0,unknown
22667,cellular,25,aug,88,4,-1,0,unknown
22668,cellular,25,aug,68,4,-1,0,unknown
22669,cellular,25,aug,78,4,-1,0,unknown
22670,cellular,25,aug,141,4,-1,0,unknown
22671,cellular,25,aug,160,4,-1,0,unknown
22672,cellular,25,aug,472,10,-1,0,unknown
22673,cellular,25,aug,63,5,-1,0,unknown
22674,cellular,25,aug,132,6,-1,0,unknown
22675,cellular,25,aug,85,6,-1,0,unknown
22676,cellular,25,aug,132,8,-1,0,unknown
22677,cellular,25,aug,425,6,-1,0,unknown
22678,cellular,25,aug,50,23,-1,0,unknown
22679,cellular,25,aug,363,7,-1,0,unknown
22680,cellular,25,aug,129,5,-1,0,unknown
22681,cellular,25,aug,66,9,-1,0,unknown
22682,cellular,25,aug,121,4,-1,0,unknown
22683,cellular,25,aug,143,4,-1,0,unknown
22684,cellular,25,aug,145,8,-1,0,unknown
22685,cellular,25,aug,99,13,-1,0,unknown
22686,cellular,25,aug,112,4,-1,0,unknown
22687,cellular,25,aug,961,4,-1,0,unknown
22688,cellular,25,aug,87,5,-1,0,unknown
22689,cellular,25,aug,73,3,-1,0,unknown
22690,cellular,25,aug,463,4,-1,0,unknown
22691,cellular,25,aug,67,9,-1,0,unknown
22692,cellular,25,aug,103,5,-1,0,unknown
22693,cellular,25,aug,234,12,-1,0,unknown
22694,cellular,25,aug,220,3,-1,0,unknown
22695,cellular,25,aug,80,4,-1,0,unknown
22696,cellular,25,aug,83,13,-1,0,unknown
22697,cellular,25,aug,136,17,-1,0,unknown
22698,cellular,25,aug,417,4,-1,0,unknown
22699,cellular,25,aug,129,3,-1,0,unknown
22700,cellular,25,aug,343,2,-1,0,unknown
22701,cellular,25,aug,119,2,-1,0,unknown
22702,cellular,25,aug,87,4,-1,0,unknown
22703,cellular,25,aug,217,6,-1,0,unknown
22704,cellular,25,aug,153,4,-1,0,unknown
22705,cellular,25,aug,150,3,-1,0,unknown
22706,cellular,25,aug,129,4,-1,0,unknown
22707,cellular,25,aug,104,6,-1,0,unknown
22708,cellular,25,aug,93,5,-1,0,unknown
22709,cellular,25,aug,160,6,-1,0,unknown
22710,cellular,25,aug,113,6,-1,0,unknown
22711,cellular,25,aug,84,4,-1,0,unknown
22712,cellular,25,aug,147,6,-1,0,unknown
22713,cellular,25,aug,125,4,-1,0,unknown
22714,cellular,25,aug,101,3,-1,0,unknown
22715,cellular,25,aug,97,4,-1,0,unknown
22716,cellular,25,aug,167,4,-1,0,unknown
22717,cellular,25,aug,96,4,-1,0,unknown
22718,cellular,25,aug,123,6,-1,0,unknown
22719,cellular,25,aug,84,4,-1,0,unknown
22720,cellular,25,aug,342,5,-1,0,unknown
22721,cellular,25,aug,472,6,-1,0,unknown
22722,cellular,25,aug,62,10,-1,0,unknown
22723,cellular,25,aug,108,4,-1,0,unknown
22724,telephone,25,aug,67,10,-1,0,unknown
22725,cellular,25,aug,143,10,-1,0,unknown
22726,cellular,25,aug,152,3,-1,0,unknown
22727,cellular,25,aug,110,6,-1,0,unknown
22728,cellular,25,aug,40,15,-1,0,unknown
22729,telephone,25,aug,176,5,-1,0,unknown
22730,cellular,25,aug,272,4,-1,0,unknown
22731,cellular,25,aug,122,3,-1,0,unknown
22732,cellular,25,aug,59,6,-1,0,unknown
22733,cellular,25,aug,57,4,-1,0,unknown
22734,cellular,25,aug,463,22,-1,0,unknown
22735,cellular,25,aug,301,4,-1,0,unknown
22736,cellular,25,aug,343,4,-1,0,unknown
22737,cellular,25,aug,133,8,-1,0,unknown
22738,cellular,25,aug,508,5,-1,0,unknown
22739,cellular,25,aug,102,4,-1,0,unknown
22740,cellular,25,aug,72,3,-1,0,unknown
22741,cellular,25,aug,111,7,-1,0,unknown
22742,cellular,25,aug,1152,6,-1,0,unknown
22743,cellular,25,aug,284,4,-1,0,unknown
22744,cellular,25,aug,425,4,-1,0,unknown
22745,cellular,25,aug,157,4,-1,0,unknown
22746,cellular,25,aug,116,4,-1,0,unknown
22747,cellular,25,aug,146,4,-1,0,unknown
22748,cellular,25,aug,115,6,-1,0,unknown
22749,cellular,25,aug,72,4,-1,0,unknown
22750,cellular,25,aug,72,4,-1,0,unknown
22751,cellular,25,aug,72,2,-1,0,unknown
22752,cellular,25,aug,140,4,-1,0,unknown
22753,cellular,25,aug,88,3,-1,0,unknown
22754,cellular,25,aug,90,4,-1,0,unknown
22755,cellular,25,aug,150,4,-1,0,unknown
22756,cellular,25,aug,159,2,-1,0,unknown
22757,cellular,25,aug,177,4,-1,0,unknown
22758,cellular,25,aug,606,6,-1,0,unknown
22759,cellular,25,aug,250,2,-1,0,unknown
22760,cellular,25,aug,248,2,-1,0,unknown
22761,cellular,25,aug,132,2,-1,0,unknown
22762,cellular,25,aug,93,9,-1,0,unknown
22763,cellular,25,aug,121,4,-1,0,unknown
22764,cellular,25,aug,94,6,-1,0,unknown
22765,cellular,25,aug,92,6,-1,0,unknown
22766,cellular,25,aug,65,8,-1,0,unknown
22767,cellular,25,aug,324,4,-1,0,unknown
22768,cellular,25,aug,154,4,-1,0,unknown
22769,cellular,25,aug,124,4,-1,0,unknown
22770,cellular,25,aug,140,8,-1,0,unknown
22771,cellular,25,aug,54,6,-1,0,unknown
22772,cellular,25,aug,14,18,-1,0,unknown
22773,cellular,25,aug,390,7,-1,0,unknown
22774,cellular,25,aug,476,3,-1,0,unknown
22775,cellular,25,aug,42,6,-1,0,unknown
22776,cellular,25,aug,74,7,-1,0,unknown
22777,cellular,25,aug,23,17,-1,0,unknown
22778,cellular,25,aug,228,4,-1,0,unknown
22779,cellular,25,aug,112,6,-1,0,unknown
22780,cellular,25,aug,115,4,-1,0,unknown
22781,cellular,25,aug,57,3,-1,0,unknown
22782,cellular,25,aug,15,19,-1,0,unknown
22783,cellular,25,aug,728,4,-1,0,unknown
22784,cellular,25,aug,66,4,-1,0,unknown
22785,cellular,25,aug,262,6,-1,0,unknown
22786,cellular,25,aug,72,6,-1,0,unknown
22787,cellular,25,aug,9,9,-1,0,unknown
22788,cellular,25,aug,11,16,-1,0,unknown
22789,cellular,25,aug,9,12,-1,0,unknown
22790,cellular,25,aug,213,4,-1,0,unknown
22791,cellular,25,aug,211,7,-1,0,unknown
22792,cellular,25,aug,422,10,-1,0,unknown
22793,cellular,25,aug,68,6,-1,0,unknown
22794,cellular,25,aug,69,4,-1,0,unknown
22795,cellular,25,aug,111,6,-1,0,unknown
22796,cellular,25,aug,36,7,-1,0,unknown
22797,cellular,25,aug,169,4,-1,0,unknown
22798,cellular,25,aug,734,4,-1,0,unknown
22799,cellular,25,aug,484,4,-1,0,unknown
22800,cellular,25,aug,14,22,-1,0,unknown
22801,cellular,25,aug,69,4,-1,0,unknown
22802,cellular,25,aug,69,6,-1,0,unknown
22803,cellular,25,aug,692,4,-1,0,unknown
22804,cellular,25,aug,296,8,-1,0,unknown
22805,cellular,25,aug,151,6,-1,0,unknown
22806,cellular,25,aug,164,4,-1,0,unknown
22807,cellular,25,aug,198,8,-1,0,unknown
22808,cellular,25,aug,454,4,-1,0,unknown
22809,cellular,25,aug,114,6,-1,0,unknown
22810,cellular,25,aug,64,10,-1,0,unknown
22811,cellular,25,aug,30,4,-1,0,unknown
22812,cellular,25,aug,81,6,-1,0,unknown
22813,cellular,25,aug,731,6,-1,0,unknown
22814,cellular,25,aug,184,7,-1,0,unknown
22815,cellular,25,aug,433,6,-1,0,unknown
22816,cellular,25,aug,361,8,-1,0,unknown
22817,cellular,25,aug,304,6,-1,0,unknown
22818,cellular,25,aug,160,7,-1,0,unknown
22819,cellular,25,aug,101,6,-1,0,unknown
22820,cellular,25,aug,272,6,-1,0,unknown
22821,cellular,25,aug,53,6,-1,0,unknown
22822,cellular,25,aug,323,4,-1,0,unknown
22823,cellular,25,aug,103,6,-1,0,unknown
22824,cellular,25,aug,340,5,-1,0,unknown
22825,cellular,25,aug,163,8,-1,0,unknown
22826,cellular,25,aug,54,19,-1,0,unknown
22827,cellular,25,aug,87,4,-1,0,unknown
22828,cellular,25,aug,454,6,-1,0,unknown
22829,cellular,25,aug,171,8,-1,0,unknown
22830,cellular,25,aug,134,10,-1,0,unknown
22831,cellular,25,aug,265,4,-1,0,unknown
22832,cellular,25,aug,280,4,-1,0,unknown
22833,cellular,25,aug,62,6,-1,0,unknown
22834,cellular,25,aug,318,6,-1,0,unknown
22835,cellular,25,aug,131,3,-1,0,unknown
22836,cellular,25,aug,89,4,-1,0,unknown
22837,cellular,25,aug,119,11,-1,0,unknown
22838,cellular,25,aug,105,4,-1,0,unknown
22839,cellular,25,aug,99,3,-1,0,unknown
22840,cellular,25,aug,930,3,-1,0,unknown
22841,cellular,25,aug,484,4,-1,0,unknown
22842,cellular,25,aug,93,4,-1,0,unknown
22843,cellular,25,aug,153,3,-1,0,unknown
22844,cellular,25,aug,497,5,-1,0,unknown
22845,cellular,25,aug,121,8,-1,0,unknown
22846,cellular,25,aug,630,7,-1,0,unknown
22847,cellular,25,aug,81,4,-1,0,unknown
22848,cellular,25,aug,141,4,-1,0,unknown
22849,cellular,25,aug,73,2,-1,0,unknown
22850,cellular,25,aug,106,7,-1,0,unknown
22851,cellular,25,aug,702,2,-1,0,unknown
22852,cellular,25,aug,50,9,-1,0,unknown
22853,cellular,25,aug,770,12,-1,0,unknown
22854,cellular,25,aug,163,3,-1,0,unknown
22855,cellular,25,aug,313,5,-1,0,unknown
22856,cellular,25,aug,113,3,-1,0,unknown
22857,cellular,25,aug,348,2,-1,0,unknown
22858,cellular,25,aug,142,4,-1,0,unknown
22859,cellular,25,aug,106,4,-1,0,unknown
22860,cellular,25,aug,256,8,-1,0,unknown
22861,cellular,25,aug,56,2,-1,0,unknown
22862,cellular,25,aug,122,3,-1,0,unknown
22863,cellular,25,aug,342,5,-1,0,unknown
22864,cellular,25,aug,159,5,-1,0,unknown
22865,cellular,25,aug,124,4,-1,0,unknown
22866,cellular,25,aug,378,3,-1,0,unknown
22867,cellular,25,aug,139,9,-1,0,unknown
22868,cellular,25,aug,170,4,-1,0,unknown
22869,cellular,25,aug,83,5,-1,0,unknown
22870,cellular,25,aug,51,5,-1,0,unknown
22871,cellular,25,aug,56,5,-1,0,unknown
22872,cellular,25,aug,115,4,-1,0,unknown
22873,cellular,25,aug,43,4,-1,0,unknown
22874,cellular,25,aug,67,4,-1,0,unknown
22875,cellular,25,aug,366,3,-1,0,unknown
22876,cellular,25,aug,36,3,-1,0,unknown
22877,cellular,25,aug,119,11,-1,0,unknown
22878,cellular,25,aug,121,16,-1,0,unknown
22879,cellular,25,aug,153,4,-1,0,unknown
22880,cellular,25,aug,431,5,-1,0,unknown
22881,cellular,25,aug,63,5,-1,0,unknown
22882,cellular,25,aug,618,3,-1,0,unknown
22883,cellular,25,aug,202,7,-1,0,unknown
22884,cellular,25,aug,226,10,-1,0,unknown
22885,cellular,25,aug,392,6,-1,0,unknown
22886,cellular,25,aug,144,18,-1,0,unknown
22887,cellular,25,aug,56,6,-1,0,unknown
22888,cellular,25,aug,121,3,-1,0,unknown
22889,cellular,25,aug,390,8,-1,0,unknown
22890,cellular,25,aug,60,4,-1,0,unknown
22891,cellular,25,aug,75,11,-1,0,unknown
22892,cellular,25,aug,99,6,-1,0,unknown
22893,cellular,25,aug,108,5,-1,0,unknown
22894,telephone,25,aug,146,18,-1,0,unknown
22895,cellular,25,aug,358,3,-1,0,unknown
22896,cellular,25,aug,308,7,-1,0,unknown
22897,cellular,25,aug,240,9,-1,0,unknown
22898,cellular,25,aug,45,11,-1,0,unknown
22899,cellular,25,aug,230,5,-1,0,unknown
22900,cellular,25,aug,98,3,-1,0,unknown
22901,cellular,25,aug,90,2,-1,0,unknown
22902,cellular,25,aug,83,4,-1,0,unknown
22903,cellular,25,aug,128,5,-1,0,unknown
22904,cellular,25,aug,194,9,-1,0,unknown
22905,cellular,25,aug,941,3,-1,0,unknown
22906,cellular,25,aug,56,6,-1,0,unknown
22907,cellular,25,aug,1374,10,-1,0,unknown
22908,cellular,25,aug,249,6,-1,0,unknown
22909,cellular,25,aug,372,5,-1,0,unknown
22910,cellular,26,aug,90,4,-1,0,unknown
22911,cellular,26,aug,19,17,-1,0,unknown
22912,cellular,26,aug,69,4,-1,0,unknown
22913,cellular,26,aug,127,5,-1,0,unknown
22914,cellular,26,aug,63,6,-1,0,unknown
22915,cellular,26,aug,122,3,-1,0,unknown
22916,cellular,26,aug,179,16,-1,0,unknown
22917,cellular,26,aug,66,21,-1,0,unknown
22918,cellular,26,aug,106,8,-1,0,unknown
22919,cellular,26,aug,69,4,-1,0,unknown
22920,cellular,26,aug,109,3,-1,0,unknown
22921,cellular,26,aug,435,5,-1,0,unknown
22922,cellular,26,aug,209,6,-1,0,unknown
22923,cellular,26,aug,958,6,-1,0,unknown
22924,cellular,26,aug,170,3,-1,0,unknown
22925,cellular,26,aug,95,6,-1,0,unknown
22926,cellular,26,aug,664,11,-1,0,unknown
22927,cellular,26,aug,479,6,-1,0,unknown
22928,cellular,26,aug,427,17,-1,0,unknown
22929,cellular,26,aug,77,8,-1,0,unknown
22930,cellular,26,aug,60,6,-1,0,unknown
22931,cellular,26,aug,49,13,-1,0,unknown
22932,cellular,26,aug,102,7,-1,0,unknown
22933,cellular,26,aug,73,4,-1,0,unknown
22934,cellular,26,aug,109,9,-1,0,unknown
22935,cellular,26,aug,179,8,-1,0,unknown
22936,cellular,26,aug,175,11,-1,0,unknown
22937,cellular,26,aug,0,15,-1,0,unknown
22938,cellular,26,aug,388,6,-1,0,unknown
22939,cellular,26,aug,338,9,-1,0,unknown
22940,cellular,26,aug,85,6,-1,0,unknown
22941,cellular,26,aug,42,7,-1,0,unknown
22942,cellular,26,aug,146,9,-1,0,unknown
22943,cellular,26,aug,105,10,-1,0,unknown
22944,cellular,26,aug,100,4,-1,0,unknown
22945,cellular,26,aug,112,4,-1,0,unknown
22946,cellular,26,aug,55,4,-1,0,unknown
22947,cellular,26,aug,67,3,-1,0,unknown
22948,cellular,26,aug,94,14,-1,0,unknown
22949,cellular,26,aug,74,4,-1,0,unknown
22950,cellular,26,aug,135,22,-1,0,unknown
22951,cellular,26,aug,60,5,-1,0,unknown
22952,cellular,26,aug,276,8,-1,0,unknown
22953,cellular,26,aug,159,4,-1,0,unknown
22954,cellular,26,aug,171,4,-1,0,unknown
22955,cellular,26,aug,26,10,-1,0,unknown
22956,cellular,26,aug,93,2,-1,0,unknown
22957,cellular,26,aug,137,2,-1,0,unknown
22958,cellular,26,aug,64,2,-1,0,unknown
22959,cellular,26,aug,102,2,-1,0,unknown
22960,cellular,26,aug,87,6,-1,0,unknown
22961,cellular,26,aug,106,7,-1,0,unknown
22962,cellular,26,aug,108,7,-1,0,unknown
22963,cellular,26,aug,60,2,-1,0,unknown
22964,cellular,26,aug,312,2,-1,0,unknown
22965,cellular,26,aug,92,2,-1,0,unknown
22966,cellular,26,aug,274,2,-1,0,unknown
22967,cellular,26,aug,178,2,-1,0,unknown
22968,cellular,26,aug,80,2,-1,0,unknown
22969,cellular,26,aug,169,2,-1,0,unknown
22970,telephone,26,aug,81,5,-1,0,unknown
22971,cellular,26,aug,395,2,-1,0,unknown
22972,cellular,26,aug,317,5,-1,0,unknown
22973,cellular,26,aug,217,2,-1,0,unknown
22974,cellular,26,aug,196,2,-1,0,unknown
22975,cellular,26,aug,221,2,-1,0,unknown
22976,cellular,26,aug,634,2,-1,0,unknown
22977,cellular,26,aug,700,2,-1,0,unknown
22978,cellular,26,aug,67,6,-1,0,unknown
22979,cellular,26,aug,80,16,-1,0,unknown
22980,cellular,26,aug,185,4,-1,0,unknown
22981,cellular,26,aug,17,23,-1,0,unknown
22982,cellular,26,aug,165,4,-1,0,unknown
22983,cellular,26,aug,210,6,-1,0,unknown
22984,cellular,26,aug,76,2,-1,0,unknown
22985,cellular,26,aug,64,2,-1,0,unknown
22986,cellular,26,aug,131,2,-1,0,unknown
22987,cellular,26,aug,252,2,-1,0,unknown
22988,cellular,26,aug,14,14,-1,0,unknown
22989,cellular,26,aug,92,4,-1,0,unknown
22990,cellular,26,aug,748,3,-1,0,unknown
22991,cellular,26,aug,267,4,-1,0,unknown
22992,telephone,26,aug,176,15,-1,0,unknown
22993,cellular,26,aug,104,2,-1,0,unknown
22994,cellular,26,aug,65,4,-1,0,unknown
22995,cellular,26,aug,181,2,-1,0,unknown
22996,cellular,26,aug,29,12,-1,0,unknown
22997,cellular,26,aug,176,2,-1,0,unknown
22998,cellular,26,aug,28,20,-1,0,unknown
22999,cellular,26,aug,610,2,-1,0,unknown
23000,cellular,26,aug,345,4,-1,0,unknown
23001,cellular,26,aug,191,2,-1,0,unknown
23002,cellular,26,aug,18,17,-1,0,unknown
23003,cellular,26,aug,541,2,-1,0,unknown
23004,cellular,26,aug,67,2,-1,0,unknown
23005,cellular,26,aug,137,2,-1,0,unknown
23006,cellular,26,aug,94,2,-1,0,unknown
23007,cellular,26,aug,259,2,-1,0,unknown
23008,cellular,26,aug,146,2,-1,0,unknown
23009,cellular,26,aug,292,2,-1,0,unknown
23010,cellular,26,aug,153,14,-1,0,unknown
23011,cellular,26,aug,103,2,-1,0,unknown
23012,cellular,26,aug,142,2,-1,0,unknown
23013,cellular,26,aug,392,2,-1,0,unknown
23014,cellular,26,aug,179,2,-1,0,unknown
23015,cellular,26,aug,123,2,-1,0,unknown
23016,cellular,26,aug,239,2,-1,0,unknown
23017,cellular,26,aug,286,2,-1,0,unknown
23018,cellular,26,aug,358,2,-1,0,unknown
23019,cellular,26,aug,312,2,-1,0,unknown
23020,cellular,26,aug,126,2,-1,0,unknown
23021,cellular,26,aug,417,2,-1,0,unknown
23022,cellular,26,aug,131,2,-1,0,unknown
23023,cellular,26,aug,392,2,-1,0,unknown
23024,cellular,26,aug,85,16,-1,0,unknown
23025,cellular,26,aug,24,16,-1,0,unknown
23026,cellular,26,aug,80,6,-1,0,unknown
23027,cellular,26,aug,119,6,-1,0,unknown
23028,cellular,26,aug,168,5,-1,0,unknown
23029,telephone,26,aug,66,10,-1,0,unknown
23030,cellular,26,aug,460,10,-1,0,unknown
23031,cellular,26,aug,183,10,-1,0,unknown
23032,cellular,26,aug,189,4,-1,0,unknown
23033,cellular,26,aug,73,17,-1,0,unknown
23034,cellular,26,aug,130,10,-1,0,unknown
23035,cellular,26,aug,10,18,-1,0,unknown
23036,cellular,26,aug,139,4,-1,0,unknown
23037,cellular,26,aug,168,4,-1,0,unknown
23038,cellular,26,aug,99,2,-1,0,unknown
23039,cellular,26,aug,97,3,-1,0,unknown
23040,cellular,26,aug,43,2,-1,0,unknown
23041,telephone,26,aug,15,10,-1,0,unknown
23042,cellular,26,aug,204,2,-1,0,unknown
23043,cellular,26,aug,173,2,-1,0,unknown
23044,cellular,26,aug,260,4,-1,0,unknown
23045,cellular,26,aug,169,2,-1,0,unknown
23046,cellular,26,aug,83,4,-1,0,unknown
23047,cellular,26,aug,428,2,-1,0,unknown
23048,cellular,26,aug,164,2,-1,0,unknown
23049,cellular,26,aug,124,4,-1,0,unknown
23050,cellular,26,aug,107,4,-1,0,unknown
23051,cellular,26,aug,130,2,-1,0,unknown
23052,cellular,26,aug,128,2,-1,0,unknown
23053,cellular,26,aug,484,2,-1,0,unknown
23054,cellular,26,aug,63,2,-1,0,unknown
23055,cellular,26,aug,174,2,-1,0,unknown
23056,cellular,26,aug,240,2,-1,0,unknown
23057,cellular,26,aug,71,4,-1,0,unknown
23058,cellular,26,aug,210,6,-1,0,unknown
23059,cellular,26,aug,111,4,-1,0,unknown
23060,cellular,26,aug,436,2,-1,0,unknown
23061,cellular,26,aug,79,6,-1,0,unknown
23062,cellular,26,aug,22,38,-1,0,unknown
23063,cellular,26,aug,101,4,-1,0,unknown
23064,cellular,26,aug,194,8,-1,0,unknown
23065,cellular,26,aug,41,11,-1,0,unknown
23066,cellular,26,aug,31,8,-1,0,unknown
23067,cellular,26,aug,17,15,-1,0,unknown
23068,cellular,26,aug,301,6,-1,0,unknown
23069,cellular,26,aug,1223,6,-1,0,unknown
23070,cellular,26,aug,73,4,-1,0,unknown
23071,cellular,26,aug,12,16,-1,0,unknown
23072,cellular,26,aug,1000,4,-1,0,unknown
23073,cellular,26,aug,333,4,-1,0,unknown
23074,cellular,26,aug,219,6,-1,0,unknown
23075,cellular,26,aug,266,5,-1,0,unknown
23076,cellular,26,aug,362,6,-1,0,unknown
23077,cellular,26,aug,224,6,-1,0,unknown
23078,cellular,26,aug,241,7,-1,0,unknown
23079,cellular,26,aug,471,8,-1,0,unknown
23080,cellular,26,aug,55,4,-1,0,unknown
23081,cellular,26,aug,74,4,-1,0,unknown
23082,cellular,26,aug,300,4,-1,0,unknown
23083,cellular,26,aug,130,6,-1,0,unknown
23084,cellular,26,aug,520,4,-1,0,unknown
23085,cellular,26,aug,72,4,-1,0,unknown
23086,cellular,26,aug,96,4,-1,0,unknown
23087,cellular,26,aug,320,5,-1,0,unknown
23088,cellular,26,aug,301,16,-1,0,unknown
23089,cellular,26,aug,234,4,-1,0,unknown
23090,cellular,26,aug,75,4,-1,0,unknown
23091,cellular,26,aug,78,4,-1,0,unknown
23092,cellular,26,aug,162,13,-1,0,unknown
23093,cellular,26,aug,271,4,-1,0,unknown
23094,cellular,26,aug,76,4,-1,0,unknown
23095,cellular,26,aug,10,19,-1,0,unknown
23096,telephone,26,aug,39,6,-1,0,unknown
23097,cellular,26,aug,30,20,-1,0,unknown
23098,cellular,26,aug,257,12,-1,0,unknown
23099,cellular,26,aug,160,6,-1,0,unknown
23100,cellular,26,aug,140,6,-1,0,unknown
23101,cellular,26,aug,63,4,-1,0,unknown
23102,cellular,26,aug,358,4,-1,0,unknown
23103,cellular,26,aug,120,6,-1,0,unknown
23104,cellular,26,aug,532,14,-1,0,unknown
23105,cellular,26,aug,175,6,-1,0,unknown
23106,cellular,26,aug,112,10,-1,0,unknown
23107,cellular,26,aug,157,5,-1,0,unknown
23108,cellular,26,aug,264,20,-1,0,unknown
23109,cellular,26,aug,119,3,-1,0,unknown
23110,cellular,26,aug,172,5,-1,0,unknown
23111,cellular,26,aug,158,9,-1,0,unknown
23112,cellular,26,aug,653,8,-1,0,unknown
23113,cellular,26,aug,205,7,-1,0,unknown
23114,cellular,26,aug,133,11,-1,0,unknown
23115,cellular,26,aug,277,3,-1,0,unknown
23116,cellular,26,aug,603,3,-1,0,unknown
23117,cellular,26,aug,303,5,-1,0,unknown
23118,cellular,26,aug,265,16,-1,0,unknown
23119,cellular,26,aug,195,9,-1,0,unknown
23120,cellular,26,aug,77,4,-1,0,unknown
23121,cellular,26,aug,130,4,-1,0,unknown
23122,cellular,26,aug,377,8,-1,0,unknown
23123,cellular,26,aug,454,2,-1,0,unknown
23124,cellular,26,aug,61,7,-1,0,unknown
23125,cellular,26,aug,183,3,-1,0,unknown
23126,cellular,26,aug,218,5,-1,0,unknown
23127,cellular,26,aug,182,7,-1,0,unknown
23128,cellular,26,aug,384,4,-1,0,unknown
23129,cellular,26,aug,107,5,-1,0,unknown
23130,cellular,26,aug,57,10,-1,0,unknown
23131,cellular,26,aug,145,5,-1,0,unknown
23132,cellular,26,aug,45,3,-1,0,unknown
23133,cellular,26,aug,209,7,-1,0,unknown
23134,cellular,26,aug,89,3,-1,0,unknown
23135,cellular,26,aug,225,3,-1,0,unknown
23136,cellular,26,aug,128,12,-1,0,unknown
23137,cellular,26,aug,168,9,-1,0,unknown
23138,cellular,26,aug,98,7,-1,0,unknown
23139,cellular,26,aug,65,2,-1,0,unknown
23140,cellular,26,aug,168,4,-1,0,unknown
23141,telephone,26,aug,385,9,-1,0,unknown
23142,cellular,26,aug,366,13,-1,0,unknown
23143,cellular,26,aug,198,5,-1,0,unknown
23144,cellular,26,aug,75,3,-1,0,unknown
23145,cellular,26,aug,104,9,-1,0,unknown
23146,cellular,26,aug,125,2,-1,0,unknown
23147,cellular,26,aug,109,14,-1,0,unknown
23148,cellular,26,aug,58,7,-1,0,unknown
23149,cellular,26,aug,556,7,-1,0,unknown
23150,cellular,26,aug,100,4,-1,0,unknown
23151,cellular,26,aug,20,8,-1,0,unknown
23152,cellular,26,aug,133,7,-1,0,unknown
23153,cellular,26,aug,101,2,-1,0,unknown
23154,cellular,26,aug,240,5,-1,0,unknown
23155,cellular,26,aug,99,4,-1,0,unknown
23156,cellular,26,aug,59,6,-1,0,unknown
23157,cellular,26,aug,515,13,-1,0,unknown
23158,cellular,26,aug,130,13,-1,0,unknown
23159,telephone,26,aug,361,14,-1,0,unknown
23160,cellular,26,aug,99,6,-1,0,unknown
23161,cellular,26,aug,272,10,-1,0,unknown
23162,cellular,26,aug,298,10,-1,0,unknown
23163,cellular,26,aug,148,4,-1,0,unknown
23164,cellular,26,aug,84,10,-1,0,unknown
23165,cellular,26,aug,98,14,-1,0,unknown
23166,cellular,27,aug,20,17,-1,0,unknown
23167,cellular,27,aug,26,16,-1,0,unknown
23168,cellular,27,aug,58,4,-1,0,unknown
23169,cellular,27,aug,108,22,-1,0,unknown
23170,cellular,27,aug,101,6,-1,0,unknown
23171,cellular,27,aug,52,3,-1,0,unknown
23172,cellular,27,aug,157,4,-1,0,unknown
23173,cellular,27,aug,609,13,-1,0,unknown
23174,cellular,27,aug,86,6,-1,0,unknown
23175,cellular,27,aug,94,6,-1,0,unknown
23176,cellular,27,aug,108,6,-1,0,unknown
23177,cellular,27,aug,116,4,-1,0,unknown
23178,cellular,27,aug,87,7,-1,0,unknown
23179,cellular,27,aug,128,12,-1,0,unknown
23180,cellular,27,aug,27,8,-1,0,unknown
23181,cellular,27,aug,581,6,-1,0,unknown
23182,cellular,27,aug,20,34,-1,0,unknown
23183,cellular,27,aug,181,4,-1,0,unknown
23184,cellular,27,aug,18,14,-1,0,unknown
23185,cellular,27,aug,65,6,-1,0,unknown
23186,cellular,27,aug,144,8,-1,0,unknown
23187,cellular,27,aug,106,4,-1,0,unknown
23188,cellular,27,aug,146,7,-1,0,unknown
23189,cellular,27,aug,56,6,-1,0,unknown
23190,cellular,27,aug,185,5,-1,0,unknown
23191,cellular,27,aug,1033,4,-1,0,unknown
23192,cellular,27,aug,503,13,-1,0,unknown
23193,cellular,27,aug,95,6,-1,0,unknown
23194,cellular,27,aug,105,6,-1,0,unknown
23195,cellular,27,aug,87,3,-1,0,unknown
23196,cellular,27,aug,57,4,-1,0,unknown
23197,cellular,27,aug,219,4,-1,0,unknown
23198,cellular,27,aug,281,5,-1,0,unknown
23199,cellular,27,aug,57,6,-1,0,unknown
23200,cellular,27,aug,155,15,-1,0,unknown
23201,cellular,27,aug,84,4,-1,0,unknown
23202,cellular,27,aug,96,9,-1,0,unknown
23203,cellular,27,aug,13,20,-1,0,unknown
23204,cellular,27,aug,1040,6,-1,0,unknown
23205,cellular,27,aug,130,10,-1,0,unknown
23206,cellular,27,aug,136,8,-1,0,unknown
23207,telephone,27,aug,39,9,-1,0,unknown
23208,cellular,27,aug,68,4,-1,0,unknown
23209,cellular,27,aug,153,4,-1,0,unknown
23210,cellular,27,aug,672,6,-1,0,unknown
23211,cellular,27,aug,156,6,-1,0,unknown
23212,cellular,27,aug,199,4,-1,0,unknown
23213,cellular,27,aug,23,10,-1,0,unknown
23214,cellular,27,aug,166,9,-1,0,unknown
23215,cellular,27,aug,181,4,-1,0,unknown
23216,cellular,27,aug,39,13,-1,0,unknown
23217,cellular,27,aug,100,9,-1,0,unknown
23218,cellular,27,aug,147,4,-1,0,unknown
23219,cellular,27,aug,76,11,-1,0,unknown
23220,cellular,27,aug,159,6,-1,0,unknown
23221,cellular,27,aug,519,16,-1,0,unknown
23222,cellular,27,aug,223,13,-1,0,unknown
23223,cellular,27,aug,203,2,-1,0,unknown
23224,cellular,27,aug,49,4,-1,0,unknown
23225,cellular,27,aug,191,4,-1,0,unknown
23226,cellular,27,aug,105,2,-1,0,unknown
23227,cellular,27,aug,146,4,-1,0,unknown
23228,cellular,27,aug,87,4,-1,0,unknown
23229,cellular,27,aug,114,2,-1,0,unknown
23230,cellular,27,aug,219,2,-1,0,unknown
23231,cellular,27,aug,512,8,-1,0,unknown
23232,cellular,27,aug,162,3,-1,0,unknown
23233,cellular,27,aug,236,2,-1,0,unknown
23234,cellular,27,aug,130,8,-1,0,unknown
23235,cellular,27,aug,111,2,-1,0,unknown
23236,cellular,27,aug,80,4,-1,0,unknown
23237,cellular,27,aug,85,19,-1,0,unknown
23238,cellular,27,aug,123,8,-1,0,unknown
23239,cellular,27,aug,69,12,-1,0,unknown
23240,cellular,27,aug,313,6,-1,0,unknown
23241,cellular,27,aug,78,8,-1,0,unknown
23242,cellular,27,aug,256,4,-1,0,unknown
23243,cellular,27,aug,134,2,-1,0,unknown
23244,cellular,27,aug,63,8,-1,0,unknown
23245,cellular,27,aug,352,2,-1,0,unknown
23246,cellular,27,aug,127,4,-1,0,unknown
23247,cellular,27,aug,123,4,-1,0,unknown
23248,cellular,27,aug,254,8,-1,0,unknown
23249,cellular,27,aug,80,10,-1,0,unknown
23250,cellular,27,aug,113,8,-1,0,unknown
23251,cellular,27,aug,100,2,-1,0,unknown
23252,cellular,27,aug,88,6,-1,0,unknown
23253,cellular,27,aug,121,2,-1,0,unknown
23254,cellular,27,aug,91,2,-1,0,unknown
23255,cellular,27,aug,164,2,-1,0,unknown
23256,cellular,27,aug,121,2,-1,0,unknown
23257,telephone,27,aug,145,2,-1,0,unknown
23258,cellular,27,aug,651,2,-1,0,unknown
23259,cellular,27,aug,109,2,-1,0,unknown
23260,telephone,27,aug,220,16,-1,0,unknown
23261,telephone,27,aug,9,15,-1,0,unknown
23262,cellular,27,aug,82,4,-1,0,unknown
23263,cellular,27,aug,763,5,-1,0,unknown
23264,cellular,27,aug,129,7,-1,0,unknown
23265,cellular,27,aug,976,12,-1,0,unknown
23266,cellular,27,aug,63,4,-1,0,unknown
23267,cellular,27,aug,549,4,-1,0,unknown
23268,cellular,27,aug,342,4,-1,0,unknown
23269,cellular,27,aug,63,6,-1,0,unknown
23270,cellular,27,aug,119,12,-1,0,unknown
23271,cellular,27,aug,205,6,-1,0,unknown
23272,cellular,27,aug,15,9,-1,0,unknown
23273,cellular,27,aug,157,6,-1,0,unknown
23274,cellular,27,aug,308,4,-1,0,unknown
23275,cellular,27,aug,312,12,-1,0,unknown
23276,cellular,27,aug,103,6,-1,0,unknown
23277,cellular,27,aug,590,4,-1,0,unknown
23278,cellular,27,aug,86,5,-1,0,unknown
23279,cellular,27,aug,116,7,-1,0,unknown
23280,cellular,27,aug,102,4,-1,0,unknown
23281,cellular,27,aug,105,4,-1,0,unknown
23282,cellular,27,aug,129,4,-1,0,unknown
23283,cellular,27,aug,320,28,-1,0,unknown
23284,cellular,27,aug,28,14,-1,0,unknown
23285,cellular,27,aug,11,22,-1,0,unknown
23286,cellular,27,aug,50,4,-1,0,unknown
23287,cellular,27,aug,97,7,-1,0,unknown
23288,cellular,27,aug,94,6,-1,0,unknown
23289,telephone,27,aug,29,28,-1,0,unknown
23290,cellular,27,aug,116,9,-1,0,unknown
23291,cellular,27,aug,200,5,-1,0,unknown
23292,cellular,27,aug,247,6,-1,0,unknown
23293,cellular,27,aug,335,4,-1,0,unknown
23294,cellular,27,aug,38,6,-1,0,unknown
23295,cellular,27,aug,60,8,-1,0,unknown
23296,cellular,27,aug,57,6,-1,0,unknown
23297,cellular,27,aug,89,23,-1,0,unknown
23298,cellular,27,aug,14,13,-1,0,unknown
23299,cellular,27,aug,34,15,-1,0,unknown
23300,cellular,27,aug,49,4,-1,0,unknown
23301,cellular,27,aug,152,9,-1,0,unknown
23302,telephone,27,aug,645,9,-1,0,unknown
23303,cellular,27,aug,97,4,-1,0,unknown
23304,cellular,27,aug,176,10,-1,0,unknown
23305,cellular,27,aug,114,9,-1,0,unknown
23306,telephone,27,aug,96,7,-1,0,unknown
23307,cellular,27,aug,91,8,-1,0,unknown
23308,cellular,27,aug,86,11,-1,0,unknown
23309,cellular,27,aug,511,6,-1,0,unknown
23310,cellular,27,aug,300,4,-1,0,unknown
23311,cellular,27,aug,125,6,-1,0,unknown
23312,cellular,27,aug,125,15,-1,0,unknown
23313,cellular,27,aug,104,5,-1,0,unknown
23314,cellular,27,aug,212,15,-1,0,unknown
23315,cellular,27,aug,178,4,-1,0,unknown
23316,cellular,27,aug,67,4,-1,0,unknown
23317,cellular,27,aug,282,13,-1,0,unknown
23318,cellular,27,aug,19,21,-1,0,unknown
23319,cellular,27,aug,558,11,-1,0,unknown
23320,cellular,27,aug,85,4,-1,0,unknown
23321,cellular,27,aug,27,5,-1,0,unknown
23322,cellular,27,aug,60,3,-1,0,unknown
23323,cellular,27,aug,34,14,-1,0,unknown
23324,cellular,27,aug,77,6,-1,0,unknown
23325,cellular,27,aug,561,2,-1,0,unknown
23326,cellular,27,aug,134,6,-1,0,unknown
23327,cellular,27,aug,120,4,-1,0,unknown
23328,cellular,27,aug,197,6,-1,0,unknown
23329,cellular,27,aug,74,3,-1,0,unknown
23330,cellular,27,aug,214,8,-1,0,unknown
23331,cellular,27,aug,523,3,-1,0,unknown
23332,cellular,27,aug,160,4,-1,0,unknown
23333,cellular,27,aug,16,18,-1,0,unknown
23334,cellular,27,aug,184,3,-1,0,unknown
23335,cellular,27,aug,168,3,-1,0,unknown
23336,cellular,27,aug,76,4,-1,0,unknown
23337,cellular,27,aug,120,8,-1,0,unknown
23338,cellular,27,aug,138,3,-1,0,unknown
23339,cellular,27,aug,78,9,-1,0,unknown
23340,cellular,27,aug,36,7,-1,0,unknown
23341,cellular,27,aug,77,3,-1,0,unknown
23342,cellular,27,aug,117,7,-1,0,unknown
23343,cellular,27,aug,11,15,-1,0,unknown
23344,cellular,27,aug,88,3,-1,0,unknown
23345,cellular,27,aug,18,18,-1,0,unknown
23346,cellular,27,aug,157,10,-1,0,unknown
23347,cellular,27,aug,43,3,-1,0,unknown
23348,cellular,27,aug,186,16,-1,0,unknown
23349,cellular,27,aug,569,17,-1,0,unknown
23350,cellular,27,aug,19,23,-1,0,unknown
23351,cellular,27,aug,218,7,-1,0,unknown
23352,cellular,27,aug,16,28,-1,0,unknown
23353,cellular,27,aug,43,19,-1,0,unknown
23354,cellular,27,aug,37,3,-1,0,unknown
23355,cellular,27,aug,111,5,-1,0,unknown
23356,cellular,27,aug,1642,3,-1,0,unknown
23357,cellular,27,aug,85,3,-1,0,unknown
23358,cellular,27,aug,202,5,-1,0,unknown
23359,cellular,27,aug,316,5,-1,0,unknown
23360,cellular,27,aug,35,13,-1,0,unknown
23361,cellular,27,aug,33,2,-1,0,unknown
23362,cellular,27,aug,26,11,-1,0,unknown
23363,cellular,27,aug,59,6,-1,0,unknown
23364,cellular,27,aug,118,7,-1,0,unknown
23365,cellular,27,aug,72,5,-1,0,unknown
23366,cellular,27,aug,106,11,-1,0,unknown
23367,cellular,27,aug,263,12,-1,0,unknown
23368,cellular,27,aug,93,12,-1,0,unknown
23369,telephone,27,aug,1176,8,-1,0,unknown
23370,cellular,27,aug,79,3,-1,0,unknown
23371,cellular,27,aug,13,15,-1,0,unknown
23372,cellular,27,aug,453,4,-1,0,unknown
23373,cellular,27,aug,119,11,-1,0,unknown
23374,cellular,27,aug,231,5,-1,0,unknown
23375,cellular,27,aug,49,4,-1,0,unknown
23376,cellular,27,aug,101,3,-1,0,unknown
23377,cellular,27,aug,141,8,-1,0,unknown
23378,cellular,27,aug,97,7,-1,0,unknown
23379,cellular,27,aug,88,4,-1,0,unknown
23380,cellular,27,aug,151,8,-1,0,unknown
23381,cellular,27,aug,88,5,-1,0,unknown
23382,cellular,27,aug,101,3,-1,0,unknown
23383,cellular,27,aug,78,3,-1,0,unknown
23384,cellular,27,aug,293,9,-1,0,unknown
23385,cellular,27,aug,25,19,-1,0,unknown
23386,cellular,27,aug,145,3,-1,0,unknown
23387,cellular,27,aug,167,10,-1,0,unknown
23388,cellular,27,aug,177,3,-1,0,unknown
23389,cellular,27,aug,267,3,-1,0,unknown
23390,cellular,27,aug,23,19,-1,0,unknown
23391,cellular,27,aug,111,9,-1,0,unknown
23392,cellular,27,aug,206,3,-1,0,unknown
23393,cellular,27,aug,345,10,-1,0,unknown
23394,cellular,27,aug,46,10,-1,0,unknown
23395,cellular,27,aug,81,3,-1,0,unknown
23396,cellular,27,aug,85,7,-1,0,unknown
23397,cellular,27,aug,448,3,-1,0,unknown
23398,cellular,27,aug,165,6,-1,0,unknown
23399,cellular,27,aug,142,3,-1,0,unknown
23400,cellular,27,aug,53,4,-1,0,unknown
23401,telephone,27,aug,296,5,-1,0,unknown
23402,cellular,27,aug,113,2,-1,0,unknown
23403,cellular,27,aug,202,6,-1,0,unknown
23404,cellular,27,aug,155,3,-1,0,unknown
23405,cellular,27,aug,15,20,-1,0,unknown
23406,telephone,27,aug,23,9,-1,0,unknown
23407,cellular,27,aug,70,13,-1,0,unknown
23408,cellular,27,aug,33,7,-1,0,unknown
23409,cellular,27,aug,51,3,-1,0,unknown
23410,cellular,27,aug,787,13,-1,0,unknown
23411,cellular,27,aug,239,5,-1,0,unknown
23412,cellular,27,aug,27,14,-1,0,unknown
23413,cellular,27,aug,183,5,-1,0,unknown
23414,cellular,27,aug,472,3,-1,0,unknown
23415,cellular,27,aug,115,5,-1,0,unknown
23416,cellular,27,aug,62,5,-1,0,unknown
23417,cellular,27,aug,968,5,-1,0,unknown
23418,telephone,27,aug,554,6,-1,0,unknown
23419,cellular,27,aug,276,3,-1,0,unknown
23420,cellular,27,aug,203,7,-1,0,unknown
23421,cellular,27,aug,158,3,-1,0,unknown
23422,cellular,27,aug,154,4,-1,0,unknown
23423,cellular,27,aug,145,3,-1,0,unknown
23424,cellular,27,aug,112,9,-1,0,unknown
23425,cellular,27,aug,71,7,-1,0,unknown
23426,cellular,27,aug,164,7,-1,0,unknown
23427,cellular,27,aug,61,5,-1,0,unknown
23428,cellular,27,aug,63,3,-1,0,unknown
23429,cellular,27,aug,462,5,-1,0,unknown
23430,cellular,27,aug,44,3,-1,0,unknown
23431,cellular,27,aug,104,6,-1,0,unknown
23432,cellular,28,aug,34,10,-1,0,unknown
23433,cellular,28,aug,82,4,-1,0,unknown
23434,cellular,28,aug,149,14,-1,0,unknown
23435,cellular,28,aug,82,7,-1,0,unknown
23436,cellular,28,aug,81,4,-1,0,unknown
23437,cellular,28,aug,583,17,-1,0,unknown
23438,telephone,28,aug,315,19,-1,0,unknown
23439,cellular,28,aug,73,4,-1,0,unknown
23440,cellular,28,aug,100,9,-1,0,unknown
23441,cellular,28,aug,131,13,-1,0,unknown
23442,cellular,28,aug,118,8,-1,0,unknown
23443,cellular,28,aug,81,8,-1,0,unknown
23444,cellular,28,aug,12,21,-1,0,unknown
23445,cellular,28,aug,77,4,-1,0,unknown
23446,cellular,28,aug,236,10,-1,0,unknown
23447,cellular,28,aug,74,6,-1,0,unknown
23448,cellular,28,aug,103,8,-1,0,unknown
23449,cellular,28,aug,94,6,-1,0,unknown
23450,cellular,28,aug,211,6,-1,0,unknown
23451,cellular,28,aug,59,8,-1,0,unknown
23452,telephone,28,aug,91,5,-1,0,unknown
23453,cellular,28,aug,102,10,-1,0,unknown
23454,cellular,28,aug,210,4,-1,0,unknown
23455,cellular,28,aug,85,4,-1,0,unknown
23456,cellular,28,aug,74,14,-1,0,unknown
23457,cellular,28,aug,13,17,-1,0,unknown
23458,cellular,28,aug,104,5,-1,0,unknown
23459,cellular,28,aug,192,8,-1,0,unknown
23460,cellular,28,aug,150,14,-1,0,unknown
23461,cellular,28,aug,17,15,-1,0,unknown
23462,cellular,28,aug,116,4,-1,0,unknown
23463,cellular,28,aug,110,5,-1,0,unknown
23464,cellular,28,aug,148,4,-1,0,unknown
23465,cellular,28,aug,67,19,-1,0,unknown
23466,cellular,28,aug,146,3,-1,0,unknown
23467,cellular,28,aug,54,8,-1,0,unknown
23468,cellular,28,aug,51,8,-1,0,unknown
23469,cellular,28,aug,101,10,-1,0,unknown
23470,cellular,28,aug,65,4,-1,0,unknown
23471,cellular,28,aug,730,11,-1,0,unknown
23472,cellular,28,aug,78,12,-1,0,unknown
23473,cellular,28,aug,965,4,-1,0,unknown
23474,cellular,28,aug,85,12,-1,0,unknown
23475,cellular,28,aug,73,7,-1,0,unknown
23476,cellular,28,aug,26,7,-1,0,unknown
23477,cellular,28,aug,53,11,-1,0,unknown
23478,cellular,28,aug,13,15,-1,0,unknown
23479,cellular,28,aug,144,4,-1,0,unknown
23480,cellular,28,aug,47,18,-1,0,unknown
23481,cellular,28,aug,146,3,-1,0,unknown
23482,cellular,28,aug,30,16,-1,0,unknown
23483,cellular,28,aug,137,8,-1,0,unknown
23484,cellular,28,aug,84,7,-1,0,unknown
23485,cellular,28,aug,94,11,-1,0,unknown
23486,cellular,28,aug,91,15,-1,0,unknown
23487,cellular,28,aug,71,4,-1,0,unknown
23488,cellular,28,aug,210,3,-1,0,unknown
23489,cellular,28,aug,72,18,-1,0,unknown
23490,cellular,28,aug,121,5,-1,0,unknown
23491,cellular,28,aug,165,4,-1,0,unknown
23492,cellular,28,aug,260,5,-1,0,unknown
23493,cellular,28,aug,81,4,-1,0,unknown
23494,cellular,28,aug,180,4,-1,0,unknown
23495,cellular,28,aug,116,8,-1,0,unknown
23496,cellular,28,aug,54,8,-1,0,unknown
23497,cellular,28,aug,108,7,-1,0,unknown
23498,cellular,28,aug,161,4,-1,0,unknown
23499,cellular,28,aug,198,6,-1,0,unknown
23500,cellular,28,aug,262,6,-1,0,unknown
23501,cellular,28,aug,102,4,-1,0,unknown
23502,telephone,28,aug,75,20,-1,0,unknown
23503,cellular,28,aug,19,14,-1,0,unknown
23504,cellular,28,aug,74,7,-1,0,unknown
23505,cellular,28,aug,23,10,-1,0,unknown
23506,cellular,28,aug,125,12,-1,0,unknown
23507,cellular,28,aug,12,24,-1,0,unknown
23508,cellular,28,aug,12,17,-1,0,unknown
23509,cellular,28,aug,65,4,-1,0,unknown
23510,cellular,28,aug,19,19,-1,0,unknown
23511,cellular,28,aug,87,11,-1,0,unknown
23512,cellular,28,aug,56,2,-1,0,unknown
23513,cellular,28,aug,80,6,-1,0,unknown
23514,cellular,28,aug,80,2,-1,0,unknown
23515,cellular,28,aug,105,2,-1,0,unknown
23516,cellular,28,aug,81,4,-1,0,unknown
23517,cellular,28,aug,282,2,-1,0,unknown
23518,cellular,28,aug,46,3,-1,0,unknown
23519,cellular,28,aug,147,2,-1,0,unknown
23520,cellular,28,aug,79,8,-1,0,unknown
23521,cellular,28,aug,60,2,-1,0,unknown
23522,cellular,28,aug,129,2,-1,0,unknown
23523,cellular,28,aug,13,21,-1,0,unknown
23524,cellular,28,aug,331,2,-1,0,unknown
23525,cellular,28,aug,271,4,-1,0,unknown
23526,cellular,28,aug,86,10,-1,0,unknown
23527,cellular,28,aug,113,2,-1,0,unknown
23528,telephone,28,aug,192,2,-1,0,unknown
23529,cellular,28,aug,118,2,-1,0,unknown
23530,cellular,28,aug,95,2,-1,0,unknown
23531,cellular,28,aug,80,2,-1,0,unknown
23532,cellular,28,aug,90,13,-1,0,unknown
23533,cellular,28,aug,97,2,-1,0,unknown
23534,cellular,28,aug,74,2,-1,0,unknown
23535,cellular,28,aug,173,2,-1,0,unknown
23536,cellular,28,aug,82,4,-1,0,unknown
23537,cellular,28,aug,16,13,-1,0,unknown
23538,cellular,28,aug,77,4,-1,0,unknown
23539,cellular,28,aug,14,8,-1,0,unknown
23540,cellular,28,aug,63,2,-1,0,unknown
23541,cellular,28,aug,110,2,-1,0,unknown
23542,cellular,28,aug,59,10,-1,0,unknown
23543,cellular,28,aug,192,2,-1,0,unknown
23544,cellular,28,aug,157,9,-1,0,unknown
23545,cellular,28,aug,119,6,-1,0,unknown
23546,cellular,28,aug,535,2,-1,0,unknown
23547,cellular,28,aug,15,13,-1,0,unknown
23548,cellular,28,aug,205,2,-1,0,unknown
23549,cellular,28,aug,302,2,-1,0,unknown
23550,cellular,28,aug,151,4,-1,0,unknown
23551,cellular,28,aug,56,8,-1,0,unknown
23552,cellular,28,aug,322,7,-1,0,unknown
23553,cellular,28,aug,54,4,-1,0,unknown
23554,cellular,28,aug,81,10,-1,0,unknown
23555,cellular,28,aug,88,8,-1,0,unknown
23556,cellular,28,aug,122,11,-1,0,unknown
23557,cellular,28,aug,180,10,-1,0,unknown
23558,cellular,28,aug,82,7,-1,0,unknown
23559,cellular,28,aug,49,35,-1,0,unknown
23560,cellular,28,aug,26,4,-1,0,unknown
23561,cellular,28,aug,82,4,-1,0,unknown
23562,cellular,28,aug,121,16,-1,0,unknown
23563,cellular,28,aug,66,4,-1,0,unknown
23564,cellular,28,aug,85,6,-1,0,unknown
23565,cellular,28,aug,70,8,-1,0,unknown
23566,cellular,28,aug,70,7,-1,0,unknown
23567,cellular,28,aug,9,32,-1,0,unknown
23568,cellular,28,aug,139,4,-1,0,unknown
23569,cellular,28,aug,105,6,-1,0,unknown
23570,cellular,28,aug,211,17,-1,0,unknown
23571,cellular,28,aug,12,21,-1,0,unknown
23572,cellular,28,aug,13,13,-1,0,unknown
23573,cellular,28,aug,327,9,-1,0,unknown
23574,cellular,28,aug,23,15,-1,0,unknown
23575,cellular,28,aug,44,6,-1,0,unknown
23576,cellular,28,aug,183,10,-1,0,unknown
23577,cellular,28,aug,175,11,-1,0,unknown
23578,cellular,28,aug,246,15,-1,0,unknown
23579,cellular,28,aug,70,10,-1,0,unknown
23580,cellular,28,aug,20,19,-1,0,unknown
23581,cellular,28,aug,23,12,-1,0,unknown
23582,cellular,28,aug,20,14,-1,0,unknown
23583,cellular,28,aug,117,8,-1,0,unknown
23584,cellular,28,aug,28,16,-1,0,unknown
23585,cellular,28,aug,359,7,-1,0,unknown
23586,cellular,28,aug,203,4,-1,0,unknown
23587,cellular,28,aug,21,22,-1,0,unknown
23588,cellular,28,aug,84,15,-1,0,unknown
23589,cellular,28,aug,16,28,-1,0,unknown
23590,telephone,28,aug,53,11,-1,0,unknown
23591,cellular,28,aug,308,6,-1,0,unknown
23592,telephone,28,aug,51,4,-1,0,unknown
23593,cellular,28,aug,86,4,-1,0,unknown
23594,cellular,28,aug,2372,6,-1,0,unknown
23595,cellular,28,aug,93,25,-1,0,unknown
23596,cellular,28,aug,203,28,-1,0,unknown
23597,cellular,28,aug,256,8,-1,0,unknown
23598,cellular,28,aug,68,6,-1,0,unknown
23599,cellular,28,aug,19,14,-1,0,unknown
23600,cellular,28,aug,98,14,-1,0,unknown
23601,cellular,28,aug,27,10,-1,0,unknown
23602,cellular,28,aug,9,24,-1,0,unknown
23603,cellular,28,aug,11,26,-1,0,unknown
23604,cellular,28,aug,79,10,-1,0,unknown
23605,cellular,28,aug,144,13,-1,0,unknown
23606,cellular,28,aug,53,4,-1,0,unknown
23607,telephone,28,aug,85,24,-1,0,unknown
23608,cellular,28,aug,638,6,-1,0,unknown
23609,cellular,28,aug,532,2,-1,0,unknown
23610,cellular,28,aug,1126,4,-1,0,unknown
23611,cellular,28,aug,17,19,-1,0,unknown
23612,cellular,28,aug,16,20,-1,0,unknown
23613,cellular,28,aug,143,5,-1,0,unknown
23614,cellular,28,aug,276,6,-1,0,unknown
23615,telephone,28,aug,146,19,-1,0,unknown
23616,cellular,28,aug,16,16,-1,0,unknown
23617,cellular,28,aug,183,8,-1,0,unknown
23618,cellular,28,aug,156,8,-1,0,unknown
23619,cellular,28,aug,1037,7,-1,0,unknown
23620,cellular,28,aug,507,8,-1,0,unknown
23621,cellular,28,aug,18,15,-1,0,unknown
23622,cellular,28,aug,27,16,-1,0,unknown
23623,cellular,28,aug,17,14,-1,0,unknown
23624,telephone,28,aug,19,13,-1,0,unknown
23625,cellular,28,aug,12,13,-1,0,unknown
23626,cellular,28,aug,32,8,-1,0,unknown
23627,unknown,28,aug,12,15,-1,0,unknown
23628,cellular,28,aug,7,23,-1,0,unknown
23629,cellular,28,aug,715,8,-1,0,unknown
23630,cellular,28,aug,13,17,-1,0,unknown
23631,cellular,28,aug,56,7,-1,0,unknown
23632,cellular,28,aug,195,6,-1,0,unknown
23633,cellular,28,aug,95,6,-1,0,unknown
23634,cellular,28,aug,39,4,-1,0,unknown
23635,cellular,28,aug,25,6,-1,0,unknown
23636,cellular,28,aug,64,11,-1,0,unknown
23637,cellular,28,aug,51,9,-1,0,unknown
23638,cellular,28,aug,8,13,-1,0,unknown
23639,cellular,28,aug,25,18,-1,0,unknown
23640,cellular,28,aug,38,16,-1,0,unknown
23641,cellular,28,aug,85,2,-1,0,unknown
23642,cellular,28,aug,153,14,-1,0,unknown
23643,cellular,28,aug,210,5,-1,0,unknown
23644,cellular,28,aug,429,3,-1,0,unknown
23645,cellular,28,aug,76,1,-1,0,unknown
23646,cellular,28,aug,26,23,-1,0,unknown
23647,cellular,28,aug,958,6,-1,0,unknown
23648,cellular,28,aug,88,25,-1,0,unknown
23649,cellular,28,aug,20,23,-1,0,unknown
23650,cellular,28,aug,18,25,-1,0,unknown
23651,cellular,28,aug,248,1,-1,0,unknown
23652,cellular,28,aug,16,13,-1,0,unknown
23653,cellular,28,aug,258,8,-1,0,unknown
23654,cellular,28,aug,13,17,-1,0,unknown
23655,cellular,28,aug,9,19,-1,0,unknown
23656,cellular,28,aug,64,3,-1,0,unknown
23657,cellular,28,aug,373,8,-1,0,unknown
23658,cellular,28,aug,104,1,-1,0,unknown
23659,cellular,28,aug,35,14,-1,0,unknown
23660,cellular,28,aug,16,20,-1,0,unknown
23661,cellular,28,aug,158,10,-1,0,unknown
23662,cellular,28,aug,69,17,-1,0,unknown
23663,cellular,28,aug,65,5,-1,0,unknown
23664,cellular,28,aug,31,9,-1,0,unknown
23665,cellular,28,aug,76,1,-1,0,unknown
23666,cellular,28,aug,140,9,-1,0,unknown
23667,cellular,28,aug,97,3,-1,0,unknown
23668,cellular,28,aug,238,1,-1,0,unknown
23669,cellular,28,aug,131,1,-1,0,unknown
23670,cellular,28,aug,171,1,-1,0,unknown
23671,cellular,28,aug,162,1,-1,0,unknown
23672,cellular,28,aug,222,1,-1,0,unknown
23673,cellular,28,aug,68,12,-1,0,unknown
23674,cellular,28,aug,42,10,-1,0,unknown
23675,cellular,28,aug,142,5,-1,0,unknown
23676,cellular,28,aug,13,14,-1,0,unknown
23677,cellular,28,aug,163,4,-1,0,unknown
23678,cellular,28,aug,68,27,-1,0,unknown
23679,cellular,28,aug,226,9,-1,0,unknown
23680,cellular,28,aug,77,18,-1,0,unknown
23681,cellular,28,aug,35,13,-1,0,unknown
23682,cellular,28,aug,88,5,-1,0,unknown
23683,cellular,28,aug,50,5,-1,0,unknown
23684,cellular,28,aug,76,5,-1,0,unknown
23685,cellular,28,aug,15,8,-1,0,unknown
23686,cellular,28,aug,29,13,-1,0,unknown
23687,cellular,28,aug,259,1,-1,0,unknown
23688,cellular,28,aug,74,3,-1,0,unknown
23689,cellular,28,aug,90,1,-1,0,unknown
23690,cellular,28,aug,88,3,-1,0,unknown
23691,cellular,28,aug,169,1,-1,0,unknown
23692,cellular,28,aug,143,1,-1,0,unknown
23693,cellular,28,aug,8,13,-1,0,unknown
23694,cellular,28,aug,140,3,-1,0,unknown
23695,telephone,28,aug,46,2,-1,0,unknown
23696,cellular,28,aug,102,13,-1,0,unknown
23697,cellular,28,aug,43,1,-1,0,unknown
23698,cellular,28,aug,205,3,-1,0,unknown
23699,cellular,28,aug,51,1,-1,0,unknown
23700,cellular,28,aug,50,5,-1,0,unknown
23701,cellular,28,aug,59,12,-1,0,unknown
23702,cellular,28,aug,49,7,-1,0,unknown
23703,cellular,28,aug,379,1,-1,0,unknown
23704,cellular,28,aug,26,26,-1,0,unknown
23705,cellular,28,aug,77,7,-1,0,unknown
23706,cellular,28,aug,39,5,-1,0,unknown
23707,cellular,28,aug,45,12,-1,0,unknown
23708,cellular,28,aug,103,12,-1,0,unknown
23709,cellular,28,aug,68,2,-1,0,unknown
23710,cellular,28,aug,99,24,-1,0,unknown
23711,cellular,28,aug,270,14,-1,0,unknown
23712,cellular,28,aug,74,10,-1,0,unknown
23713,cellular,28,aug,214,3,-1,0,unknown
23714,cellular,28,aug,460,5,-1,0,unknown
23715,cellular,28,aug,147,2,-1,0,unknown
23716,cellular,28,aug,114,7,-1,0,unknown
23717,cellular,28,aug,36,3,-1,0,unknown
23718,cellular,28,aug,49,15,-1,0,unknown
23719,cellular,28,aug,95,10,-1,0,unknown
23720,cellular,28,aug,602,3,-1,0,unknown
23721,cellular,28,aug,385,7,-1,0,unknown
23722,cellular,28,aug,35,31,-1,0,unknown
23723,cellular,28,aug,52,5,-1,0,unknown
23724,cellular,28,aug,13,30,-1,0,unknown
23725,cellular,28,aug,9,25,-1,0,unknown
23726,cellular,28,aug,22,22,-1,0,unknown
23727,cellular,28,aug,52,8,-1,0,unknown
23728,cellular,28,aug,142,10,-1,0,unknown
23729,cellular,28,aug,95,4,-1,0,unknown
23730,cellular,28,aug,17,9,-1,0,unknown
23731,cellular,28,aug,13,9,-1,0,unknown
23732,cellular,28,aug,26,19,-1,0,unknown
23733,cellular,28,aug,23,9,-1,0,unknown
23734,cellular,28,aug,21,6,-1,0,unknown
23735,telephone,28,aug,48,3,-1,0,unknown
23736,cellular,28,aug,299,3,-1,0,unknown
23737,telephone,28,aug,51,3,-1,0,unknown
23738,cellular,28,aug,58,8,-1,0,unknown
23739,cellular,28,aug,70,9,-1,0,unknown
23740,cellular,28,aug,106,3,-1,0,unknown
23741,cellular,28,aug,23,22,-1,0,unknown
23742,cellular,28,aug,88,10,-1,0,unknown
23743,cellular,28,aug,199,6,-1,0,unknown
23744,cellular,28,aug,12,14,-1,0,unknown
23745,telephone,28,aug,37,5,-1,0,unknown
23746,cellular,28,aug,159,1,-1,0,unknown
23747,cellular,28,aug,189,17,-1,0,unknown
23748,cellular,28,aug,693,7,-1,0,unknown
23749,cellular,28,aug,56,10,-1,0,unknown
23750,cellular,28,aug,14,16,-1,0,unknown
23751,telephone,28,aug,44,12,-1,0,unknown
23752,telephone,28,aug,64,27,-1,0,unknown
23753,cellular,28,aug,62,7,-1,0,unknown
23754,cellular,28,aug,39,8,-1,0,unknown
23755,cellular,28,aug,133,15,-1,0,unknown
23756,cellular,28,aug,32,2,-1,0,unknown
23757,cellular,28,aug,310,7,-1,0,unknown
23758,cellular,28,aug,24,9,-1,0,unknown
23759,cellular,28,aug,125,5,-1,0,unknown
23760,cellular,28,aug,176,10,-1,0,unknown
23761,cellular,28,aug,8,13,-1,0,unknown
23762,cellular,28,aug,26,9,-1,0,unknown
23763,cellular,28,aug,76,16,-1,0,unknown
23764,cellular,28,aug,24,16,-1,0,unknown
23765,cellular,28,aug,7,13,-1,0,unknown
23766,telephone,28,aug,40,1,-1,0,unknown
23767,cellular,28,aug,260,1,-1,0,unknown
23768,cellular,28,aug,79,17,-1,0,unknown
23769,telephone,28,aug,58,5,-1,0,unknown
23770,cellular,28,aug,433,12,-1,0,unknown
23771,cellular,28,aug,247,1,-1,0,unknown
23772,cellular,28,aug,787,1,-1,0,unknown
23773,cellular,28,aug,201,1,-1,0,unknown
23774,cellular,28,aug,14,3,-1,0,unknown
23775,cellular,28,aug,908,1,-1,0,unknown
23776,cellular,28,aug,19,17,-1,0,unknown
23777,cellular,28,aug,15,13,-1,0,unknown
23778,cellular,28,aug,55,1,-1,0,unknown
23779,telephone,28,aug,688,6,-1,0,unknown
23780,cellular,29,aug,193,2,-1,0,unknown
23781,cellular,29,aug,207,2,-1,0,unknown
23782,cellular,29,aug,106,2,-1,0,unknown
23783,cellular,29,aug,80,2,-1,0,unknown
23784,cellular,29,aug,122,2,-1,0,unknown
23785,cellular,29,aug,42,2,-1,0,unknown
23786,cellular,29,aug,65,2,-1,0,unknown
23787,cellular,29,aug,45,11,-1,0,unknown
23788,cellular,29,aug,70,2,-1,0,unknown
23789,cellular,29,aug,175,2,-1,0,unknown
23790,cellular,29,aug,126,2,-1,0,unknown
23791,cellular,29,aug,150,2,-1,0,unknown
23792,cellular,29,aug,82,12,-1,0,unknown
23793,cellular,29,aug,56,10,-1,0,unknown
23794,cellular,29,aug,92,9,-1,0,unknown
23795,cellular,29,aug,47,20,-1,0,unknown
23796,cellular,29,aug,59,6,-1,0,unknown
23797,cellular,29,aug,24,12,-1,0,unknown
23798,cellular,29,aug,56,6,-1,0,unknown
23799,cellular,29,aug,38,13,-1,0,unknown
23800,cellular,29,aug,144,3,-1,0,unknown
23801,cellular,29,aug,85,6,-1,0,unknown
23802,telephone,29,aug,57,2,-1,0,unknown
23803,cellular,29,aug,71,24,-1,0,unknown
23804,cellular,29,aug,82,11,-1,0,unknown
23805,cellular,29,aug,162,2,-1,0,unknown
23806,cellular,29,aug,120,2,-1,0,unknown
23807,cellular,29,aug,73,2,-1,0,unknown
23808,telephone,29,aug,247,2,-1,0,unknown
23809,cellular,29,aug,88,7,-1,0,unknown
23810,cellular,29,aug,114,3,-1,0,unknown
23811,cellular,29,aug,99,3,-1,0,unknown
23812,cellular,29,aug,50,3,-1,0,unknown
23813,cellular,29,aug,125,5,-1,0,unknown
23814,cellular,29,aug,73,2,-1,0,unknown
23815,cellular,29,aug,73,2,-1,0,unknown
23816,cellular,29,aug,62,2,-1,0,unknown
23817,cellular,29,aug,189,2,-1,0,unknown
23818,cellular,29,aug,171,2,-1,0,unknown
23819,cellular,29,aug,59,2,-1,0,unknown
23820,cellular,29,aug,64,8,-1,0,unknown
23821,cellular,29,aug,24,13,-1,0,unknown
23822,cellular,29,aug,21,2,-1,0,unknown
23823,cellular,29,aug,168,2,-1,0,unknown
23824,cellular,29,aug,133,6,-1,0,unknown
23825,cellular,29,aug,183,2,-1,0,unknown
23826,cellular,29,aug,643,2,-1,0,unknown
23827,cellular,29,aug,185,2,-1,0,unknown
23828,cellular,29,aug,25,7,-1,0,unknown
23829,cellular,29,aug,83,3,-1,0,unknown
23830,cellular,29,aug,41,2,-1,0,unknown
23831,cellular,29,aug,204,2,-1,0,unknown
23832,cellular,29,aug,164,2,-1,0,unknown
23833,cellular,29,aug,150,2,-1,0,unknown
23834,cellular,29,aug,90,6,-1,0,unknown
23835,cellular,29,aug,63,2,-1,0,unknown
23836,cellular,29,aug,131,2,-1,0,unknown
23837,cellular,29,aug,153,2,-1,0,unknown
23838,cellular,29,aug,40,2,-1,0,unknown
23839,cellular,29,aug,102,2,-1,0,unknown
23840,cellular,29,aug,80,4,-1,0,unknown
23841,cellular,29,aug,93,2,-1,0,unknown
23842,cellular,29,aug,158,2,-1,0,unknown
23843,cellular,29,aug,272,2,-1,0,unknown
23844,cellular,29,aug,488,2,-1,0,unknown
23845,cellular,29,aug,214,7,-1,0,unknown
23846,cellular,29,aug,461,2,-1,0,unknown
23847,cellular,29,aug,204,2,-1,0,unknown
23848,cellular,29,aug,159,2,-1,0,unknown
23849,cellular,29,aug,69,4,-1,0,unknown
23850,cellular,29,aug,36,2,-1,0,unknown
23851,cellular,29,aug,135,2,-1,0,unknown
23852,cellular,29,aug,339,2,-1,0,unknown
23853,cellular,29,aug,462,2,-1,0,unknown
23854,cellular,29,aug,121,2,-1,0,unknown
23855,cellular,29,aug,97,2,-1,0,unknown
23856,cellular,29,aug,319,2,-1,0,unknown
23857,cellular,29,aug,256,2,-1,0,unknown
23858,cellular,29,aug,240,2,-1,0,unknown
23859,cellular,29,aug,88,2,-1,0,unknown
23860,cellular,29,aug,161,2,-1,0,unknown
23861,cellular,29,aug,179,2,-1,0,unknown
23862,cellular,29,aug,200,7,-1,0,unknown
23863,cellular,29,aug,109,2,-1,0,unknown
23864,cellular,29,aug,300,2,-1,0,unknown
23865,cellular,29,aug,63,2,-1,0,unknown
23866,cellular,29,aug,105,2,-1,0,unknown
23867,cellular,29,aug,213,4,-1,0,unknown
23868,cellular,29,aug,112,2,-1,0,unknown
23869,cellular,29,aug,255,2,-1,0,unknown
23870,cellular,29,aug,131,2,-1,0,unknown
23871,cellular,29,aug,103,2,-1,0,unknown
23872,cellular,29,aug,77,2,-1,0,unknown
23873,cellular,29,aug,695,2,-1,0,unknown
23874,cellular,29,aug,159,2,-1,0,unknown
23875,cellular,29,aug,103,2,-1,0,unknown
23876,cellular,29,aug,156,2,-1,0,unknown
23877,cellular,29,aug,81,8,-1,0,unknown
23878,cellular,29,aug,94,2,-1,0,unknown
23879,cellular,29,aug,520,2,-1,0,unknown
23880,cellular,29,aug,35,14,-1,0,unknown
23881,cellular,29,aug,96,2,-1,0,unknown
23882,cellular,29,aug,96,4,-1,0,unknown
23883,cellular,29,aug,345,2,-1,0,unknown
23884,cellular,29,aug,245,2,-1,0,unknown
23885,cellular,29,aug,79,4,-1,0,unknown
23886,cellular,29,aug,128,2,-1,0,unknown
23887,cellular,29,aug,150,2,-1,0,unknown
23888,cellular,29,aug,204,2,-1,0,unknown
23889,cellular,29,aug,156,2,-1,0,unknown
23890,cellular,29,aug,168,2,-1,0,unknown
23891,cellular,29,aug,67,4,-1,0,unknown
23892,cellular,29,aug,155,2,-1,0,unknown
23893,cellular,29,aug,91,2,-1,0,unknown
23894,cellular,29,aug,88,2,-1,0,unknown
23895,cellular,29,aug,141,2,-1,0,unknown
23896,cellular,29,aug,71,2,-1,0,unknown
23897,cellular,29,aug,168,2,-1,0,unknown
23898,cellular,29,aug,235,2,-1,0,unknown
23899,cellular,29,aug,136,2,-1,0,unknown
23900,cellular,29,aug,63,2,-1,0,unknown
23901,cellular,29,aug,122,2,-1,0,unknown
23902,cellular,29,aug,203,2,-1,0,unknown
23903,cellular,29,aug,137,9,-1,0,unknown
23904,cellular,29,aug,109,4,-1,0,unknown
23905,cellular,29,aug,273,2,-1,0,unknown
23906,cellular,29,aug,141,2,-1,0,unknown
23907,cellular,29,aug,107,2,-1,0,unknown
23908,cellular,29,aug,86,2,-1,0,unknown
23909,cellular,29,aug,70,2,-1,0,unknown
23910,cellular,29,aug,96,2,-1,0,unknown
23911,cellular,29,aug,398,2,-1,0,unknown
23912,cellular,29,aug,81,8,-1,0,unknown
23913,cellular,29,aug,60,2,-1,0,unknown
23914,cellular,29,aug,150,4,-1,0,unknown
23915,cellular,29,aug,130,4,-1,0,unknown
23916,cellular,29,aug,135,2,-1,0,unknown
23917,cellular,29,aug,256,2,-1,0,unknown
23918,cellular,29,aug,728,2,-1,0,unknown
23919,cellular,29,aug,264,2,-1,0,unknown
23920,cellular,29,aug,95,2,-1,0,unknown
23921,cellular,29,aug,62,2,-1,0,unknown
23922,cellular,29,aug,210,2,-1,0,unknown
23923,cellular,29,aug,77,2,-1,0,unknown
23924,telephone,29,aug,116,2,-1,0,unknown
23925,cellular,29,aug,186,2,-1,0,unknown
23926,cellular,29,aug,73,8,-1,0,unknown
23927,cellular,29,aug,93,11,-1,0,unknown
23928,telephone,29,aug,115,2,-1,0,unknown
23929,telephone,29,aug,104,2,-1,0,unknown
23930,cellular,29,aug,85,4,-1,0,unknown
23931,telephone,29,aug,59,2,-1,0,unknown
23932,cellular,29,aug,186,6,-1,0,unknown
23933,cellular,29,aug,1028,2,-1,0,unknown
23934,cellular,29,aug,299,3,-1,0,unknown
23935,cellular,29,aug,161,3,-1,0,unknown
23936,cellular,29,aug,98,19,-1,0,unknown
23937,cellular,29,aug,91,4,-1,0,unknown
23938,cellular,29,aug,207,7,-1,0,unknown
23939,cellular,29,aug,133,4,-1,0,unknown
23940,cellular,29,aug,111,4,-1,0,unknown
23941,cellular,29,aug,163,6,-1,0,unknown
23942,cellular,29,aug,165,4,-1,0,unknown
23943,cellular,29,aug,38,6,-1,0,unknown
23944,telephone,29,aug,17,18,-1,0,unknown
23945,cellular,29,aug,19,16,-1,0,unknown
23946,cellular,29,aug,436,4,-1,0,unknown
23947,cellular,29,aug,32,15,-1,0,unknown
23948,cellular,29,aug,64,4,-1,0,unknown
23949,cellular,29,aug,131,4,-1,0,unknown
23950,cellular,29,aug,511,4,-1,0,unknown
23951,cellular,29,aug,82,9,-1,0,unknown
23952,cellular,29,aug,961,4,-1,0,unknown
23953,cellular,29,aug,76,4,-1,0,unknown
23954,cellular,29,aug,124,11,-1,0,unknown
23955,cellular,29,aug,66,17,-1,0,unknown
23956,cellular,29,aug,54,12,-1,0,unknown
23957,cellular,29,aug,29,14,-1,0,unknown
23958,cellular,29,aug,134,4,-1,0,unknown
23959,cellular,29,aug,709,11,-1,0,unknown
23960,cellular,29,aug,95,6,-1,0,unknown
23961,cellular,29,aug,25,12,-1,0,unknown
23962,cellular,29,aug,59,4,-1,0,unknown
23963,cellular,29,aug,47,4,-1,0,unknown
23964,cellular,29,aug,173,4,-1,0,unknown
23965,cellular,29,aug,69,21,-1,0,unknown
23966,cellular,29,aug,77,14,-1,0,unknown
23967,cellular,29,aug,43,13,-1,0,unknown
23968,cellular,29,aug,300,4,-1,0,unknown
23969,cellular,29,aug,94,2,-1,0,unknown
23970,cellular,29,aug,44,16,-1,0,unknown
23971,cellular,29,aug,39,2,-1,0,unknown
23972,cellular,29,aug,67,2,-1,0,unknown
23973,telephone,29,aug,18,2,-1,0,unknown
23974,cellular,29,aug,98,2,-1,0,unknown
23975,telephone,29,aug,36,2,-1,0,unknown
23976,cellular,29,aug,24,17,-1,0,unknown
23977,cellular,29,aug,21,6,-1,0,unknown
23978,cellular,29,aug,70,4,-1,0,unknown
23979,cellular,29,aug,92,4,-1,0,unknown
23980,telephone,29,aug,162,2,-1,0,unknown
23981,cellular,29,aug,116,4,-1,0,unknown
23982,cellular,29,aug,94,2,-1,0,unknown
23983,telephone,29,aug,58,2,-1,0,unknown
23984,cellular,29,aug,76,8,-1,0,unknown
23985,cellular,29,aug,14,15,-1,0,unknown
23986,cellular,29,aug,15,14,-1,0,unknown
23987,telephone,29,aug,129,2,-1,0,unknown
23988,cellular,29,aug,157,2,-1,0,unknown
23989,telephone,29,aug,145,2,-1,0,unknown
23990,cellular,29,aug,88,2,-1,0,unknown
23991,cellular,29,aug,122,4,-1,0,unknown
23992,cellular,29,aug,133,2,-1,0,unknown
23993,cellular,29,aug,174,10,-1,0,unknown
23994,cellular,29,aug,61,4,-1,0,unknown
23995,cellular,29,aug,493,2,-1,0,unknown
23996,cellular,29,aug,451,4,-1,0,unknown
23997,telephone,29,aug,86,2,-1,0,unknown
23998,cellular,29,aug,12,6,-1,0,unknown
23999,cellular,29,aug,168,2,-1,0,unknown
24000,cellular,29,aug,370,4,-1,0,unknown
24001,telephone,29,aug,140,2,-1,0,unknown
24002,telephone,29,aug,66,2,-1,0,unknown
24003,cellular,29,aug,201,2,-1,0,unknown
24004,cellular,29,aug,59,4,-1,0,unknown
24005,cellular,29,aug,85,15,-1,0,unknown
24006,cellular,29,aug,60,4,-1,0,unknown
24007,cellular,29,aug,301,4,-1,0,unknown
24008,cellular,29,aug,27,4,-1,0,unknown
24009,telephone,29,aug,20,2,-1,0,unknown
24010,telephone,29,aug,81,2,-1,0,unknown
24011,telephone,29,aug,74,2,-1,0,unknown
24012,cellular,29,aug,53,4,-1,0,unknown
24013,cellular,29,aug,35,6,-1,0,unknown
24014,cellular,29,aug,215,6,-1,0,unknown
24015,telephone,29,aug,253,2,-1,0,unknown
24016,telephone,29,aug,43,2,-1,0,unknown
24017,cellular,29,aug,98,10,-1,0,unknown
24018,cellular,29,aug,73,4,-1,0,unknown
24019,cellular,29,aug,106,3,-1,0,unknown
24020,telephone,29,aug,51,1,-1,0,unknown
24021,cellular,29,aug,669,6,-1,0,unknown
24022,cellular,29,aug,127,5,-1,0,unknown
24023,telephone,29,aug,158,4,-1,0,unknown
24024,cellular,29,aug,17,12,-1,0,unknown
24025,telephone,29,aug,367,3,-1,0,unknown
24026,cellular,29,aug,68,4,-1,0,unknown
24027,cellular,29,aug,29,3,-1,0,unknown
24028,telephone,29,aug,63,11,-1,0,unknown
24029,cellular,29,aug,27,7,-1,0,unknown
24030,cellular,29,aug,117,3,-1,0,unknown
24031,cellular,29,aug,8,10,-1,0,unknown
24032,cellular,29,aug,6,9,-1,0,unknown
24033,cellular,29,aug,8,9,-1,0,unknown
24034,cellular,29,aug,515,3,-1,0,unknown
24035,cellular,29,aug,88,3,-1,0,unknown
24036,cellular,29,aug,89,5,-1,0,unknown
24037,telephone,29,aug,77,7,-1,0,unknown
24038,telephone,17,oct,270,1,-1,0,unknown
24039,unknown,17,oct,235,1,-1,0,unknown
24040,telephone,17,oct,223,1,-1,0,unknown
24041,telephone,17,oct,147,1,-1,0,unknown
24042,telephone,17,oct,24,1,-1,0,unknown
24043,unknown,17,oct,115,1,-1,0,unknown
24044,telephone,17,oct,3253,1,-1,0,unknown
24045,telephone,17,oct,478,1,-1,0,unknown
24046,unknown,18,oct,50,1,-1,0,unknown
24047,unknown,18,oct,37,1,-1,0,unknown
24048,unknown,18,oct,71,1,-1,0,unknown
24049,unknown,18,oct,558,1,-1,0,unknown
24050,unknown,19,oct,133,1,-1,0,unknown
24051,telephone,19,oct,57,1,-1,0,unknown
24052,telephone,20,oct,164,1,-1,0,unknown
24053,telephone,20,oct,309,1,-1,0,unknown
24054,telephone,20,oct,2429,1,-1,0,unknown
24055,unknown,20,oct,312,1,-1,0,unknown
24056,telephone,20,oct,73,1,-1,0,unknown
24057,telephone,20,oct,24,1,-1,0,unknown
24058,telephone,20,oct,718,1,-1,0,unknown
24059,telephone,20,oct,2016,1,-1,0,unknown
24060,telephone,21,oct,39,1,151,3,failure
24061,unknown,21,oct,294,1,-1,0,unknown
24062,telephone,21,oct,519,1,166,1,other
24063,telephone,21,oct,19,1,-1,0,unknown
24064,telephone,21,oct,144,1,91,4,failure
24065,telephone,21,oct,65,1,-1,0,unknown
24066,unknown,21,oct,4,1,-1,0,unknown
24067,unknown,21,oct,54,1,-1,0,unknown
24068,unknown,21,oct,187,1,-1,0,unknown
24069,unknown,21,oct,49,1,-1,0,unknown
24070,unknown,22,oct,676,1,-1,0,unknown
24071,telephone,22,oct,157,1,-1,0,unknown
24072,telephone,22,oct,73,1,86,4,other
24073,unknown,22,oct,80,1,-1,0,unknown
24074,telephone,22,oct,181,1,-1,0,unknown
24075,telephone,22,oct,313,1,-1,0,unknown
24076,telephone,23,oct,138,1,-1,0,unknown
24077,telephone,23,oct,140,1,143,3,failure
24078,telephone,23,oct,80,1,-1,0,unknown
24079,unknown,23,oct,134,1,-1,0,unknown
24080,unknown,23,oct,518,1,147,2,success
24081,unknown,23,oct,301,1,-1,0,unknown
24082,telephone,23,oct,171,1,-1,0,unknown
24083,unknown,24,oct,112,1,-1,0,unknown
24084,telephone,24,oct,97,1,-1,0,unknown
24085,unknown,24,oct,305,1,-1,0,unknown
24086,telephone,25,oct,119,1,89,2,other
24087,telephone,26,oct,228,1,-1,0,unknown
24088,telephone,27,oct,376,1,-1,0,unknown
24089,unknown,27,oct,207,1,-1,0,unknown
24090,unknown,27,oct,150,1,-1,0,unknown
24091,telephone,27,oct,27,1,-1,0,unknown
24092,telephone,27,oct,131,1,-1,0,unknown
24093,telephone,27,oct,51,1,-1,0,unknown
24094,telephone,27,oct,251,1,-1,0,unknown
24095,telephone,27,oct,3284,1,-1,0,unknown
24096,telephone,28,oct,125,1,-1,0,unknown
24097,telephone,28,oct,141,1,-1,0,unknown
24098,telephone,28,oct,154,1,-1,0,unknown
24099,telephone,28,oct,135,1,-1,0,unknown
24100,telephone,28,oct,540,1,-1,0,unknown
24101,telephone,28,oct,60,1,-1,0,unknown
24102,telephone,29,oct,171,1,-1,0,unknown
24103,unknown,29,oct,11,1,-1,0,unknown
24104,telephone,29,oct,223,1,-1,0,unknown
24105,telephone,29,oct,167,1,-1,0,unknown
24106,telephone,29,oct,266,1,-1,0,unknown
24107,unknown,30,oct,248,1,-1,0,unknown
24108,unknown,30,oct,234,1,-1,0,unknown
24109,telephone,30,oct,132,1,-1,0,unknown
24110,telephone,30,oct,246,1,-1,0,unknown
24111,unknown,30,oct,154,1,-1,0,unknown
24112,telephone,30,oct,160,1,-1,0,unknown
24113,telephone,30,oct,81,1,-1,0,unknown
24114,telephone,31,oct,227,1,-1,0,unknown
24115,telephone,31,oct,158,1,-1,0,unknown
24116,telephone,31,oct,615,1,-1,0,unknown
24117,cellular,31,oct,18,1,-1,0,unknown
24118,cellular,4,nov,95,1,-1,0,unknown
24119,telephone,4,nov,5,1,-1,0,unknown
24120,telephone,4,nov,399,1,-1,0,unknown
24121,unknown,4,nov,15,1,-1,0,unknown
24122,telephone,4,nov,21,1,140,4,other
24123,telephone,4,nov,217,1,-1,0,unknown
24124,telephone,4,nov,465,1,-1,0,unknown
24125,telephone,5,nov,6,1,-1,0,unknown
24126,telephone,5,nov,169,1,-1,0,unknown
24127,telephone,5,nov,449,1,176,1,failure
24128,telephone,5,nov,5,1,-1,0,unknown
24129,unknown,5,nov,268,1,-1,0,unknown
24130,telephone,5,nov,253,1,-1,0,unknown
24131,unknown,5,nov,204,1,-1,0,unknown
24132,unknown,5,nov,669,1,-1,0,unknown
24133,telephone,5,nov,68,1,-1,0,unknown
24134,telephone,6,nov,234,1,-1,0,unknown
24135,unknown,6,nov,88,1,-1,0,unknown
24136,unknown,6,nov,26,1,101,11,other
24137,cellular,6,nov,150,1,-1,0,unknown
24138,telephone,6,nov,132,1,-1,0,unknown
24139,unknown,8,nov,154,1,-1,0,unknown
24140,cellular,8,nov,20,1,-1,0,unknown
24141,telephone,8,nov,319,1,-1,0,unknown
24142,telephone,8,nov,76,1,-1,0,unknown
24143,unknown,9,nov,299,1,-1,0,unknown
24144,telephone,9,nov,208,1,-1,0,unknown
24145,telephone,9,nov,43,1,-1,0,unknown
24146,telephone,9,nov,61,1,-1,0,unknown
24147,telephone,10,nov,1239,1,-1,0,unknown
24148,telephone,10,nov,4918,1,-1,0,unknown
24149,telephone,10,nov,125,1,-1,0,unknown
24150,telephone,10,nov,107,1,-1,0,unknown
24151,telephone,10,nov,175,1,174,2,failure
24152,telephone,10,nov,524,1,-1,0,unknown
24153,telephone,10,nov,98,1,-1,0,unknown
24154,telephone,10,nov,248,1,-1,0,unknown
24155,unknown,11,nov,74,1,-1,0,unknown
24156,telephone,11,nov,133,1,-1,0,unknown
24157,telephone,11,nov,119,1,-1,0,unknown
24158,telephone,11,nov,486,1,-1,0,unknown
24159,unknown,11,nov,158,1,-1,0,unknown
24160,unknown,12,nov,114,1,170,3,failure
24161,telephone,12,nov,378,1,-1,0,unknown
24162,telephone,12,nov,129,1,-1,0,unknown
24163,telephone,12,nov,24,1,-1,0,unknown
24164,telephone,12,nov,238,1,-1,0,unknown
24165,telephone,12,nov,119,1,167,3,success
24166,telephone,13,nov,138,1,-1,0,unknown
24167,telephone,13,nov,168,1,-1,0,unknown
24168,telephone,13,nov,72,1,-1,0,unknown
24169,telephone,13,nov,494,1,-1,0,unknown
24170,telephone,13,nov,86,1,174,1,failure
24171,telephone,13,nov,45,1,-1,0,unknown
24172,unknown,13,nov,90,1,-1,0,unknown
24173,telephone,13,nov,160,1,-1,0,unknown
24174,unknown,13,nov,231,1,-1,0,unknown
24175,unknown,13,nov,722,1,-1,0,unknown
24176,telephone,14,nov,239,1,-1,0,unknown
24177,telephone,14,nov,162,1,-1,0,unknown
24178,cellular,14,nov,132,1,-1,0,unknown
24179,telephone,14,nov,172,1,-1,0,unknown
24180,telephone,14,nov,160,1,-1,0,unknown
24181,telephone,14,nov,24,1,-1,0,unknown
24182,unknown,14,nov,179,1,-1,0,unknown
24183,unknown,17,nov,76,1,-1,0,unknown
24184,cellular,17,nov,81,1,195,2,failure
24185,telephone,17,nov,101,1,-1,0,unknown
24186,cellular,17,nov,200,1,165,2,failure
24187,cellular,17,nov,79,1,129,2,failure
24188,cellular,17,nov,131,1,-1,0,unknown
24189,cellular,17,nov,58,1,188,1,failure
24190,cellular,17,nov,146,1,-1,0,unknown
24191,telephone,17,nov,92,1,-1,0,unknown
24192,cellular,17,nov,156,1,-1,0,unknown
24193,cellular,17,nov,53,1,-1,0,unknown
24194,cellular,17,nov,98,1,-1,0,unknown
24195,telephone,17,nov,238,1,-1,0,unknown
24196,cellular,17,nov,85,1,-1,0,unknown
24197,cellular,17,nov,59,1,-1,0,unknown
24198,cellular,17,nov,303,1,196,2,failure
24199,cellular,17,nov,51,1,-1,0,unknown
24200,unknown,17,nov,108,1,-1,0,unknown
24201,cellular,17,nov,221,1,-1,0,unknown
24202,cellular,17,nov,80,1,-1,0,unknown
24203,cellular,17,nov,324,1,172,1,failure
24204,telephone,17,nov,206,1,-1,0,unknown
24205,cellular,17,nov,139,1,-1,0,unknown
24206,cellular,17,nov,527,1,-1,0,unknown
24207,cellular,17,nov,80,1,118,1,failure
24208,cellular,17,nov,161,1,167,2,failure
24209,cellular,17,nov,130,1,-1,0,unknown
24210,cellular,17,nov,120,1,-1,0,unknown
24211,cellular,17,nov,80,1,-1,0,unknown
24212,cellular,17,nov,250,1,-1,0,unknown
24213,cellular,17,nov,66,1,-1,0,unknown
24214,cellular,17,nov,71,1,-1,0,unknown
24215,cellular,17,nov,252,1,-1,0,unknown
24216,cellular,17,nov,113,1,-1,0,unknown
24217,cellular,17,nov,121,1,-1,0,unknown
24218,cellular,17,nov,148,1,-1,0,unknown
24219,cellular,17,nov,78,1,-1,0,unknown
24220,cellular,17,nov,83,1,-1,0,unknown
24221,cellular,17,nov,123,1,-1,0,unknown
24222,cellular,17,nov,100,1,-1,0,unknown
24223,cellular,17,nov,176,1,-1,0,unknown
24224,cellular,17,nov,550,1,-1,0,unknown
24225,cellular,17,nov,75,1,-1,0,unknown
24226,cellular,17,nov,57,1,-1,0,unknown
24227,cellular,17,nov,55,1,-1,0,unknown
24228,cellular,17,nov,195,1,-1,0,unknown
24229,cellular,17,nov,123,1,-1,0,unknown
24230,cellular,17,nov,297,1,119,3,failure
24231,cellular,17,nov,353,1,-1,0,unknown
24232,cellular,17,nov,142,1,-1,0,unknown
24233,cellular,17,nov,53,1,-1,0,unknown
24234,cellular,17,nov,146,1,104,2,other
24235,cellular,17,nov,59,1,-1,0,unknown
24236,cellular,17,nov,120,1,171,2,failure
24237,cellular,17,nov,595,1,-1,0,unknown
24238,cellular,17,nov,381,1,117,2,other
24239,cellular,17,nov,123,1,164,2,success
24240,cellular,17,nov,74,1,-1,0,unknown
24241,cellular,17,nov,219,1,-1,0,unknown
24242,cellular,17,nov,387,1,-1,0,unknown
24243,cellular,17,nov,433,1,-1,0,unknown
24244,cellular,17,nov,548,1,-1,0,unknown
24245,telephone,17,nov,100,1,-1,0,unknown
24246,cellular,17,nov,153,1,-1,0,unknown
24247,cellular,17,nov,223,2,-1,0,unknown
24248,cellular,17,nov,178,1,-1,0,unknown
24249,cellular,17,nov,283,1,-1,0,unknown
24250,cellular,17,nov,75,1,132,1,failure
24251,cellular,17,nov,92,1,-1,0,unknown
24252,telephone,17,nov,96,1,-1,0,unknown
24253,cellular,17,nov,396,1,129,2,failure
24254,cellular,17,nov,96,1,131,1,failure
24255,cellular,17,nov,334,1,-1,0,unknown
24256,cellular,17,nov,142,1,-1,0,unknown
24257,cellular,17,nov,44,1,123,2,failure
24258,cellular,17,nov,231,2,-1,0,unknown
24259,cellular,17,nov,376,1,-1,0,unknown
24260,cellular,17,nov,56,1,-1,0,unknown
24261,cellular,17,nov,44,1,-1,0,unknown
24262,cellular,17,nov,58,1,-1,0,unknown
24263,cellular,17,nov,265,1,-1,0,unknown
24264,cellular,17,nov,208,1,159,1,success
24265,cellular,17,nov,219,1,186,2,failure
24266,cellular,17,nov,155,1,186,1,failure
24267,cellular,17,nov,81,1,-1,0,unknown
24268,cellular,17,nov,73,1,-1,0,unknown
24269,cellular,17,nov,50,1,-1,0,unknown
24270,cellular,17,nov,1789,1,-1,0,unknown
24271,cellular,17,nov,1077,1,-1,0,unknown
24272,telephone,17,nov,192,1,-1,0,unknown
24273,cellular,17,nov,110,1,-1,0,unknown
24274,cellular,17,nov,564,1,-1,0,unknown
24275,cellular,17,nov,1303,1,-1,0,unknown
24276,cellular,17,nov,377,1,-1,0,unknown
24277,cellular,17,nov,235,1,-1,0,unknown
24278,cellular,17,nov,375,1,-1,0,unknown
24279,cellular,17,nov,344,1,-1,0,unknown
24280,cellular,17,nov,288,2,-1,0,unknown
24281,cellular,17,nov,57,1,-1,0,unknown
24282,cellular,17,nov,125,1,-1,0,unknown
24283,cellular,17,nov,78,1,-1,0,unknown
24284,cellular,17,nov,214,1,-1,0,unknown
24285,cellular,17,nov,286,1,-1,0,unknown
24286,cellular,17,nov,117,1,-1,0,unknown
24287,cellular,17,nov,41,1,-1,0,unknown
24288,cellular,17,nov,57,1,-1,0,unknown
24289,cellular,17,nov,364,1,-1,0,unknown
24290,cellular,17,nov,63,1,-1,0,unknown
24291,telephone,17,nov,378,1,-1,0,unknown
24292,telephone,17,nov,81,1,-1,0,unknown
24293,cellular,17,nov,430,1,-1,0,unknown
24294,cellular,17,nov,479,1,-1,0,unknown
24295,cellular,17,nov,74,1,167,16,other
24296,telephone,17,nov,99,1,-1,0,unknown
24297,cellular,17,nov,108,1,-1,0,unknown
24298,cellular,17,nov,135,1,-1,0,unknown
24299,telephone,17,nov,302,1,111,6,failure
24300,cellular,17,nov,38,1,115,5,other
24301,cellular,17,nov,258,1,-1,0,unknown
24302,cellular,17,nov,77,1,-1,0,unknown
24303,cellular,17,nov,102,1,-1,0,unknown
24304,unknown,17,nov,81,1,-1,0,unknown
24305,cellular,17,nov,127,1,-1,0,unknown
24306,cellular,17,nov,114,1,-1,0,unknown
24307,cellular,17,nov,55,1,-1,0,unknown
24308,cellular,17,nov,238,1,-1,0,unknown
24309,cellular,17,nov,179,1,-1,0,unknown
24310,cellular,17,nov,84,1,-1,0,unknown
24311,cellular,17,nov,38,1,172,2,failure
24312,cellular,17,nov,130,1,111,2,failure
24313,cellular,17,nov,309,1,-1,0,unknown
24314,telephone,17,nov,70,1,-1,0,unknown
24315,cellular,17,nov,270,1,123,2,failure
24316,cellular,17,nov,110,2,-1,0,unknown
24317,unknown,17,nov,206,1,-1,0,unknown
24318,cellular,17,nov,176,1,-1,0,unknown
24319,cellular,17,nov,158,2,-1,0,unknown
24320,telephone,17,nov,483,1,-1,0,unknown
24321,telephone,17,nov,85,1,-1,0,unknown
24322,cellular,17,nov,73,1,-1,0,unknown
24323,cellular,17,nov,483,1,116,1,failure
24324,cellular,17,nov,292,1,-1,0,unknown
24325,cellular,17,nov,108,1,-1,0,unknown
24326,cellular,17,nov,68,2,173,1,failure
24327,cellular,17,nov,348,1,123,1,failure
24328,telephone,17,nov,105,3,-1,0,unknown
24329,cellular,17,nov,107,1,-1,0,unknown
24330,cellular,17,nov,257,1,178,2,other
24331,cellular,17,nov,70,1,166,10,failure
24332,cellular,17,nov,97,2,-1,0,unknown
24333,cellular,17,nov,150,1,-1,0,unknown
24334,unknown,17,nov,300,1,-1,0,unknown
24335,cellular,17,nov,96,1,-1,0,unknown
24336,cellular,17,nov,49,1,-1,0,unknown
24337,cellular,17,nov,112,1,-1,0,unknown
24338,telephone,17,nov,40,1,-1,0,unknown
24339,cellular,17,nov,182,1,-1,0,unknown
24340,cellular,17,nov,259,1,-1,0,unknown
24341,cellular,17,nov,71,1,-1,0,unknown
24342,telephone,17,nov,16,1,-1,0,unknown
24343,cellular,17,nov,118,1,164,3,failure
24344,cellular,17,nov,56,1,-1,0,unknown
24345,telephone,17,nov,44,1,-1,0,unknown
24346,unknown,17,nov,125,1,111,3,failure
24347,cellular,17,nov,88,1,-1,0,unknown
24348,telephone,17,nov,76,1,-1,0,unknown
24349,cellular,17,nov,282,1,-1,0,unknown
24350,cellular,17,nov,90,2,110,2,failure
24351,cellular,17,nov,96,2,-1,0,unknown
24352,cellular,17,nov,591,1,-1,0,unknown
24353,cellular,17,nov,508,1,115,1,failure
24354,cellular,17,nov,560,2,-1,0,unknown
24355,unknown,17,nov,99,1,-1,0,unknown
24356,cellular,17,nov,98,1,-1,0,unknown
24357,cellular,17,nov,131,1,-1,0,unknown
24358,cellular,17,nov,80,1,152,1,failure
24359,cellular,17,nov,93,1,115,1,failure
24360,cellular,17,nov,165,1,-1,0,unknown
24361,cellular,17,nov,64,1,-1,0,unknown
24362,cellular,17,nov,122,2,-1,0,unknown
24363,cellular,17,nov,434,2,-1,0,unknown
24364,unknown,17,nov,164,2,96,4,failure
24365,cellular,17,nov,407,1,-1,0,unknown
24366,cellular,17,nov,110,1,103,4,failure
24367,cellular,17,nov,191,2,-1,0,unknown
24368,unknown,17,nov,56,1,103,2,other
24369,cellular,17,nov,125,1,-1,0,unknown
24370,cellular,17,nov,412,1,-1,0,unknown
24371,cellular,17,nov,85,1,-1,0,unknown
24372,telephone,17,nov,180,1,-1,0,unknown
24373,cellular,17,nov,1070,1,-1,0,unknown
24374,cellular,17,nov,266,2,-1,0,unknown
24375,unknown,17,nov,94,1,-1,0,unknown
24376,cellular,17,nov,59,1,-1,0,unknown
24377,cellular,17,nov,125,1,-1,0,unknown
24378,telephone,17,nov,1606,1,-1,0,unknown
24379,cellular,17,nov,216,1,-1,0,unknown
24380,cellular,17,nov,707,1,-1,0,unknown
24381,cellular,17,nov,862,1,-1,0,unknown
24382,cellular,17,nov,214,1,-1,0,unknown
24383,cellular,17,nov,78,1,-1,0,unknown
24384,cellular,17,nov,62,2,-1,0,unknown
24385,cellular,17,nov,279,1,-1,0,unknown
24386,cellular,17,nov,173,1,-1,0,unknown
24387,cellular,17,nov,89,1,-1,0,unknown
24388,unknown,17,nov,53,1,-1,0,unknown
24389,cellular,17,nov,97,1,-1,0,unknown
24390,cellular,17,nov,890,1,-1,0,unknown
24391,cellular,17,nov,581,1,-1,0,unknown
24392,cellular,17,nov,116,1,-1,0,unknown
24393,cellular,17,nov,70,1,-1,0,unknown
24394,telephone,17,nov,155,1,-1,0,unknown
24395,cellular,17,nov,214,1,174,2,failure
24396,cellular,17,nov,200,1,-1,0,unknown
24397,telephone,17,nov,27,1,-1,0,unknown
24398,cellular,17,nov,578,1,-1,0,unknown
24399,cellular,17,nov,153,1,-1,0,unknown
24400,cellular,17,nov,52,1,-1,0,unknown
24401,cellular,17,nov,62,1,-1,0,unknown
24402,cellular,17,nov,79,2,118,3,failure
24403,cellular,17,nov,310,1,-1,0,unknown
24404,cellular,17,nov,150,2,-1,0,unknown
24405,unknown,17,nov,229,2,150,1,failure
24406,cellular,17,nov,34,1,-1,0,unknown
24407,cellular,17,nov,573,1,188,1,other
24408,cellular,17,nov,104,3,-1,0,unknown
24409,cellular,17,nov,386,2,-1,0,unknown
24410,telephone,17,nov,73,1,-1,0,unknown
24411,cellular,17,nov,138,1,175,2,failure
24412,cellular,17,nov,74,2,196,1,failure
24413,cellular,17,nov,42,2,-1,0,unknown
24414,cellular,17,nov,273,1,-1,0,unknown
24415,unknown,17,nov,147,1,110,2,failure
24416,cellular,17,nov,190,1,104,1,failure
24417,cellular,17,nov,294,1,-1,0,unknown
24418,cellular,17,nov,96,1,-1,0,unknown
24419,cellular,17,nov,49,3,-1,0,unknown
24420,cellular,17,nov,163,3,-1,0,unknown
24421,cellular,17,nov,103,2,193,3,failure
24422,cellular,17,nov,89,2,118,3,failure
24423,cellular,17,nov,190,2,-1,0,unknown
24424,cellular,17,nov,77,2,-1,0,unknown
24425,cellular,17,nov,651,2,104,1,failure
24426,cellular,17,nov,42,2,188,2,failure
24427,cellular,17,nov,106,1,-1,0,unknown
24428,cellular,17,nov,105,1,-1,0,unknown
24429,cellular,17,nov,186,1,181,1,failure
24430,cellular,17,nov,56,1,-1,0,unknown
24431,cellular,17,nov,657,1,-1,0,unknown
24432,cellular,17,nov,349,1,-1,0,unknown
24433,cellular,17,nov,65,1,-1,0,unknown
24434,cellular,17,nov,62,1,-1,0,unknown
24435,cellular,17,nov,77,1,103,4,success
24436,cellular,17,nov,102,1,-1,0,unknown
24437,cellular,17,nov,91,2,-1,0,unknown
24438,cellular,17,nov,111,1,-1,0,unknown
24439,cellular,17,nov,80,2,165,2,other
24440,cellular,17,nov,1449,1,-1,0,unknown
24441,cellular,17,nov,696,2,-1,0,unknown
24442,cellular,17,nov,188,1,-1,0,unknown
24443,cellular,17,nov,160,2,-1,0,unknown
24444,cellular,17,nov,407,1,-1,0,unknown
24445,cellular,17,nov,77,1,-1,0,unknown
24446,cellular,17,nov,560,2,-1,0,unknown
24447,cellular,17,nov,108,2,-1,0,unknown
24448,cellular,17,nov,113,2,-1,0,unknown
24449,cellular,17,nov,102,1,185,4,other
24450,cellular,17,nov,71,1,186,1,failure
24451,cellular,17,nov,73,1,-1,0,unknown
24452,cellular,17,nov,199,1,-1,0,unknown
24453,cellular,17,nov,106,1,-1,0,unknown
24454,cellular,17,nov,96,1,-1,0,unknown
24455,cellular,17,nov,64,1,-1,0,unknown
24456,cellular,17,nov,321,1,-1,0,unknown
24457,cellular,17,nov,134,1,-1,0,unknown
24458,cellular,17,nov,141,1,-1,0,unknown
24459,cellular,17,nov,94,1,-1,0,unknown
24460,cellular,17,nov,499,3,-1,0,unknown
24461,cellular,17,nov,1081,1,131,1,failure
24462,cellular,17,nov,64,3,-1,0,unknown
24463,cellular,17,nov,107,2,-1,0,unknown
24464,telephone,17,nov,84,1,-1,0,unknown
24465,cellular,17,nov,35,1,-1,0,unknown
24466,cellular,17,nov,73,1,-1,0,unknown
24467,cellular,17,nov,251,2,-1,0,unknown
24468,cellular,17,nov,101,1,-1,0,unknown
24469,cellular,17,nov,504,1,123,3,failure
24470,cellular,17,nov,111,2,-1,0,unknown
24471,telephone,17,nov,215,3,-1,0,unknown
24472,cellular,17,nov,229,1,-1,0,unknown
24473,cellular,17,nov,166,1,181,2,failure
24474,cellular,17,nov,325,2,-1,0,unknown
24475,cellular,17,nov,124,1,131,1,failure
24476,cellular,17,nov,89,2,-1,0,unknown
24477,cellular,17,nov,240,1,-1,0,unknown
24478,cellular,17,nov,105,1,-1,0,unknown
24479,cellular,17,nov,48,1,-1,0,unknown
24480,cellular,17,nov,907,2,-1,0,unknown
24481,telephone,17,nov,14,1,-1,0,unknown
24482,cellular,17,nov,287,1,-1,0,unknown
24483,cellular,17,nov,120,1,-1,0,unknown
24484,cellular,17,nov,158,1,-1,0,unknown
24485,cellular,17,nov,254,2,-1,0,unknown
24486,cellular,17,nov,174,1,154,3,failure
24487,cellular,17,nov,62,1,-1,0,unknown
24488,cellular,17,nov,209,2,-1,0,unknown
24489,cellular,17,nov,62,1,131,1,failure
24490,cellular,17,nov,128,1,181,1,failure
24491,cellular,17,nov,153,1,-1,0,unknown
24492,cellular,17,nov,240,1,181,1,failure
24493,cellular,17,nov,375,1,-1,0,unknown
24494,cellular,17,nov,74,1,145,1,failure
24495,cellular,17,nov,984,1,-1,0,unknown
24496,cellular,17,nov,140,1,-1,0,unknown
24497,cellular,17,nov,131,1,-1,0,unknown
24498,cellular,17,nov,117,2,-1,0,unknown
24499,cellular,17,nov,90,1,-1,0,unknown
24500,cellular,17,nov,101,2,-1,0,unknown
24501,cellular,17,nov,114,1,-1,0,unknown
24502,cellular,17,nov,65,1,131,1,failure
24503,cellular,17,nov,809,3,181,1,other
24504,cellular,17,nov,318,1,-1,0,unknown
24505,cellular,17,nov,619,1,171,5,other
24506,telephone,17,nov,725,1,119,10,success
24507,cellular,17,nov,164,2,-1,0,unknown
24508,cellular,17,nov,61,1,145,1,other
24509,cellular,17,nov,761,1,-1,0,unknown
24510,cellular,17,nov,71,1,138,2,failure
24511,cellular,17,nov,348,1,-1,0,unknown
24512,cellular,17,nov,233,3,-1,0,unknown
24513,cellular,17,nov,213,2,-1,0,unknown
24514,cellular,17,nov,135,1,-1,0,unknown
24515,unknown,17,nov,44,1,-1,0,unknown
24516,cellular,17,nov,194,1,-1,0,unknown
24517,cellular,17,nov,166,2,171,2,failure
24518,cellular,17,nov,303,2,-1,0,unknown
24519,cellular,17,nov,191,2,-1,0,unknown
24520,cellular,17,nov,58,1,195,2,failure
24521,cellular,17,nov,134,1,-1,0,unknown
24522,cellular,17,nov,155,1,-1,0,unknown
24523,cellular,17,nov,183,1,-1,0,unknown
24524,cellular,17,nov,554,2,-1,0,unknown
24525,cellular,17,nov,218,2,-1,0,unknown
24526,cellular,17,nov,182,3,-1,0,unknown
24527,cellular,17,nov,540,2,-1,0,unknown
24528,cellular,17,nov,732,1,171,2,other
24529,cellular,17,nov,175,1,-1,0,unknown
24530,cellular,17,nov,219,2,-1,0,unknown
24531,cellular,17,nov,139,2,126,3,failure
24532,cellular,17,nov,76,3,-1,0,unknown
24533,cellular,17,nov,581,3,-1,0,unknown
24534,cellular,17,nov,268,2,-1,0,unknown
24535,cellular,17,nov,150,1,188,1,failure
24536,cellular,17,nov,89,1,145,1,failure
24537,cellular,17,nov,500,2,-1,0,unknown
24538,cellular,17,nov,53,1,-1,0,unknown
24539,cellular,17,nov,131,2,-1,0,unknown
24540,cellular,17,nov,369,1,-1,0,unknown
24541,cellular,17,nov,111,1,-1,0,unknown
24542,cellular,17,nov,184,3,-1,0,unknown
24543,cellular,17,nov,90,2,-1,0,unknown
24544,telephone,17,nov,48,1,-1,0,unknown
24545,cellular,17,nov,407,1,150,3,success
24546,cellular,17,nov,116,2,-1,0,unknown
24547,cellular,17,nov,128,2,-1,0,unknown
24548,cellular,17,nov,146,1,-1,0,unknown
24549,cellular,17,nov,78,1,-1,0,unknown
24550,cellular,17,nov,256,2,-1,0,unknown
24551,cellular,17,nov,190,1,-1,0,unknown
24552,cellular,17,nov,57,1,-1,0,unknown
24553,cellular,17,nov,223,1,96,2,failure
24554,cellular,17,nov,111,1,188,2,failure
24555,cellular,17,nov,143,2,-1,0,unknown
24556,cellular,17,nov,157,3,150,12,failure
24557,cellular,17,nov,171,1,-1,0,unknown
24558,cellular,17,nov,113,1,-1,0,unknown
24559,telephone,17,nov,69,1,-1,0,unknown
24560,cellular,17,nov,158,1,173,1,failure
24561,cellular,17,nov,104,1,-1,0,unknown
24562,cellular,17,nov,332,1,-1,0,unknown
24563,cellular,17,nov,113,1,-1,0,unknown
24564,telephone,17,nov,106,1,-1,0,unknown
24565,cellular,17,nov,789,1,-1,0,unknown
24566,cellular,17,nov,116,2,196,1,failure
24567,cellular,17,nov,113,3,132,2,failure
24568,cellular,17,nov,66,2,-1,0,unknown
24569,cellular,17,nov,501,1,-1,0,unknown
24570,cellular,17,nov,99,1,126,3,failure
24571,cellular,17,nov,201,1,-1,0,unknown
24572,cellular,17,nov,180,1,-1,0,unknown
24573,cellular,17,nov,189,2,111,4,failure
24574,cellular,17,nov,184,1,193,1,success
24575,cellular,17,nov,148,1,-1,0,unknown
24576,cellular,17,nov,88,2,-1,0,unknown
24577,cellular,17,nov,158,2,-1,0,unknown
24578,cellular,17,nov,65,2,119,1,failure
24579,cellular,17,nov,48,1,-1,0,unknown
24580,cellular,17,nov,48,1,126,3,failure
24581,cellular,17,nov,690,1,123,7,other
24582,cellular,17,nov,80,2,-1,0,unknown
24583,cellular,17,nov,159,2,195,2,failure
24584,cellular,17,nov,48,2,-1,0,unknown
24585,cellular,17,nov,89,1,-1,0,unknown
24586,cellular,17,nov,295,1,-1,0,unknown
24587,cellular,17,nov,46,1,-1,0,unknown
24588,cellular,17,nov,99,1,151,2,failure
24589,cellular,17,nov,69,1,180,3,failure
24590,cellular,17,nov,836,1,129,2,failure
24591,cellular,17,nov,174,1,195,1,failure
24592,cellular,17,nov,171,1,172,2,failure
24593,cellular,17,nov,230,1,-1,0,unknown
24594,cellular,17,nov,136,1,-1,0,unknown
24595,cellular,17,nov,70,1,150,2,other
24596,telephone,17,nov,124,1,129,18,other
24597,cellular,17,nov,555,1,-1,0,unknown
24598,cellular,17,nov,231,1,-1,0,unknown
24599,cellular,17,nov,107,2,-1,0,unknown
24600,cellular,17,nov,226,2,-1,0,unknown
24601,cellular,17,nov,1531,1,-1,0,unknown
24602,cellular,17,nov,131,2,-1,0,unknown
24603,cellular,17,nov,92,3,-1,0,unknown
24604,cellular,17,nov,93,3,-1,0,unknown
24605,cellular,17,nov,118,2,131,1,other
24606,cellular,17,nov,224,2,180,1,failure
24607,cellular,17,nov,326,2,-1,0,unknown
24608,cellular,17,nov,251,2,-1,0,unknown
24609,cellular,17,nov,295,2,109,9,failure
24610,cellular,17,nov,101,2,129,1,failure
24611,unknown,17,nov,422,3,186,2,failure
24612,telephone,17,nov,273,2,-1,0,unknown
24613,telephone,17,nov,60,2,-1,0,unknown
24614,cellular,17,nov,523,2,-1,0,unknown
24615,cellular,17,nov,72,3,-1,0,unknown
24616,cellular,17,nov,78,2,193,2,failure
24617,telephone,17,nov,291,3,-1,0,unknown
24618,unknown,17,nov,609,2,101,3,failure
24619,cellular,17,nov,1121,2,-1,0,unknown
24620,cellular,17,nov,564,2,-1,0,unknown
24621,telephone,17,nov,673,2,-1,0,unknown
24622,cellular,17,nov,1091,2,150,1,success
24623,cellular,17,nov,148,2,172,2,failure
24624,unknown,17,nov,204,2,109,21,other
24625,cellular,17,nov,124,2,-1,0,unknown
24626,cellular,17,nov,87,5,167,6,failure
24627,cellular,17,nov,227,2,119,1,failure
24628,cellular,17,nov,141,3,-1,0,unknown
24629,cellular,17,nov,193,2,186,1,failure
24630,cellular,17,nov,69,2,-1,0,unknown
24631,cellular,17,nov,170,2,-1,0,unknown
24632,cellular,17,nov,151,2,171,2,failure
24633,cellular,17,nov,130,2,119,2,failure
24634,cellular,17,nov,567,2,-1,0,unknown
24635,cellular,17,nov,360,2,-1,0,unknown
24636,cellular,17,nov,221,2,-1,0,unknown
24637,cellular,17,nov,178,2,151,1,failure
24638,cellular,17,nov,117,2,117,3,failure
24639,cellular,17,nov,228,4,-1,0,unknown
24640,telephone,17,nov,49,2,-1,0,unknown
24641,cellular,17,nov,125,2,-1,0,unknown
24642,cellular,17,nov,63,2,-1,0,unknown
24643,telephone,17,nov,599,2,158,8,other
24644,cellular,17,nov,367,3,-1,0,unknown
24645,cellular,17,nov,69,2,-1,0,unknown
24646,cellular,17,nov,176,2,-1,0,unknown
24647,cellular,17,nov,161,2,-1,0,unknown
24648,unknown,17,nov,1735,2,-1,0,unknown
24649,telephone,17,nov,340,2,109,11,failure
24650,cellular,17,nov,501,2,-1,0,unknown
24651,cellular,17,nov,1132,2,-1,0,unknown
24652,telephone,17,nov,110,2,-1,0,unknown
24653,cellular,17,nov,99,2,-1,0,unknown
24654,cellular,17,nov,198,2,-1,0,unknown
24655,cellular,17,nov,308,3,-1,0,unknown
24656,cellular,17,nov,212,2,-1,0,unknown
24657,cellular,17,nov,35,3,-1,0,unknown
24658,telephone,17,nov,127,4,111,6,failure
24659,cellular,17,nov,70,3,-1,0,unknown
24660,cellular,17,nov,666,3,-1,0,unknown
24661,cellular,17,nov,330,2,-1,0,unknown
24662,telephone,17,nov,117,3,131,4,failure
24663,cellular,17,nov,397,2,-1,0,unknown
24664,cellular,17,nov,222,2,-1,0,unknown
24665,cellular,17,nov,333,2,96,2,failure
24666,cellular,17,nov,77,2,-1,0,unknown
24667,cellular,17,nov,212,3,-1,0,unknown
24668,cellular,17,nov,288,2,-1,0,unknown
24669,cellular,17,nov,31,2,-1,0,unknown
24670,telephone,17,nov,215,3,-1,0,unknown
24671,cellular,17,nov,536,2,-1,0,unknown
24672,cellular,17,nov,57,4,119,3,failure
24673,cellular,17,nov,145,2,-1,0,unknown
24674,cellular,17,nov,86,2,-1,0,unknown
24675,telephone,17,nov,188,2,168,2,failure
24676,cellular,17,nov,157,2,172,1,failure
24677,cellular,17,nov,167,3,-1,0,unknown
24678,telephone,17,nov,99,3,-1,0,unknown
24679,telephone,17,nov,37,2,-1,0,unknown
24680,cellular,17,nov,359,2,-1,0,unknown
24681,cellular,17,nov,85,2,-1,0,unknown
24682,cellular,17,nov,595,2,-1,0,unknown
24683,cellular,17,nov,139,3,-1,0,unknown
24684,cellular,17,nov,273,2,131,1,failure
24685,cellular,17,nov,44,2,-1,0,unknown
24686,cellular,17,nov,204,2,196,1,failure
24687,cellular,17,nov,102,3,-1,0,unknown
24688,cellular,17,nov,137,2,-1,0,unknown
24689,telephone,17,nov,99,3,-1,0,unknown
24690,telephone,17,nov,661,4,-1,0,unknown
24691,cellular,17,nov,499,2,195,1,failure
24692,cellular,17,nov,148,2,-1,0,unknown
24693,telephone,17,nov,71,2,-1,0,unknown
24694,cellular,17,nov,148,2,-1,0,unknown
24695,cellular,17,nov,273,2,-1,0,unknown
24696,cellular,17,nov,374,1,186,7,failure
24697,cellular,17,nov,353,1,172,1,failure
24698,cellular,17,nov,107,1,117,3,failure
24699,cellular,17,nov,1210,2,171,4,failure
24700,cellular,17,nov,118,2,-1,0,unknown
24701,cellular,17,nov,176,3,186,4,failure
24702,cellular,17,nov,211,2,151,2,failure
24703,cellular,17,nov,220,4,109,4,failure
24704,cellular,17,nov,960,2,-1,0,unknown
24705,telephone,17,nov,762,1,-1,0,unknown
24706,cellular,17,nov,181,4,-1,0,unknown
24707,cellular,17,nov,414,2,-1,0,unknown
24708,cellular,17,nov,150,1,-1,0,unknown
24709,cellular,17,nov,652,2,126,2,failure
24710,cellular,17,nov,523,3,-1,0,unknown
24711,cellular,17,nov,301,1,-1,0,unknown
24712,cellular,17,nov,264,4,-1,0,unknown
24713,telephone,17,nov,240,3,-1,0,unknown
24714,cellular,17,nov,114,4,168,2,failure
24715,cellular,17,nov,258,1,-1,0,unknown
24716,cellular,17,nov,172,3,-1,0,unknown
24717,cellular,17,nov,487,1,-1,0,unknown
24718,cellular,17,nov,64,3,150,5,other
24719,telephone,17,nov,215,1,-1,0,unknown
24720,cellular,17,nov,48,2,-1,0,unknown
24721,unknown,17,nov,17,1,175,1,failure
24722,cellular,17,nov,205,2,-1,0,unknown
24723,cellular,17,nov,295,1,186,9,other
24724,telephone,17,nov,292,1,-1,0,unknown
24725,cellular,17,nov,454,1,-1,0,unknown
24726,cellular,17,nov,92,1,-1,0,unknown
24727,cellular,17,nov,104,1,-1,0,unknown
24728,cellular,17,nov,318,1,-1,0,unknown
24729,cellular,17,nov,408,1,117,1,failure
24730,cellular,17,nov,276,1,-1,0,unknown
24731,cellular,17,nov,252,3,-1,0,unknown
24732,cellular,17,nov,1012,1,-1,0,unknown
24733,cellular,17,nov,475,1,-1,0,unknown
24734,cellular,18,nov,81,4,-1,0,unknown
24735,cellular,18,nov,126,2,-1,0,unknown
24736,cellular,18,nov,166,1,-1,0,unknown
24737,cellular,18,nov,82,1,97,3,failure
24738,telephone,18,nov,514,2,-1,0,unknown
24739,cellular,18,nov,41,1,182,1,failure
24740,cellular,18,nov,244,1,-1,0,unknown
24741,telephone,18,nov,189,1,-1,0,unknown
24742,cellular,18,nov,143,1,-1,0,unknown
24743,cellular,18,nov,150,1,-1,0,unknown
24744,cellular,18,nov,41,2,-1,0,unknown
24745,cellular,18,nov,237,1,-1,0,unknown
24746,cellular,18,nov,42,1,-1,0,unknown
24747,cellular,18,nov,295,2,-1,0,unknown
24748,cellular,18,nov,88,1,-1,0,unknown
24749,cellular,18,nov,79,1,-1,0,unknown
24750,cellular,18,nov,117,2,-1,0,unknown
24751,cellular,18,nov,233,1,-1,0,unknown
24752,cellular,18,nov,139,4,127,4,failure
24753,cellular,18,nov,65,1,130,2,failure
24754,cellular,18,nov,283,2,-1,0,unknown
24755,cellular,18,nov,465,1,-1,0,unknown
24756,cellular,18,nov,119,1,110,2,failure
24757,cellular,18,nov,186,2,-1,0,unknown
24758,cellular,18,nov,68,1,194,2,failure
24759,cellular,18,nov,140,1,-1,0,unknown
24760,cellular,18,nov,121,1,168,1,other
24761,telephone,18,nov,228,1,125,5,failure
24762,cellular,18,nov,386,1,-1,0,unknown
24763,telephone,18,nov,140,1,-1,0,unknown
24764,cellular,18,nov,114,2,-1,0,unknown
24765,cellular,18,nov,52,1,176,1,failure
24766,cellular,18,nov,93,1,-1,0,unknown
24767,cellular,18,nov,109,1,-1,0,unknown
24768,cellular,18,nov,207,1,-1,0,unknown
24769,cellular,18,nov,176,1,-1,0,unknown
24770,cellular,18,nov,301,1,-1,0,unknown
24771,cellular,18,nov,1978,1,-1,0,unknown
24772,cellular,18,nov,101,5,-1,0,unknown
24773,cellular,18,nov,95,1,-1,0,unknown
24774,cellular,18,nov,91,1,-1,0,unknown
24775,telephone,18,nov,40,1,-1,0,unknown
24776,cellular,18,nov,67,1,105,1,failure
24777,cellular,18,nov,138,1,-1,0,unknown
24778,cellular,18,nov,54,1,-1,0,unknown
24779,cellular,18,nov,164,1,166,2,failure
24780,cellular,18,nov,116,1,-1,0,unknown
24781,cellular,18,nov,544,1,-1,0,unknown
24782,cellular,18,nov,854,1,-1,0,unknown
24783,cellular,18,nov,348,1,-1,0,unknown
24784,cellular,18,nov,365,1,-1,0,unknown
24785,cellular,18,nov,155,1,-1,0,unknown
24786,cellular,18,nov,290,1,165,2,success
24787,cellular,18,nov,53,1,172,3,failure
24788,cellular,18,nov,94,1,-1,0,unknown
24789,cellular,18,nov,76,1,-1,0,unknown
24790,cellular,18,nov,36,1,-1,0,unknown
24791,cellular,18,nov,333,1,-1,0,unknown
24792,cellular,18,nov,244,1,-1,0,unknown
24793,cellular,18,nov,244,1,-1,0,unknown
24794,cellular,18,nov,106,1,-1,0,unknown
24795,cellular,18,nov,271,1,102,6,failure
24796,cellular,18,nov,184,1,-1,0,unknown
24797,cellular,18,nov,224,1,-1,0,unknown
24798,cellular,18,nov,166,1,-1,0,unknown
24799,cellular,18,nov,144,1,-1,0,unknown
24800,cellular,18,nov,55,1,-1,0,unknown
24801,telephone,18,nov,52,3,172,3,other
24802,cellular,18,nov,208,1,26,3,success
24803,cellular,18,nov,74,1,-1,0,unknown
24804,telephone,18,nov,47,1,193,1,other
24805,cellular,18,nov,341,1,-1,0,unknown
24806,telephone,18,nov,151,1,-1,0,unknown
24807,cellular,18,nov,55,1,-1,0,unknown
24808,cellular,18,nov,62,1,-1,0,unknown
24809,cellular,18,nov,52,1,-1,0,unknown
24810,telephone,18,nov,368,1,-1,0,unknown
24811,cellular,18,nov,132,1,-1,0,unknown
24812,cellular,18,nov,134,1,-1,0,unknown
24813,cellular,18,nov,194,1,-1,0,unknown
24814,cellular,18,nov,214,1,-1,0,unknown
24815,cellular,18,nov,141,1,-1,0,unknown
24816,telephone,18,nov,51,1,-1,0,unknown
24817,telephone,18,nov,23,1,-1,0,unknown
24818,cellular,18,nov,278,2,-1,0,unknown
24819,cellular,18,nov,188,1,-1,0,unknown
24820,telephone,18,nov,89,1,-1,0,unknown
24821,cellular,18,nov,56,4,-1,0,unknown
24822,cellular,18,nov,58,1,-1,0,unknown
24823,cellular,18,nov,84,2,-1,0,unknown
24824,cellular,18,nov,145,2,-1,0,unknown
24825,cellular,18,nov,346,1,179,3,other
24826,cellular,18,nov,231,1,96,2,other
24827,cellular,18,nov,79,1,-1,0,unknown
24828,cellular,18,nov,286,1,-1,0,unknown
24829,cellular,18,nov,80,1,-1,0,unknown
24830,cellular,18,nov,1164,2,-1,0,unknown
24831,cellular,18,nov,120,1,-1,0,unknown
24832,cellular,18,nov,213,1,-1,0,unknown
24833,cellular,18,nov,114,1,-1,0,unknown
24834,cellular,18,nov,116,1,167,1,other
24835,cellular,18,nov,340,2,-1,0,unknown
24836,cellular,18,nov,151,1,-1,0,unknown
24837,cellular,18,nov,242,1,182,2,failure
24838,cellular,18,nov,104,2,28,2,success
24839,cellular,18,nov,1268,2,-1,0,unknown
24840,cellular,18,nov,205,1,-1,0,unknown
24841,cellular,18,nov,47,1,-1,0,unknown
24842,cellular,18,nov,242,1,-1,0,unknown
24843,cellular,18,nov,173,1,179,6,failure
24844,cellular,18,nov,59,1,182,2,failure
24845,cellular,18,nov,108,1,-1,0,unknown
24846,cellular,18,nov,75,2,-1,0,unknown
24847,cellular,18,nov,132,1,-1,0,unknown
24848,cellular,18,nov,86,1,-1,0,unknown
24849,cellular,18,nov,676,1,-1,0,unknown
24850,cellular,18,nov,273,1,182,1,failure
24851,cellular,18,nov,50,1,183,2,failure
24852,cellular,18,nov,121,1,-1,0,unknown
24853,cellular,18,nov,88,1,-1,0,unknown
24854,cellular,18,nov,466,1,-1,0,unknown
24855,cellular,18,nov,636,1,-1,0,unknown
24856,cellular,18,nov,110,1,-1,0,unknown
24857,cellular,18,nov,132,1,-1,0,unknown
24858,cellular,18,nov,111,2,155,3,failure
24859,cellular,18,nov,165,1,131,1,failure
24860,cellular,18,nov,281,1,-1,0,unknown
24861,cellular,18,nov,509,1,-1,0,unknown
24862,cellular,18,nov,236,1,-1,0,unknown
24863,cellular,18,nov,276,1,195,1,failure
24864,cellular,18,nov,134,1,110,5,failure
24865,cellular,18,nov,74,1,-1,0,unknown
24866,cellular,18,nov,188,1,165,2,failure
24867,cellular,18,nov,79,2,182,7,failure
24868,cellular,18,nov,250,1,-1,0,unknown
24869,cellular,18,nov,175,1,138,1,failure
24870,cellular,18,nov,261,1,-1,0,unknown
24871,cellular,18,nov,319,2,182,1,failure
24872,cellular,18,nov,300,1,96,4,failure
24873,cellular,18,nov,645,2,-1,0,unknown
24874,cellular,18,nov,97,1,-1,0,unknown
24875,cellular,18,nov,71,1,-1,0,unknown
24876,cellular,18,nov,714,1,186,3,failure
24877,cellular,18,nov,67,1,-1,0,unknown
24878,cellular,18,nov,149,1,127,2,failure
24879,cellular,18,nov,149,2,-1,0,unknown
24880,cellular,18,nov,635,5,-1,0,unknown
24881,cellular,18,nov,95,1,-1,0,unknown
24882,cellular,18,nov,63,1,-1,0,unknown
24883,cellular,18,nov,280,2,-1,0,unknown
24884,cellular,18,nov,253,1,182,1,failure
24885,cellular,18,nov,850,2,-1,0,unknown
24886,cellular,18,nov,486,1,-1,0,unknown
24887,cellular,18,nov,114,1,-1,0,unknown
24888,cellular,18,nov,132,3,-1,0,unknown
24889,cellular,18,nov,169,2,-1,0,unknown
24890,cellular,18,nov,226,1,-1,0,unknown
24891,cellular,18,nov,835,1,-1,0,unknown
24892,cellular,18,nov,200,1,-1,0,unknown
24893,cellular,18,nov,95,1,-1,0,unknown
24894,cellular,18,nov,132,2,-1,0,unknown
24895,cellular,18,nov,90,1,-1,0,unknown
24896,cellular,18,nov,835,1,-1,0,unknown
24897,cellular,18,nov,129,1,172,3,failure
24898,cellular,18,nov,54,1,195,1,failure
24899,cellular,18,nov,613,1,-1,0,unknown
24900,cellular,18,nov,150,2,126,3,failure
24901,cellular,18,nov,106,1,110,4,failure
24902,cellular,18,nov,296,1,186,1,success
24903,cellular,18,nov,66,1,-1,0,unknown
24904,cellular,18,nov,411,1,173,2,other
24905,cellular,18,nov,256,1,-1,0,unknown
24906,cellular,18,nov,155,1,-1,0,unknown
24907,cellular,18,nov,117,1,-1,0,unknown
24908,cellular,18,nov,297,1,-1,0,unknown
24909,cellular,18,nov,266,1,167,2,failure
24910,cellular,18,nov,435,4,-1,0,unknown
24911,cellular,18,nov,82,1,172,3,failure
24912,cellular,18,nov,257,1,-1,0,unknown
24913,cellular,18,nov,95,1,-1,0,unknown
24914,cellular,18,nov,154,1,-1,0,unknown
24915,cellular,18,nov,265,1,188,1,failure
24916,cellular,18,nov,130,1,-1,0,unknown
24917,cellular,18,nov,253,1,112,2,failure
24918,cellular,18,nov,397,1,173,2,failure
24919,cellular,18,nov,164,5,127,5,failure
24920,cellular,18,nov,84,1,-1,0,unknown
24921,cellular,18,nov,929,1,-1,0,unknown
24922,cellular,18,nov,596,1,182,1,other
24923,cellular,18,nov,77,1,168,1,failure
24924,cellular,18,nov,399,1,-1,0,unknown
24925,cellular,18,nov,183,1,-1,0,unknown
24926,cellular,18,nov,924,1,-1,0,unknown
24927,cellular,18,nov,37,1,96,6,failure
24928,cellular,18,nov,198,1,-1,0,unknown
24929,cellular,18,nov,99,1,-1,0,unknown
24930,unknown,18,nov,254,1,-1,0,unknown
24931,cellular,18,nov,197,1,-1,0,unknown
24932,cellular,18,nov,464,1,-1,0,unknown
24933,cellular,18,nov,453,1,-1,0,unknown
24934,cellular,18,nov,134,1,-1,0,unknown
24935,cellular,18,nov,170,1,-1,0,unknown
24936,cellular,18,nov,419,1,127,6,other
24937,cellular,18,nov,82,2,-1,0,unknown
24938,unknown,18,nov,248,1,-1,0,unknown
24939,cellular,18,nov,638,2,-1,0,unknown
24940,cellular,18,nov,78,1,110,2,failure
24941,cellular,18,nov,162,1,173,3,failure
24942,cellular,18,nov,84,1,-1,0,unknown
24943,cellular,18,nov,586,1,120,3,other
24944,cellular,18,nov,288,1,137,1,other
24945,cellular,18,nov,328,1,-1,0,unknown
24946,cellular,18,nov,193,1,-1,0,unknown
24947,cellular,18,nov,34,1,124,6,failure
24948,cellular,18,nov,352,1,110,3,other
24949,cellular,18,nov,89,1,-1,0,unknown
24950,cellular,18,nov,305,1,-1,0,unknown
24951,unknown,18,nov,205,1,-1,0,unknown
24952,cellular,18,nov,107,1,-1,0,unknown
24953,cellular,18,nov,17,1,-1,0,unknown
24954,cellular,18,nov,103,1,175,2,failure
24955,cellular,18,nov,77,1,127,3,failure
24956,cellular,18,nov,93,1,-1,0,unknown
24957,cellular,18,nov,509,1,-1,0,unknown
24958,unknown,18,nov,272,2,-1,0,unknown
24959,cellular,18,nov,48,1,188,1,failure
24960,cellular,18,nov,38,1,187,3,failure
24961,cellular,18,nov,233,1,190,6,failure
24962,cellular,18,nov,172,1,-1,0,unknown
24963,cellular,18,nov,336,1,-1,0,unknown
24964,cellular,18,nov,109,1,-1,0,unknown
24965,cellular,18,nov,85,1,-1,0,unknown
24966,cellular,18,nov,112,1,-1,0,unknown
24967,telephone,18,nov,103,1,-1,0,unknown
24968,cellular,18,nov,50,1,-1,0,unknown
24969,cellular,18,nov,515,1,181,2,failure
24970,cellular,18,nov,48,1,181,3,failure
24971,cellular,18,nov,95,1,-1,0,unknown
24972,cellular,18,nov,47,1,-1,0,unknown
24973,telephone,18,nov,15,2,-1,0,unknown
24974,cellular,18,nov,106,1,-1,0,unknown
24975,cellular,18,nov,114,1,-1,0,unknown
24976,cellular,18,nov,897,3,-1,0,unknown
24977,cellular,18,nov,245,1,-1,0,unknown
24978,cellular,18,nov,300,1,-1,0,unknown
24979,cellular,18,nov,1855,1,-1,0,unknown
24980,cellular,18,nov,102,1,-1,0,unknown
24981,unknown,18,nov,159,1,-1,0,unknown
24982,cellular,18,nov,239,1,182,1,failure
24983,cellular,18,nov,204,1,-1,0,unknown
24984,cellular,18,nov,82,1,-1,0,unknown
24985,cellular,18,nov,389,1,172,2,failure
24986,cellular,18,nov,162,1,175,2,failure
24987,cellular,18,nov,255,1,126,2,failure
24988,cellular,18,nov,417,1,-1,0,unknown
24989,telephone,18,nov,52,1,-1,0,unknown
24990,cellular,18,nov,102,1,-1,0,unknown
24991,cellular,18,nov,59,1,-1,0,unknown
24992,cellular,18,nov,100,1,154,2,failure
24993,cellular,18,nov,346,1,-1,0,unknown
24994,telephone,18,nov,2,1,-1,0,unknown
24995,cellular,18,nov,288,1,-1,0,unknown
24996,cellular,18,nov,77,2,-1,0,unknown
24997,cellular,18,nov,535,1,-1,0,unknown
24998,telephone,18,nov,1034,1,-1,0,unknown
24999,cellular,18,nov,118,2,196,1,failure
25000,cellular,18,nov,170,1,-1,0,unknown
25001,cellular,18,nov,530,1,-1,0,unknown
25002,cellular,18,nov,52,1,165,1,failure
25003,cellular,18,nov,91,1,-1,0,unknown
25004,cellular,18,nov,226,1,168,2,failure
25005,cellular,18,nov,172,1,-1,0,unknown
25006,cellular,18,nov,78,1,-1,0,unknown
25007,cellular,18,nov,122,1,-1,0,unknown
25008,cellular,18,nov,90,1,-1,0,unknown
25009,cellular,18,nov,70,1,-1,0,unknown
25010,telephone,18,nov,103,2,-1,0,unknown
25011,cellular,18,nov,420,1,-1,0,unknown
25012,cellular,18,nov,199,1,-1,0,unknown
25013,cellular,18,nov,110,1,182,1,failure
25014,cellular,18,nov,92,1,188,1,failure
25015,cellular,18,nov,91,1,168,2,other
25016,cellular,18,nov,206,2,-1,0,unknown
25017,cellular,18,nov,56,1,-1,0,unknown
25018,unknown,18,nov,190,4,-1,0,unknown
25019,cellular,18,nov,131,1,-1,0,unknown
25020,cellular,18,nov,79,1,-1,0,unknown
25021,cellular,18,nov,322,1,-1,0,unknown
25022,cellular,18,nov,105,1,179,2,failure
25023,telephone,18,nov,41,1,-1,0,unknown
25024,cellular,18,nov,328,2,131,1,failure
25025,cellular,18,nov,432,2,181,4,other
25026,cellular,18,nov,224,1,-1,0,unknown
25027,cellular,18,nov,245,1,-1,0,unknown
25028,cellular,18,nov,109,1,-1,0,unknown
25029,cellular,18,nov,124,1,175,1,failure
25030,cellular,18,nov,93,1,113,2,other
25031,unknown,18,nov,287,2,-1,0,unknown
25032,cellular,18,nov,89,1,-1,0,unknown
25033,cellular,18,nov,59,1,-1,0,unknown
25034,cellular,18,nov,61,1,113,3,other
25035,unknown,18,nov,117,1,-1,0,unknown
25036,cellular,18,nov,68,1,165,2,failure
25037,cellular,18,nov,191,1,-1,0,unknown
25038,cellular,18,nov,90,1,-1,0,unknown
25039,cellular,18,nov,67,1,-1,0,unknown
25040,unknown,18,nov,37,1,-1,0,unknown
25041,cellular,18,nov,48,2,-1,0,unknown
25042,cellular,18,nov,73,1,-1,0,unknown
25043,cellular,18,nov,61,1,-1,0,unknown
25044,cellular,18,nov,232,1,102,2,failure
25045,cellular,18,nov,58,1,-1,0,unknown
25046,telephone,18,nov,500,1,-1,0,unknown
25047,cellular,18,nov,143,3,104,2,failure
25048,unknown,18,nov,251,1,-1,0,unknown
25049,cellular,18,nov,90,1,-1,0,unknown
25050,cellular,18,nov,65,1,110,2,success
25051,cellular,18,nov,155,2,-1,0,unknown
25052,cellular,18,nov,329,1,-1,0,unknown
25053,cellular,18,nov,191,1,-1,0,unknown
25054,cellular,18,nov,130,3,-1,0,unknown
25055,cellular,18,nov,164,1,-1,0,unknown
25056,telephone,18,nov,18,1,-1,0,unknown
25057,cellular,18,nov,708,1,-1,0,unknown
25058,cellular,18,nov,100,1,110,2,failure
25059,cellular,18,nov,655,1,-1,0,unknown
25060,unknown,18,nov,187,1,154,1,failure
25061,cellular,18,nov,81,2,-1,0,unknown
25062,cellular,18,nov,126,2,-1,0,unknown
25063,cellular,18,nov,140,2,-1,0,unknown
25064,cellular,18,nov,641,1,-1,0,unknown
25065,cellular,18,nov,98,1,-1,0,unknown
25066,cellular,18,nov,756,1,-1,0,unknown
25067,cellular,18,nov,43,1,-1,0,unknown
25068,cellular,18,nov,32,1,181,1,failure
25069,cellular,18,nov,120,2,-1,0,unknown
25070,cellular,18,nov,69,1,-1,0,unknown
25071,telephone,18,nov,114,1,162,2,failure
25072,cellular,18,nov,53,1,183,5,failure
25073,cellular,18,nov,201,1,159,1,failure
25074,cellular,18,nov,281,1,-1,0,unknown
25075,cellular,18,nov,198,1,-1,0,unknown
25076,cellular,18,nov,578,2,-1,0,unknown
25077,cellular,18,nov,132,1,-1,0,unknown
25078,cellular,18,nov,192,1,113,2,failure
25079,cellular,18,nov,378,1,-1,0,unknown
25080,cellular,18,nov,339,1,-1,0,unknown
25081,cellular,18,nov,260,1,-1,0,unknown
25082,cellular,18,nov,134,1,-1,0,unknown
25083,cellular,18,nov,201,2,-1,0,unknown
25084,cellular,18,nov,31,1,-1,0,unknown
25085,cellular,18,nov,79,1,172,8,failure
25086,cellular,18,nov,95,1,-1,0,unknown
25087,cellular,18,nov,61,1,-1,0,unknown
25088,cellular,18,nov,49,3,-1,0,unknown
25089,telephone,18,nov,46,4,-1,0,unknown
25090,telephone,18,nov,84,1,-1,0,unknown
25091,cellular,18,nov,63,2,-1,0,unknown
25092,cellular,18,nov,182,1,-1,0,unknown
25093,cellular,18,nov,54,1,-1,0,unknown
25094,cellular,18,nov,257,2,-1,0,unknown
25095,cellular,18,nov,295,1,124,2,failure
25096,cellular,18,nov,67,1,110,2,failure
25097,cellular,18,nov,58,2,-1,0,unknown
25098,cellular,18,nov,71,3,-1,0,unknown
25099,cellular,18,nov,311,1,-1,0,unknown
25100,cellular,18,nov,103,1,-1,0,unknown
25101,cellular,18,nov,401,2,-1,0,unknown
25102,cellular,18,nov,121,1,-1,0,unknown
25103,cellular,18,nov,97,1,-1,0,unknown
25104,cellular,18,nov,63,2,-1,0,unknown
25105,cellular,18,nov,271,1,-1,0,unknown
25106,cellular,18,nov,435,1,-1,0,unknown
25107,cellular,18,nov,52,1,-1,0,unknown
25108,cellular,18,nov,167,2,-1,0,unknown
25109,cellular,18,nov,368,1,-1,0,unknown
25110,cellular,18,nov,152,1,-1,0,unknown
25111,cellular,18,nov,107,1,-1,0,unknown
25112,cellular,18,nov,83,1,102,2,failure
25113,cellular,18,nov,164,1,-1,0,unknown
25114,cellular,18,nov,475,1,-1,0,unknown
25115,cellular,18,nov,125,1,-1,0,unknown
25116,cellular,18,nov,86,1,-1,0,unknown
25117,cellular,18,nov,68,1,-1,0,unknown
25118,cellular,18,nov,216,1,124,1,success
25119,cellular,18,nov,142,1,-1,0,unknown
25120,cellular,18,nov,157,1,188,1,failure
25121,cellular,18,nov,87,1,-1,0,unknown
25122,cellular,18,nov,123,1,124,2,failure
25123,cellular,18,nov,261,1,-1,0,unknown
25124,cellular,18,nov,60,2,-1,0,unknown
25125,cellular,18,nov,51,2,154,6,other
25126,cellular,18,nov,588,1,110,2,failure
25127,cellular,18,nov,52,1,-1,0,unknown
25128,cellular,18,nov,474,3,-1,0,unknown
25129,cellular,18,nov,164,2,179,3,failure
25130,cellular,18,nov,354,1,-1,0,unknown
25131,cellular,18,nov,63,1,-1,0,unknown
25132,cellular,18,nov,131,1,124,1,failure
25133,cellular,18,nov,178,1,127,7,other
25134,cellular,18,nov,331,2,-1,0,unknown
25135,cellular,18,nov,84,1,183,1,other
25136,cellular,18,nov,127,1,110,2,failure
25137,cellular,18,nov,54,1,-1,0,unknown
25138,cellular,18,nov,432,2,-1,0,unknown
25139,cellular,18,nov,475,1,-1,0,unknown
25140,cellular,18,nov,76,3,-1,0,unknown
25141,cellular,18,nov,348,1,-1,0,unknown
25142,cellular,18,nov,309,1,-1,0,unknown
25143,cellular,18,nov,112,2,-1,0,unknown
25144,cellular,18,nov,66,1,-1,0,unknown
25145,cellular,18,nov,237,2,-1,0,unknown
25146,cellular,18,nov,91,1,124,1,failure
25147,cellular,18,nov,72,1,-1,0,unknown
25148,cellular,18,nov,123,1,124,1,failure
25149,cellular,18,nov,73,3,-1,0,unknown
25150,cellular,18,nov,199,1,-1,0,unknown
25151,cellular,18,nov,165,2,116,1,failure
25152,telephone,18,nov,212,3,-1,0,unknown
25153,cellular,18,nov,163,1,187,3,failure
25154,cellular,18,nov,448,1,-1,0,unknown
25155,cellular,18,nov,124,1,-1,0,unknown
25156,cellular,18,nov,178,1,-1,0,unknown
25157,cellular,18,nov,290,1,110,2,failure
25158,cellular,18,nov,195,2,-1,0,unknown
25159,cellular,18,nov,124,1,-1,0,unknown
25160,cellular,18,nov,205,1,-1,0,unknown
25161,cellular,18,nov,77,1,-1,0,unknown
25162,cellular,18,nov,399,1,-1,0,unknown
25163,cellular,18,nov,350,1,-1,0,unknown
25164,cellular,18,nov,265,1,-1,0,unknown
25165,cellular,18,nov,96,2,182,2,failure
25166,cellular,18,nov,283,1,-1,0,unknown
25167,cellular,18,nov,1093,2,-1,0,unknown
25168,telephone,18,nov,570,2,-1,0,unknown
25169,cellular,18,nov,245,1,-1,0,unknown
25170,cellular,18,nov,179,1,-1,0,unknown
25171,cellular,18,nov,65,2,-1,0,unknown
25172,cellular,18,nov,177,2,-1,0,unknown
25173,telephone,18,nov,155,4,-1,0,unknown
25174,cellular,18,nov,185,3,-1,0,unknown
25175,cellular,18,nov,90,2,123,1,failure
25176,cellular,18,nov,110,2,-1,0,unknown
25177,cellular,18,nov,62,2,195,1,failure
25178,cellular,18,nov,120,2,-1,0,unknown
25179,cellular,18,nov,431,2,-1,0,unknown
25180,cellular,18,nov,157,2,-1,0,unknown
25181,cellular,18,nov,319,2,165,2,failure
25182,cellular,18,nov,262,2,-1,0,unknown
25183,cellular,18,nov,179,2,-1,0,unknown
25184,cellular,18,nov,177,2,174,1,other
25185,cellular,18,nov,157,2,-1,0,unknown
25186,cellular,18,nov,65,2,-1,0,unknown
25187,cellular,18,nov,82,2,152,1,failure
25188,cellular,18,nov,244,2,-1,0,unknown
25189,cellular,18,nov,110,5,-1,0,unknown
25190,cellular,18,nov,63,3,-1,0,unknown
25191,cellular,18,nov,125,2,-1,0,unknown
25192,cellular,18,nov,186,2,123,2,failure
25193,cellular,18,nov,97,2,-1,0,unknown
25194,cellular,18,nov,123,2,-1,0,unknown
25195,cellular,18,nov,1181,2,-1,0,unknown
25196,cellular,18,nov,115,2,-1,0,unknown
25197,cellular,18,nov,188,2,-1,0,unknown
25198,cellular,18,nov,144,2,-1,0,unknown
25199,cellular,18,nov,172,2,104,2,failure
25200,cellular,18,nov,434,2,-1,0,unknown
25201,telephone,18,nov,82,2,-1,0,unknown
25202,cellular,18,nov,55,2,-1,0,unknown
25203,cellular,18,nov,120,2,187,2,failure
25204,cellular,18,nov,54,2,-1,0,unknown
25205,cellular,18,nov,264,2,134,2,other
25206,cellular,18,nov,84,2,-1,0,unknown
25207,cellular,18,nov,273,2,96,4,failure
25208,cellular,18,nov,250,2,-1,0,unknown
25209,cellular,18,nov,268,2,-1,0,unknown
25210,cellular,18,nov,251,2,-1,0,unknown
25211,cellular,18,nov,474,2,-1,0,unknown
25212,telephone,18,nov,234,3,-1,0,unknown
25213,cellular,18,nov,240,2,182,1,failure
25214,telephone,18,nov,32,2,-1,0,unknown
25215,cellular,18,nov,219,3,-1,0,unknown
25216,cellular,18,nov,139,2,-1,0,unknown
25217,telephone,18,nov,126,4,-1,0,unknown
25218,cellular,18,nov,79,2,-1,0,unknown
25219,cellular,18,nov,107,3,-1,0,unknown
25220,cellular,18,nov,597,2,116,1,other
25221,cellular,18,nov,229,2,-1,0,unknown
25222,cellular,18,nov,231,2,-1,0,unknown
25223,telephone,18,nov,129,2,-1,0,unknown
25224,cellular,18,nov,166,2,113,5,failure
25225,cellular,18,nov,91,2,-1,0,unknown
25226,cellular,18,nov,196,3,-1,0,unknown
25227,cellular,18,nov,94,2,-1,0,unknown
25228,cellular,18,nov,146,2,151,14,failure
25229,telephone,18,nov,102,2,188,1,failure
25230,cellular,18,nov,86,2,154,1,failure
25231,cellular,18,nov,203,2,-1,0,unknown
25232,cellular,18,nov,75,2,-1,0,unknown
25233,cellular,18,nov,387,3,196,2,failure
25234,cellular,18,nov,244,2,168,1,other
25235,cellular,18,nov,716,2,110,3,other
25236,cellular,18,nov,420,2,-1,0,unknown
25237,cellular,18,nov,422,2,-1,0,unknown
25238,cellular,18,nov,145,2,193,2,failure
25239,cellular,18,nov,74,2,110,4,failure
25240,cellular,18,nov,141,3,-1,0,unknown
25241,cellular,18,nov,17,5,151,2,other
25242,cellular,18,nov,51,4,-1,0,unknown
25243,cellular,18,nov,192,2,-1,0,unknown
25244,cellular,18,nov,464,3,-1,0,unknown
25245,cellular,18,nov,67,2,111,2,failure
25246,cellular,18,nov,79,3,-1,0,unknown
25247,cellular,18,nov,72,2,-1,0,unknown
25248,telephone,18,nov,119,2,-1,0,unknown
25249,telephone,18,nov,47,3,-1,0,unknown
25250,cellular,18,nov,722,3,175,2,failure
25251,cellular,18,nov,1437,2,-1,0,unknown
25252,cellular,18,nov,175,2,-1,0,unknown
25253,cellular,18,nov,133,2,110,3,other
25254,cellular,18,nov,138,2,-1,0,unknown
25255,cellular,18,nov,273,2,-1,0,unknown
25256,cellular,18,nov,170,2,188,3,failure
25257,cellular,18,nov,147,2,-1,0,unknown
25258,cellular,18,nov,727,4,-1,0,unknown
25259,cellular,18,nov,96,2,-1,0,unknown
25260,cellular,18,nov,531,3,134,7,failure
25261,cellular,18,nov,187,2,-1,0,unknown
25262,cellular,18,nov,291,2,-1,0,unknown
25263,cellular,18,nov,633,2,-1,0,unknown
25264,telephone,18,nov,55,2,-1,0,unknown
25265,cellular,18,nov,231,2,-1,0,unknown
25266,cellular,18,nov,135,2,152,1,other
25267,cellular,18,nov,160,2,-1,0,unknown
25268,telephone,18,nov,67,7,-1,0,unknown
25269,cellular,18,nov,113,3,-1,0,unknown
25270,cellular,18,nov,191,2,-1,0,unknown
25271,cellular,18,nov,103,6,-1,0,unknown
25272,cellular,18,nov,190,2,-1,0,unknown
25273,cellular,18,nov,354,2,169,1,failure
25274,cellular,18,nov,174,2,111,3,failure
25275,cellular,18,nov,204,2,-1,0,unknown
25276,cellular,18,nov,148,2,132,1,other
25277,cellular,18,nov,878,2,-1,0,unknown
25278,cellular,18,nov,89,2,162,12,failure
25279,cellular,18,nov,171,2,179,3,failure
25280,cellular,18,nov,271,3,-1,0,unknown
25281,cellular,18,nov,244,3,-1,0,unknown
25282,cellular,18,nov,218,2,113,7,success
25283,cellular,18,nov,43,2,-1,0,unknown
25284,cellular,18,nov,658,3,169,2,failure
25285,cellular,18,nov,136,2,131,1,failure
25286,cellular,18,nov,1329,3,-1,0,unknown
25287,cellular,18,nov,127,4,-1,0,unknown
25288,cellular,18,nov,154,3,189,1,failure
25289,cellular,18,nov,54,2,-1,0,unknown
25290,telephone,18,nov,217,2,-1,0,unknown
25291,cellular,18,nov,84,4,-1,0,unknown
25292,cellular,18,nov,110,1,186,3,failure
25293,cellular,18,nov,187,2,-1,0,unknown
25294,cellular,18,nov,373,4,-1,0,unknown
25295,cellular,18,nov,286,1,181,2,other
25296,cellular,18,nov,202,2,-1,0,unknown
25297,cellular,18,nov,68,2,110,4,success
25298,cellular,18,nov,98,4,-1,0,unknown
25299,cellular,18,nov,170,2,-1,0,unknown
25300,cellular,18,nov,129,2,-1,0,unknown
25301,cellular,18,nov,400,2,-1,0,unknown
25302,cellular,18,nov,85,2,-1,0,unknown
25303,cellular,18,nov,126,3,-1,0,unknown
25304,cellular,18,nov,241,2,182,1,failure
25305,cellular,18,nov,342,2,174,1,failure
25306,telephone,18,nov,194,2,-1,0,unknown
25307,cellular,18,nov,87,1,-1,0,unknown
25308,cellular,18,nov,143,2,166,6,failure
25309,cellular,18,nov,93,3,-1,0,unknown
25310,cellular,18,nov,147,3,-1,0,unknown
25311,cellular,18,nov,372,2,-1,0,unknown
25312,cellular,18,nov,86,1,-1,0,unknown
25313,cellular,18,nov,58,1,-1,0,unknown
25314,cellular,18,nov,23,2,110,2,failure
25315,cellular,18,nov,119,2,-1,0,unknown
25316,cellular,18,nov,117,2,-1,0,unknown
25317,cellular,18,nov,147,1,-1,0,unknown
25318,cellular,18,nov,373,1,-1,0,unknown
25319,telephone,18,nov,177,2,-1,0,unknown
25320,cellular,18,nov,84,1,-1,0,unknown
25321,cellular,18,nov,171,1,110,2,other
25322,unknown,18,nov,150,2,-1,0,unknown
25323,cellular,18,nov,131,2,-1,0,unknown
25324,cellular,18,nov,259,1,-1,0,unknown
25325,cellular,18,nov,115,2,-1,0,unknown
25326,cellular,18,nov,283,2,-1,0,unknown
25327,cellular,18,nov,160,2,182,1,failure
25328,cellular,18,nov,482,1,-1,0,unknown
25329,cellular,18,nov,121,3,-1,0,unknown
25330,cellular,18,nov,618,2,-1,0,unknown
25331,cellular,18,nov,607,1,-1,0,unknown
25332,cellular,18,nov,238,3,126,4,other
25333,cellular,18,nov,61,2,131,1,failure
25334,cellular,18,nov,139,2,-1,0,unknown
25335,cellular,18,nov,810,2,-1,0,unknown
25336,cellular,18,nov,168,3,179,4,failure
25337,cellular,18,nov,131,3,194,2,failure
25338,cellular,18,nov,586,2,-1,0,unknown
25339,cellular,18,nov,80,2,-1,0,unknown
25340,telephone,18,nov,296,2,-1,0,unknown
25341,cellular,18,nov,218,2,-1,0,unknown
25342,cellular,18,nov,390,3,-1,0,unknown
25343,cellular,18,nov,271,5,-1,0,unknown
25344,telephone,18,nov,195,3,112,8,other
25345,cellular,18,nov,173,7,-1,0,unknown
25346,cellular,18,nov,583,2,-1,0,unknown
25347,cellular,18,nov,100,2,189,1,failure
25348,cellular,18,nov,150,4,-1,0,unknown
25349,cellular,18,nov,192,2,-1,0,unknown
25350,cellular,18,nov,185,4,152,11,other
25351,cellular,18,nov,411,3,8,1,failure
25352,telephone,18,nov,50,3,-1,0,unknown
25353,cellular,18,nov,163,2,110,15,failure
25354,cellular,18,nov,108,5,-1,0,unknown
25355,cellular,18,nov,167,5,-1,0,unknown
25356,cellular,18,nov,1014,3,-1,0,unknown
25357,cellular,18,nov,486,2,181,2,failure
25358,cellular,18,nov,160,3,-1,0,unknown
25359,cellular,18,nov,425,2,176,2,failure
25360,cellular,18,nov,84,2,-1,0,unknown
25361,cellular,18,nov,275,2,-1,0,unknown
25362,cellular,18,nov,920,2,-1,0,unknown
25363,cellular,18,nov,187,3,-1,0,unknown
25364,cellular,18,nov,476,2,124,1,failure
25365,cellular,18,nov,240,3,119,2,failure
25366,telephone,18,nov,33,4,-1,0,unknown
25367,cellular,18,nov,591,2,117,7,failure
25368,cellular,18,nov,77,3,-1,0,unknown
25369,cellular,18,nov,72,2,113,5,failure
25370,cellular,18,nov,203,3,-1,0,unknown
25371,cellular,18,nov,51,4,-1,0,unknown
25372,cellular,18,nov,157,2,-1,0,unknown
25373,cellular,18,nov,825,2,154,3,other
25374,cellular,18,nov,364,2,-1,0,unknown
25375,cellular,18,nov,233,2,-1,0,unknown
25376,cellular,18,nov,394,2,-1,0,unknown
25377,cellular,18,nov,342,2,120,4,failure
25378,telephone,18,nov,285,2,137,2,failure
25379,cellular,18,nov,65,1,-1,0,unknown
25380,cellular,18,nov,200,1,172,1,failure
25381,cellular,18,nov,62,6,-1,0,unknown
25382,cellular,18,nov,157,2,110,3,failure
25383,cellular,18,nov,39,2,127,3,failure
25384,telephone,18,nov,249,3,112,2,failure
25385,telephone,18,nov,40,1,-1,0,unknown
25386,cellular,18,nov,99,1,-1,0,unknown
25387,cellular,18,nov,189,1,144,5,failure
25388,cellular,18,nov,989,1,-1,0,unknown
25389,cellular,18,nov,379,1,-1,0,unknown
25390,telephone,18,nov,115,4,-1,0,unknown
25391,cellular,18,nov,437,1,-1,0,unknown
25392,cellular,18,nov,166,3,96,2,failure
25393,cellular,18,nov,105,5,188,2,failure
25394,cellular,18,nov,135,3,-1,0,unknown
25395,cellular,18,nov,188,2,-1,0,unknown
25396,telephone,18,nov,263,2,-1,0,unknown
25397,cellular,18,nov,459,3,-1,0,unknown
25398,cellular,18,nov,139,1,166,3,other
25399,cellular,18,nov,341,1,-1,0,unknown
25400,cellular,18,nov,247,1,-1,0,unknown
25401,cellular,18,nov,235,1,123,1,failure
25402,cellular,18,nov,105,1,-1,0,unknown
25403,cellular,18,nov,80,1,-1,0,unknown
25404,cellular,18,nov,180,1,186,6,failure
25405,cellular,18,nov,158,1,-1,0,unknown
25406,cellular,18,nov,111,1,-1,0,unknown
25407,cellular,18,nov,898,1,-1,0,unknown
25408,cellular,18,nov,246,1,162,1,failure
25409,cellular,18,nov,149,1,175,2,failure
25410,cellular,18,nov,83,2,144,1,failure
25411,cellular,18,nov,121,1,123,1,other
25412,cellular,18,nov,247,2,-1,0,unknown
25413,cellular,18,nov,173,1,-1,0,unknown
25414,cellular,18,nov,141,2,123,3,failure
25415,cellular,18,nov,193,4,102,2,failure
25416,cellular,18,nov,467,1,-1,0,unknown
25417,cellular,18,nov,1377,1,-1,0,unknown
25418,cellular,18,nov,1122,4,-1,0,unknown
25419,telephone,18,nov,176,4,-1,0,unknown
25420,cellular,18,nov,66,1,152,14,failure
25421,cellular,18,nov,106,1,-1,0,unknown
25422,cellular,18,nov,530,1,193,1,failure
25423,cellular,18,nov,110,1,123,1,other
25424,telephone,18,nov,366,3,110,2,failure
25425,telephone,18,nov,82,6,-1,0,unknown
25426,cellular,18,nov,129,2,-1,0,unknown
25427,cellular,18,nov,136,5,-1,0,unknown
25428,telephone,18,nov,251,4,-1,0,unknown
25429,cellular,18,nov,203,1,-1,0,unknown
25430,cellular,18,nov,543,1,-1,0,unknown
25431,telephone,18,nov,1476,3,-1,0,unknown
25432,cellular,18,nov,216,1,-1,0,unknown
25433,cellular,18,nov,25,1,-1,0,unknown
25434,cellular,18,nov,630,1,187,2,other
25435,cellular,18,nov,252,2,-1,0,unknown
25436,cellular,18,nov,288,1,-1,0,unknown
25437,telephone,18,nov,164,1,110,2,other
25438,cellular,18,nov,307,1,-1,0,unknown
25439,cellular,18,nov,679,1,-1,0,unknown
25440,cellular,18,nov,577,4,-1,0,unknown
25441,cellular,18,nov,400,1,-1,0,unknown
25442,cellular,18,nov,372,1,186,1,failure
25443,cellular,19,nov,90,2,-1,0,unknown
25444,cellular,19,nov,77,2,-1,0,unknown
25445,cellular,19,nov,139,3,-1,0,unknown
25446,cellular,19,nov,167,3,-1,0,unknown
25447,cellular,19,nov,427,3,-1,0,unknown
25448,telephone,19,nov,178,5,119,11,failure
25449,cellular,19,nov,308,5,-1,0,unknown
25450,cellular,19,nov,206,5,-1,0,unknown
25451,cellular,19,nov,89,1,-1,0,unknown
25452,cellular,19,nov,62,1,-1,0,unknown
25453,cellular,19,nov,308,4,-1,0,unknown
25454,cellular,19,nov,209,1,191,4,failure
25455,cellular,19,nov,56,2,-1,0,unknown
25456,telephone,19,nov,103,1,-1,0,unknown
25457,cellular,19,nov,366,3,-1,0,unknown
25458,cellular,19,nov,112,3,-1,0,unknown
25459,cellular,19,nov,98,2,-1,0,unknown
25460,cellular,19,nov,180,3,-1,0,unknown
25461,cellular,19,nov,697,2,184,3,failure
25462,cellular,19,nov,113,1,166,2,failure
25463,cellular,19,nov,84,3,-1,0,unknown
25464,cellular,19,nov,135,1,-1,0,unknown
25465,cellular,19,nov,299,1,-1,0,unknown
25466,cellular,19,nov,100,1,182,1,failure
25467,cellular,19,nov,819,3,-1,0,unknown
25468,cellular,19,nov,347,1,-1,0,unknown
25469,cellular,19,nov,126,1,-1,0,unknown
25470,cellular,19,nov,108,1,-1,0,unknown
25471,cellular,19,nov,511,1,-1,0,unknown
25472,cellular,19,nov,277,1,-1,0,unknown
25473,cellular,19,nov,101,1,-1,0,unknown
25474,cellular,19,nov,740,1,-1,0,unknown
25475,cellular,19,nov,146,1,-1,0,unknown
25476,cellular,19,nov,119,1,-1,0,unknown
25477,telephone,19,nov,142,4,169,5,failure
25478,cellular,19,nov,364,2,175,2,success
25479,cellular,19,nov,706,1,111,2,failure
25480,cellular,19,nov,43,1,111,2,other
25481,cellular,19,nov,375,1,-1,0,unknown
25482,cellular,19,nov,81,1,182,1,failure
25483,cellular,19,nov,370,1,-1,0,unknown
25484,cellular,19,nov,125,1,-1,0,unknown
25485,cellular,19,nov,147,1,170,1,failure
25486,cellular,19,nov,112,1,180,2,failure
25487,cellular,19,nov,280,1,-1,0,unknown
25488,cellular,19,nov,242,1,-1,0,unknown
25489,cellular,19,nov,184,2,182,2,failure
25490,cellular,19,nov,159,1,188,2,failure
25491,cellular,19,nov,140,1,182,1,failure
25492,cellular,19,nov,718,1,-1,0,unknown
25493,cellular,19,nov,199,1,-1,0,unknown
25494,cellular,19,nov,192,1,177,3,failure
25495,cellular,19,nov,310,4,-1,0,unknown
25496,cellular,19,nov,189,1,-1,0,unknown
25497,cellular,19,nov,60,3,-1,0,unknown
25498,cellular,19,nov,305,4,-1,0,unknown
25499,cellular,19,nov,167,4,-1,0,unknown
25500,cellular,19,nov,207,1,-1,0,unknown
25501,cellular,19,nov,104,1,-1,0,unknown
25502,cellular,19,nov,316,1,182,2,failure
25503,cellular,19,nov,133,1,170,3,failure
25504,cellular,19,nov,305,1,182,3,failure
25505,cellular,19,nov,210,1,168,2,other
25506,cellular,19,nov,577,1,-1,0,unknown
25507,cellular,19,nov,204,1,-1,0,unknown
25508,cellular,19,nov,126,1,-1,0,unknown
25509,cellular,19,nov,90,3,-1,0,unknown
25510,telephone,19,nov,137,4,111,3,failure
25511,cellular,19,nov,530,1,-1,0,unknown
25512,cellular,19,nov,400,1,-1,0,unknown
25513,cellular,19,nov,295,1,170,1,failure
25514,cellular,19,nov,76,1,-1,0,unknown
25515,cellular,19,nov,158,1,-1,0,unknown
25516,cellular,19,nov,58,1,-1,0,unknown
25517,cellular,19,nov,193,1,-1,0,unknown
25518,cellular,19,nov,187,1,-1,0,unknown
25519,cellular,19,nov,313,1,180,1,other
25520,cellular,19,nov,499,1,-1,0,unknown
25521,telephone,19,nov,125,1,-1,0,unknown
25522,cellular,19,nov,277,4,-1,0,unknown
25523,cellular,19,nov,194,1,-1,0,unknown
25524,cellular,19,nov,144,1,-1,0,unknown
25525,cellular,19,nov,192,1,5,1,success
25526,cellular,19,nov,210,2,-1,0,unknown
25527,telephone,19,nov,70,1,-1,0,unknown
25528,cellular,19,nov,162,1,-1,0,unknown
25529,cellular,19,nov,137,1,-1,0,unknown
25530,cellular,19,nov,140,1,99,2,failure
25531,cellular,19,nov,134,1,-1,0,unknown
25532,cellular,19,nov,67,1,-1,0,unknown
25533,cellular,19,nov,351,1,-1,0,unknown
25534,cellular,19,nov,143,1,154,3,failure
25535,cellular,19,nov,174,1,180,1,failure
25536,cellular,19,nov,70,2,111,2,failure
25537,cellular,19,nov,197,1,99,2,success
25538,cellular,19,nov,82,1,-1,0,unknown
25539,cellular,19,nov,311,1,-1,0,unknown
25540,cellular,19,nov,369,1,191,1,failure
25541,cellular,19,nov,114,1,183,3,other
25542,cellular,19,nov,130,1,120,2,failure
25543,cellular,19,nov,112,1,-1,0,unknown
25544,cellular,19,nov,136,1,120,1,failure
25545,cellular,19,nov,309,1,-1,0,unknown
25546,cellular,19,nov,289,1,-1,0,unknown
25547,cellular,19,nov,36,1,-1,0,unknown
25548,cellular,19,nov,145,1,-1,0,unknown
25549,cellular,19,nov,589,1,133,4,other
25550,cellular,19,nov,168,1,-1,0,unknown
25551,cellular,19,nov,493,1,-1,0,unknown
25552,cellular,19,nov,905,1,133,2,failure
25553,cellular,19,nov,265,2,-1,0,unknown
25554,cellular,19,nov,97,1,-1,0,unknown
25555,cellular,19,nov,418,1,168,1,success
25556,cellular,19,nov,244,1,154,8,other
25557,cellular,19,nov,682,1,-1,0,unknown
25558,cellular,19,nov,107,1,-1,0,unknown
25559,telephone,19,nov,161,1,-1,0,unknown
25560,cellular,19,nov,278,1,-1,0,unknown
25561,cellular,19,nov,1554,1,-1,0,unknown
25562,cellular,19,nov,820,1,-1,0,unknown
25563,cellular,19,nov,686,1,-1,0,unknown
25564,cellular,19,nov,73,5,-1,0,unknown
25565,cellular,19,nov,291,2,-1,0,unknown
25566,cellular,19,nov,286,2,-1,0,unknown
25567,cellular,19,nov,224,1,111,1,other
25568,cellular,19,nov,215,1,93,4,failure
25569,cellular,19,nov,110,1,93,5,failure
25570,cellular,19,nov,155,1,97,2,other
25571,cellular,19,nov,770,1,-1,0,unknown
25572,cellular,19,nov,441,1,-1,0,unknown
25573,cellular,19,nov,139,1,92,4,failure
25574,cellular,19,nov,648,1,-1,0,unknown
25575,cellular,19,nov,58,3,-1,0,unknown
25576,cellular,19,nov,902,2,-1,0,unknown
25577,cellular,19,nov,106,1,-1,0,unknown
25578,cellular,19,nov,94,1,170,1,other
25579,cellular,19,nov,106,1,155,3,failure
25580,cellular,19,nov,89,1,175,1,other
25581,telephone,19,nov,46,1,182,2,failure
25582,telephone,19,nov,72,1,-1,0,unknown
25583,cellular,19,nov,288,1,-1,0,unknown
25584,cellular,19,nov,68,1,-1,0,unknown
25585,cellular,19,nov,202,1,-1,0,unknown
25586,cellular,19,nov,37,1,-1,0,unknown
25587,cellular,19,nov,109,1,10,1,failure
25588,cellular,19,nov,336,1,-1,0,unknown
25589,cellular,19,nov,925,1,-1,0,unknown
25590,cellular,19,nov,239,1,-1,0,unknown
25591,cellular,19,nov,473,1,-1,0,unknown
25592,telephone,19,nov,111,1,-1,0,unknown
25593,cellular,19,nov,182,1,-1,0,unknown
25594,cellular,19,nov,298,1,170,2,failure
25595,cellular,19,nov,206,1,169,2,failure
25596,cellular,19,nov,183,1,-1,0,unknown
25597,cellular,19,nov,169,1,-1,0,unknown
25598,cellular,19,nov,808,1,-1,0,unknown
25599,cellular,19,nov,298,2,-1,0,unknown
25600,cellular,19,nov,108,1,-1,0,unknown
25601,cellular,19,nov,225,1,-1,0,unknown
25602,cellular,19,nov,86,1,-1,0,unknown
25603,cellular,19,nov,723,1,-1,0,unknown
25604,cellular,19,nov,175,1,180,2,failure
25605,cellular,19,nov,85,1,-1,0,unknown
25606,cellular,19,nov,154,1,-1,0,unknown
25607,cellular,19,nov,814,1,-1,0,unknown
25608,cellular,19,nov,133,2,180,1,other
25609,cellular,19,nov,103,1,-1,0,unknown
25610,cellular,19,nov,401,1,-1,0,unknown
25611,cellular,19,nov,1081,2,-1,0,unknown
25612,cellular,19,nov,217,1,-1,0,unknown
25613,cellular,19,nov,177,1,-1,0,unknown
25614,cellular,19,nov,291,1,-1,0,unknown
25615,telephone,19,nov,53,1,-1,0,unknown
25616,cellular,19,nov,157,1,-1,0,unknown
25617,cellular,19,nov,375,1,125,1,failure
25618,cellular,19,nov,46,2,91,3,failure
25619,cellular,19,nov,630,1,-1,0,unknown
25620,cellular,19,nov,426,2,189,6,failure
25621,telephone,19,nov,125,3,-1,0,unknown
25622,cellular,19,nov,361,1,-1,0,unknown
25623,cellular,19,nov,185,2,180,1,failure
25624,cellular,19,nov,582,1,-1,0,unknown
25625,cellular,19,nov,466,1,-1,0,unknown
25626,telephone,19,nov,123,1,-1,0,unknown
25627,cellular,19,nov,1084,1,100,4,failure
25628,cellular,19,nov,44,4,-1,0,unknown
25629,cellular,19,nov,76,6,-1,0,unknown
25630,cellular,19,nov,79,3,-1,0,unknown
25631,cellular,19,nov,164,2,-1,0,unknown
25632,cellular,19,nov,149,2,-1,0,unknown
25633,cellular,19,nov,51,2,-1,0,unknown
25634,cellular,19,nov,164,2,-1,0,unknown
25635,cellular,19,nov,102,2,-1,0,unknown
25636,telephone,19,nov,111,2,156,1,failure
25637,cellular,19,nov,442,2,113,3,failure
25638,cellular,19,nov,256,3,-1,0,unknown
25639,cellular,19,nov,210,2,-1,0,unknown
25640,cellular,19,nov,233,2,-1,0,unknown
25641,cellular,19,nov,130,1,-1,0,unknown
25642,cellular,19,nov,248,1,-1,0,unknown
25643,cellular,19,nov,39,1,-1,0,unknown
25644,cellular,19,nov,419,5,-1,0,unknown
25645,cellular,19,nov,479,1,-1,0,unknown
25646,cellular,19,nov,249,1,-1,0,unknown
25647,cellular,19,nov,214,1,-1,0,unknown
25648,cellular,19,nov,128,1,-1,0,unknown
25649,telephone,19,nov,117,1,-1,0,unknown
25650,cellular,19,nov,198,1,-1,0,unknown
25651,cellular,19,nov,202,2,-1,0,unknown
25652,cellular,19,nov,206,2,-1,0,unknown
25653,cellular,19,nov,201,1,113,2,other
25654,cellular,19,nov,171,1,-1,0,unknown
25655,cellular,19,nov,144,1,-1,0,unknown
25656,telephone,19,nov,100,1,-1,0,unknown
25657,cellular,19,nov,75,2,177,5,failure
25658,cellular,19,nov,140,2,-1,0,unknown
25659,cellular,19,nov,212,3,-1,0,unknown
25660,cellular,19,nov,219,2,-1,0,unknown
25661,cellular,19,nov,1015,1,198,2,other
25662,cellular,19,nov,489,3,-1,0,unknown
25663,cellular,19,nov,122,2,-1,0,unknown
25664,cellular,19,nov,442,1,-1,0,unknown
25665,cellular,19,nov,75,1,-1,0,unknown
25666,cellular,19,nov,46,1,-1,0,unknown
25667,cellular,19,nov,59,1,-1,0,unknown
25668,cellular,19,nov,94,1,-1,0,unknown
25669,cellular,19,nov,66,1,-1,0,unknown
25670,cellular,19,nov,79,1,-1,0,unknown
25671,cellular,19,nov,115,1,-1,0,unknown
25672,cellular,19,nov,698,1,-1,0,unknown
25673,cellular,19,nov,108,1,-1,0,unknown
25674,cellular,19,nov,694,2,-1,0,unknown
25675,telephone,19,nov,20,1,177,1,failure
25676,cellular,19,nov,52,1,152,6,failure
25677,cellular,19,nov,242,1,-1,0,unknown
25678,cellular,19,nov,308,1,195,9,failure
25679,cellular,19,nov,640,1,-1,0,unknown
25680,telephone,19,nov,274,1,-1,0,unknown
25681,cellular,19,nov,84,1,-1,0,unknown
25682,cellular,19,nov,631,1,-1,0,unknown
25683,cellular,19,nov,244,1,-1,0,unknown
25684,cellular,19,nov,268,1,-1,0,unknown
25685,cellular,19,nov,186,2,-1,0,unknown
25686,cellular,19,nov,352,4,-1,0,unknown
25687,cellular,19,nov,325,2,-1,0,unknown
25688,cellular,19,nov,340,2,-1,0,unknown
25689,cellular,19,nov,100,1,106,1,failure
25690,cellular,19,nov,145,2,-1,0,unknown
25691,cellular,19,nov,72,1,-1,0,unknown
25692,cellular,19,nov,853,1,-1,0,unknown
25693,cellular,19,nov,190,1,-1,0,unknown
25694,cellular,19,nov,200,1,-1,0,unknown
25695,cellular,19,nov,127,1,-1,0,unknown
25696,cellular,19,nov,388,3,-1,0,unknown
25697,cellular,19,nov,498,1,-1,0,unknown
25698,cellular,19,nov,149,2,175,1,failure
25699,cellular,19,nov,171,1,183,1,failure
25700,cellular,19,nov,100,1,117,8,success
25701,cellular,19,nov,561,1,-1,0,unknown
25702,cellular,19,nov,138,1,117,1,other
25703,cellular,19,nov,636,1,-1,0,unknown
25704,cellular,19,nov,357,1,-1,0,unknown
25705,cellular,19,nov,118,1,-1,0,unknown
25706,cellular,19,nov,402,1,184,5,failure
25707,cellular,19,nov,154,1,-1,0,unknown
25708,cellular,19,nov,68,1,-1,0,unknown
25709,cellular,19,nov,289,3,-1,0,unknown
25710,telephone,19,nov,66,2,-1,0,unknown
25711,cellular,19,nov,87,2,-1,0,unknown
25712,cellular,19,nov,661,1,-1,0,unknown
25713,cellular,19,nov,270,1,-1,0,unknown
25714,cellular,19,nov,74,1,152,1,success
25715,cellular,19,nov,60,1,-1,0,unknown
25716,cellular,19,nov,103,3,166,2,failure
25717,cellular,19,nov,258,1,105,4,failure
25718,cellular,19,nov,222,1,-1,0,unknown
25719,cellular,19,nov,132,1,-1,0,unknown
25720,cellular,19,nov,122,2,-1,0,unknown
25721,cellular,19,nov,62,3,190,4,success
25722,cellular,19,nov,292,3,-1,0,unknown
25723,cellular,19,nov,621,2,-1,0,unknown
25724,cellular,19,nov,93,1,-1,0,unknown
25725,cellular,19,nov,40,1,-1,0,unknown
25726,cellular,19,nov,190,1,-1,0,unknown
25727,cellular,19,nov,63,1,-1,0,unknown
25728,cellular,19,nov,141,2,111,10,failure
25729,cellular,19,nov,424,2,182,1,other
25730,cellular,19,nov,198,3,-1,0,unknown
25731,cellular,19,nov,122,2,-1,0,unknown
25732,cellular,19,nov,998,1,-1,0,unknown
25733,cellular,19,nov,405,2,-1,0,unknown
25734,cellular,19,nov,50,1,-1,0,unknown
25735,cellular,19,nov,50,1,-1,0,unknown
25736,cellular,19,nov,291,1,-1,0,unknown
25737,cellular,19,nov,137,1,-1,0,unknown
25738,cellular,19,nov,152,2,-1,0,unknown
25739,cellular,19,nov,1057,1,-1,0,unknown
25740,cellular,19,nov,64,1,-1,0,unknown
25741,cellular,19,nov,87,2,111,1,failure
25742,cellular,19,nov,196,1,-1,0,unknown
25743,cellular,19,nov,161,2,-1,0,unknown
25744,cellular,19,nov,69,1,190,1,other
25745,cellular,19,nov,98,1,153,2,failure
25746,cellular,19,nov,157,1,-1,0,unknown
25747,cellular,19,nov,155,1,-1,0,unknown
25748,cellular,19,nov,341,1,-1,0,unknown
25749,cellular,19,nov,332,1,183,1,failure
25750,cellular,19,nov,187,1,152,2,failure
25751,cellular,19,nov,126,2,-1,0,unknown
25752,cellular,19,nov,187,6,188,9,failure
25753,cellular,19,nov,281,3,-1,0,unknown
25754,cellular,19,nov,59,1,174,1,failure
25755,cellular,19,nov,37,1,174,1,failure
25756,cellular,19,nov,138,1,-1,0,unknown
25757,cellular,19,nov,141,2,-1,0,unknown
25758,cellular,19,nov,136,1,167,1,failure
25759,telephone,19,nov,140,1,119,2,failure
25760,cellular,19,nov,274,2,-1,0,unknown
25761,cellular,19,nov,135,1,-1,0,unknown
25762,cellular,19,nov,966,1,-1,0,unknown
25763,cellular,19,nov,169,1,189,2,other
25764,cellular,19,nov,202,1,-1,0,unknown
25765,cellular,19,nov,205,2,113,2,failure
25766,cellular,19,nov,83,1,152,4,failure
25767,cellular,19,nov,113,1,174,4,other
25768,cellular,19,nov,114,1,-1,0,unknown
25769,telephone,19,nov,60,2,-1,0,unknown
25770,cellular,19,nov,161,1,-1,0,unknown
25771,cellular,19,nov,128,1,-1,0,unknown
25772,cellular,19,nov,134,1,-1,0,unknown
25773,cellular,19,nov,87,1,-1,0,unknown
25774,cellular,19,nov,149,1,-1,0,unknown
25775,cellular,19,nov,152,1,-1,0,unknown
25776,cellular,19,nov,321,1,-1,0,unknown
25777,cellular,19,nov,131,1,126,7,failure
25778,cellular,19,nov,68,1,-1,0,unknown
25779,cellular,19,nov,50,1,-1,0,unknown
25780,telephone,19,nov,265,1,127,4,other
25781,cellular,19,nov,565,1,112,4,failure
25782,cellular,19,nov,243,1,174,2,failure
25783,cellular,19,nov,968,1,-1,0,unknown
25784,cellular,19,nov,416,2,-1,0,unknown
25785,cellular,19,nov,17,5,198,1,failure
25786,cellular,19,nov,537,3,-1,0,unknown
25787,cellular,19,nov,105,1,146,1,failure
25788,cellular,19,nov,581,2,-1,0,unknown
25789,cellular,19,nov,1548,1,153,1,other
25790,cellular,19,nov,150,1,174,1,failure
25791,cellular,19,nov,131,1,-1,0,unknown
25792,cellular,19,nov,210,1,-1,0,unknown
25793,cellular,19,nov,97,1,-1,0,unknown
25794,cellular,19,nov,124,2,-1,0,unknown
25795,cellular,19,nov,742,1,-1,0,unknown
25796,cellular,19,nov,360,1,153,2,other
25797,cellular,19,nov,96,1,-1,0,unknown
25798,cellular,19,nov,164,2,195,1,other
25799,cellular,19,nov,70,1,-1,0,unknown
25800,cellular,19,nov,57,1,-1,0,unknown
25801,cellular,19,nov,89,1,-1,0,unknown
25802,cellular,19,nov,117,1,-1,0,unknown
25803,cellular,19,nov,414,3,-1,0,unknown
25804,cellular,19,nov,193,2,-1,0,unknown
25805,cellular,19,nov,168,1,-1,0,unknown
25806,cellular,19,nov,111,1,-1,0,unknown
25807,cellular,19,nov,227,1,-1,0,unknown
25808,cellular,19,nov,76,1,-1,0,unknown
25809,cellular,19,nov,136,1,-1,0,unknown
25810,cellular,19,nov,755,1,-1,0,unknown
25811,cellular,19,nov,514,1,-1,0,unknown
25812,cellular,19,nov,482,3,120,2,failure
25813,cellular,19,nov,101,1,-1,0,unknown
25814,cellular,19,nov,77,2,128,3,failure
25815,cellular,19,nov,85,2,-1,0,unknown
25816,cellular,19,nov,779,2,175,1,failure
25817,cellular,19,nov,190,1,128,3,failure
25818,cellular,19,nov,435,2,-1,0,unknown
25819,cellular,19,nov,198,1,-1,0,unknown
25820,cellular,19,nov,299,3,-1,0,unknown
25821,cellular,19,nov,130,1,-1,0,unknown
25822,cellular,19,nov,116,5,-1,0,unknown
25823,cellular,19,nov,19,5,-1,0,unknown
25824,telephone,19,nov,319,1,-1,0,unknown
25825,cellular,19,nov,1283,1,-1,0,unknown
25826,telephone,19,nov,62,1,-1,0,unknown
25827,cellular,19,nov,111,1,-1,0,unknown
25828,cellular,19,nov,148,1,-1,0,unknown
25829,cellular,19,nov,172,1,118,2,failure
25830,cellular,19,nov,186,1,-1,0,unknown
25831,cellular,19,nov,164,1,-1,0,unknown
25832,cellular,19,nov,220,2,-1,0,unknown
25833,cellular,19,nov,296,1,-1,0,unknown
25834,cellular,19,nov,178,1,112,2,failure
25835,cellular,19,nov,547,7,-1,0,unknown
25836,cellular,19,nov,267,2,-1,0,unknown
25837,cellular,19,nov,231,2,-1,0,unknown
25838,cellular,19,nov,161,1,-1,0,unknown
25839,cellular,19,nov,59,2,153,2,failure
25840,cellular,19,nov,384,1,183,1,failure
25841,cellular,19,nov,477,1,-1,0,unknown
25842,cellular,19,nov,149,1,170,2,failure
25843,cellular,19,nov,59,1,-1,0,unknown
25844,cellular,19,nov,125,2,-1,0,unknown
25845,cellular,19,nov,522,1,174,1,success
25846,cellular,19,nov,180,1,111,2,failure
25847,telephone,19,nov,201,1,-1,0,unknown
25848,cellular,19,nov,230,1,-1,0,unknown
25849,cellular,19,nov,98,1,-1,0,unknown
25850,cellular,19,nov,73,1,-1,0,unknown
25851,cellular,19,nov,391,2,-1,0,unknown
25852,cellular,19,nov,126,2,-1,0,unknown
25853,cellular,19,nov,147,1,-1,0,unknown
25854,cellular,19,nov,265,1,-1,0,unknown
25855,cellular,19,nov,67,3,-1,0,unknown
25856,cellular,19,nov,136,2,180,2,failure
25857,cellular,19,nov,350,1,-1,0,unknown
25858,cellular,19,nov,174,1,174,1,failure
25859,cellular,19,nov,299,2,-1,0,unknown
25860,cellular,19,nov,181,1,-1,0,unknown
25861,cellular,19,nov,101,1,-1,0,unknown
25862,cellular,19,nov,392,3,-1,0,unknown
25863,telephone,19,nov,21,1,-1,0,unknown
25864,cellular,19,nov,236,1,-1,0,unknown
25865,cellular,19,nov,185,1,-1,0,unknown
25866,cellular,19,nov,50,1,-1,0,unknown
25867,cellular,19,nov,127,1,111,2,failure
25868,cellular,19,nov,259,1,111,2,failure
25869,cellular,19,nov,418,2,-1,0,unknown
25870,cellular,19,nov,295,1,111,2,failure
25871,cellular,19,nov,138,1,-1,0,unknown
25872,cellular,19,nov,124,2,-1,0,unknown
25873,cellular,19,nov,146,1,-1,0,unknown
25874,cellular,19,nov,145,1,-1,0,unknown
25875,cellular,19,nov,166,1,-1,0,unknown
25876,cellular,19,nov,69,2,-1,0,unknown
25877,cellular,19,nov,276,2,-1,0,unknown
25878,cellular,19,nov,277,1,-1,0,unknown
25879,cellular,19,nov,194,2,152,2,failure
25880,cellular,19,nov,175,1,-1,0,unknown
25881,cellular,19,nov,117,1,-1,0,unknown
25882,cellular,19,nov,1502,1,-1,0,unknown
25883,cellular,19,nov,134,1,-1,0,unknown
25884,cellular,19,nov,117,2,-1,0,unknown
25885,cellular,19,nov,161,2,-1,0,unknown
25886,cellular,19,nov,195,2,-1,0,unknown
25887,cellular,19,nov,353,2,-1,0,unknown
25888,cellular,19,nov,25,1,-1,0,unknown
25889,cellular,19,nov,175,1,183,1,failure
25890,cellular,19,nov,55,1,-1,0,unknown
25891,cellular,19,nov,77,1,-1,0,unknown
25892,cellular,19,nov,98,1,-1,0,unknown
25893,cellular,19,nov,208,1,-1,0,unknown
25894,cellular,19,nov,131,1,-1,0,unknown
25895,telephone,19,nov,47,1,-1,0,unknown
25896,cellular,19,nov,286,1,-1,0,unknown
25897,cellular,19,nov,690,3,-1,0,unknown
25898,cellular,19,nov,93,1,189,8,failure
25899,cellular,19,nov,570,1,-1,0,unknown
25900,cellular,19,nov,456,2,-1,0,unknown
25901,cellular,19,nov,472,1,-1,0,unknown
25902,telephone,19,nov,385,1,-1,0,unknown
25903,cellular,19,nov,250,1,-1,0,unknown
25904,cellular,19,nov,164,3,-1,0,unknown
25905,cellular,19,nov,234,1,166,3,failure
25906,cellular,19,nov,177,1,-1,0,unknown
25907,cellular,19,nov,50,1,-1,0,unknown
25908,cellular,19,nov,457,2,-1,0,unknown
25909,telephone,19,nov,623,1,175,1,other
25910,cellular,19,nov,20,4,-1,0,unknown
25911,cellular,19,nov,1206,2,-1,0,unknown
25912,cellular,19,nov,559,1,169,2,failure
25913,cellular,19,nov,21,10,-1,0,unknown
25914,cellular,19,nov,12,6,-1,0,unknown
25915,cellular,19,nov,94,1,-1,0,unknown
25916,cellular,19,nov,1065,1,183,1,other
25917,telephone,19,nov,401,1,-1,0,unknown
25918,cellular,19,nov,50,2,-1,0,unknown
25919,cellular,19,nov,90,2,198,1,failure
25920,cellular,19,nov,286,3,-1,0,unknown
25921,cellular,19,nov,342,2,-1,0,unknown
25922,cellular,19,nov,394,2,-1,0,unknown
25923,cellular,19,nov,63,1,-1,0,unknown
25924,cellular,19,nov,73,1,-1,0,unknown
25925,cellular,19,nov,337,1,-1,0,unknown
25926,cellular,19,nov,171,2,183,1,failure
25927,cellular,19,nov,418,1,-1,0,unknown
25928,cellular,19,nov,434,1,-1,0,unknown
25929,cellular,19,nov,54,1,-1,0,unknown
25930,cellular,19,nov,37,1,-1,0,unknown
25931,cellular,19,nov,104,1,131,2,failure
25932,cellular,19,nov,1265,3,-1,0,unknown
25933,cellular,19,nov,251,1,183,2,failure
25934,cellular,19,nov,485,1,-1,0,unknown
25935,cellular,19,nov,328,1,-1,0,unknown
25936,cellular,19,nov,108,1,-1,0,unknown
25937,cellular,19,nov,88,1,166,1,failure
25938,cellular,19,nov,118,1,-1,0,unknown
25939,cellular,19,nov,520,1,-1,0,unknown
25940,cellular,19,nov,501,2,-1,0,unknown
25941,cellular,19,nov,408,1,183,1,failure
25942,cellular,19,nov,77,1,-1,0,unknown
25943,cellular,19,nov,122,1,-1,0,unknown
25944,cellular,19,nov,62,1,-1,0,unknown
25945,cellular,19,nov,359,2,152,5,failure
25946,cellular,19,nov,178,1,170,2,failure
25947,cellular,19,nov,640,1,127,5,failure
25948,cellular,19,nov,589,2,-1,0,unknown
25949,telephone,19,nov,433,1,113,1,failure
25950,cellular,19,nov,551,1,183,1,failure
25951,cellular,19,nov,662,2,-1,0,unknown
25952,cellular,19,nov,122,2,-1,0,unknown
25953,cellular,19,nov,254,1,-1,0,unknown
25954,cellular,19,nov,236,1,-1,0,unknown
25955,cellular,19,nov,70,1,174,2,other
25956,cellular,19,nov,216,2,-1,0,unknown
25957,cellular,19,nov,541,1,-1,0,unknown
25958,cellular,19,nov,191,1,180,4,failure
25959,cellular,19,nov,300,1,-1,0,unknown
25960,cellular,19,nov,138,5,-1,0,unknown
25961,cellular,19,nov,362,3,-1,0,unknown
25962,telephone,19,nov,377,3,7,4,success
25963,cellular,19,nov,54,1,-1,0,unknown
25964,cellular,19,nov,47,1,133,1,failure
25965,cellular,19,nov,644,4,-1,0,unknown
25966,telephone,19,nov,88,1,189,1,failure
25967,cellular,19,nov,625,1,-1,0,unknown
25968,cellular,19,nov,120,2,119,4,failure
25969,telephone,19,nov,154,2,-1,0,unknown
25970,cellular,19,nov,156,2,-1,0,unknown
25971,cellular,19,nov,87,2,-1,0,unknown
25972,cellular,19,nov,616,2,-1,0,unknown
25973,telephone,19,nov,202,2,184,2,failure
25974,cellular,19,nov,273,2,-1,0,unknown
25975,cellular,19,nov,223,2,-1,0,unknown
25976,cellular,19,nov,382,2,174,1,other
25977,cellular,19,nov,278,3,-1,0,unknown
25978,cellular,19,nov,146,2,-1,0,unknown
25979,cellular,19,nov,1792,2,-1,0,unknown
25980,cellular,19,nov,596,3,-1,0,unknown
25981,cellular,19,nov,294,2,-1,0,unknown
25982,cellular,19,nov,457,2,-1,0,unknown
25983,cellular,19,nov,1662,3,-1,0,unknown
25984,cellular,19,nov,783,3,195,2,other
25985,cellular,19,nov,115,2,-1,0,unknown
25986,cellular,19,nov,101,2,104,4,failure
25987,cellular,19,nov,223,2,-1,0,unknown
25988,cellular,19,nov,100,3,-1,0,unknown
25989,cellular,19,nov,73,2,145,3,failure
25990,cellular,19,nov,163,2,-1,0,unknown
25991,cellular,19,nov,107,3,-1,0,unknown
25992,cellular,19,nov,70,3,-1,0,unknown
25993,cellular,19,nov,258,2,-1,0,unknown
25994,cellular,19,nov,136,3,-1,0,unknown
25995,telephone,19,nov,498,4,-1,0,unknown
25996,cellular,19,nov,162,4,-1,0,unknown
25997,cellular,19,nov,282,2,-1,0,unknown
25998,cellular,19,nov,544,3,-1,0,unknown
25999,cellular,19,nov,184,2,-1,0,unknown
26000,cellular,19,nov,223,4,-1,0,unknown
26001,cellular,19,nov,523,2,-1,0,unknown
26002,cellular,19,nov,104,3,-1,0,unknown
26003,cellular,19,nov,178,3,183,2,other
26004,cellular,19,nov,433,2,-1,0,unknown
26005,cellular,19,nov,174,2,-1,0,unknown
26006,cellular,19,nov,188,2,121,2,success
26007,cellular,19,nov,354,2,-1,0,unknown
26008,cellular,19,nov,231,4,-1,0,unknown
26009,cellular,19,nov,130,3,188,2,other
26010,cellular,19,nov,111,2,-1,0,unknown
26011,cellular,19,nov,130,2,160,1,failure
26012,cellular,19,nov,374,2,-1,0,unknown
26013,telephone,19,nov,95,3,-1,0,unknown
26014,cellular,19,nov,191,2,175,1,failure
26015,cellular,19,nov,680,2,111,6,failure
26016,cellular,19,nov,193,2,-1,0,unknown
26017,cellular,19,nov,363,2,-1,0,unknown
26018,cellular,19,nov,1468,3,-1,0,unknown
26019,cellular,19,nov,371,2,-1,0,unknown
26020,cellular,19,nov,221,2,190,2,failure
26021,cellular,19,nov,188,5,-1,0,unknown
26022,cellular,19,nov,59,2,-1,0,unknown
26023,cellular,19,nov,314,3,-1,0,unknown
26024,cellular,19,nov,85,5,-1,0,unknown
26025,cellular,19,nov,584,2,-1,0,unknown
26026,cellular,19,nov,140,3,-1,0,unknown
26027,cellular,19,nov,635,3,170,2,failure
26028,cellular,19,nov,709,2,-1,0,unknown
26029,cellular,19,nov,223,3,-1,0,unknown
26030,cellular,19,nov,108,4,173,1,failure
26031,cellular,19,nov,449,2,-1,0,unknown
26032,cellular,19,nov,53,2,-1,0,unknown
26033,cellular,19,nov,151,2,-1,0,unknown
26034,cellular,19,nov,287,3,117,2,other
26035,cellular,19,nov,105,2,133,3,failure
26036,cellular,19,nov,266,2,-1,0,unknown
26037,cellular,19,nov,154,2,-1,0,unknown
26038,cellular,19,nov,209,2,180,1,other
26039,cellular,19,nov,221,5,-1,0,unknown
26040,cellular,19,nov,172,3,-1,0,unknown
26041,cellular,19,nov,356,2,-1,0,unknown
26042,cellular,19,nov,259,2,-1,0,unknown
26043,cellular,19,nov,1184,3,160,1,failure
26044,cellular,19,nov,1102,3,-1,0,unknown
26045,telephone,19,nov,121,2,-1,0,unknown
26046,cellular,19,nov,222,3,174,1,failure
26047,cellular,19,nov,1337,4,126,1,failure
26048,cellular,19,nov,307,3,-1,0,unknown
26049,telephone,19,nov,178,2,-1,0,unknown
26050,cellular,19,nov,1307,3,173,6,failure
26051,cellular,19,nov,93,3,111,3,failure
26052,cellular,19,nov,225,5,-1,0,unknown
26053,cellular,19,nov,515,5,-1,0,unknown
26054,cellular,19,nov,312,3,-1,0,unknown
26055,telephone,19,nov,207,2,153,1,failure
26056,cellular,19,nov,117,2,-1,0,unknown
26057,cellular,19,nov,299,4,107,2,failure
26058,cellular,19,nov,67,2,90,6,failure
26059,cellular,19,nov,676,2,-1,0,unknown
26060,cellular,19,nov,300,5,170,3,failure
26061,cellular,19,nov,611,2,175,12,other
26062,telephone,19,nov,52,2,-1,0,unknown
26063,cellular,19,nov,130,2,-1,0,unknown
26064,cellular,19,nov,275,3,-1,0,unknown
26065,cellular,19,nov,188,2,-1,0,unknown
26066,cellular,19,nov,220,2,-1,0,unknown
26067,cellular,19,nov,143,3,-1,0,unknown
26068,telephone,19,nov,46,2,-1,0,unknown
26069,telephone,19,nov,214,2,174,2,success
26070,cellular,19,nov,158,4,-1,0,unknown
26071,cellular,19,nov,307,2,-1,0,unknown
26072,cellular,19,nov,37,2,-1,0,unknown
26073,cellular,19,nov,194,2,170,3,failure
26074,cellular,19,nov,85,2,-1,0,unknown
26075,cellular,19,nov,207,2,-1,0,unknown
26076,telephone,19,nov,475,2,-1,0,unknown
26077,telephone,19,nov,196,3,117,3,failure
26078,telephone,19,nov,590,2,-1,0,unknown
26079,cellular,19,nov,228,3,-1,0,unknown
26080,cellular,19,nov,782,2,-1,0,unknown
26081,cellular,19,nov,322,3,-1,0,unknown
26082,cellular,19,nov,1435,3,99,5,failure
26083,cellular,19,nov,332,4,-1,0,unknown
26084,cellular,19,nov,214,2,-1,0,unknown
26085,cellular,19,nov,501,4,-1,0,unknown
26086,cellular,19,nov,330,2,-1,0,unknown
26087,telephone,19,nov,89,3,-1,0,unknown
26088,cellular,19,nov,193,3,-1,0,unknown
26089,cellular,19,nov,135,4,-1,0,unknown
26090,cellular,19,nov,162,2,-1,0,unknown
26091,cellular,19,nov,214,3,-1,0,unknown
26092,cellular,19,nov,575,6,-1,0,unknown
26093,cellular,19,nov,303,3,-1,0,unknown
26094,cellular,19,nov,64,7,-1,0,unknown
26095,cellular,19,nov,245,4,-1,0,unknown
26096,cellular,19,nov,146,3,111,7,failure
26097,cellular,19,nov,291,2,-1,0,unknown
26098,cellular,19,nov,182,2,-1,0,unknown
26099,cellular,19,nov,186,5,-1,0,unknown
26100,cellular,19,nov,639,2,27,1,success
26101,cellular,19,nov,380,2,167,3,other
26102,cellular,19,nov,314,2,124,1,failure
26103,cellular,19,nov,206,3,-1,0,unknown
26104,cellular,19,nov,556,3,-1,0,unknown
26105,telephone,19,nov,519,2,-1,0,unknown
26106,cellular,19,nov,99,2,-1,0,unknown
26107,cellular,19,nov,209,3,-1,0,unknown
26108,cellular,19,nov,131,3,133,3,failure
26109,telephone,19,nov,44,2,-1,0,unknown
26110,cellular,19,nov,1720,3,-1,0,unknown
26111,cellular,19,nov,71,4,-1,0,unknown
26112,cellular,19,nov,126,2,174,1,failure
26113,cellular,19,nov,70,4,-1,0,unknown
26114,cellular,19,nov,323,2,-1,0,unknown
26115,cellular,19,nov,168,2,153,1,other
26116,cellular,19,nov,596,2,-1,0,unknown
26117,cellular,19,nov,517,2,187,3,failure
26118,cellular,19,nov,208,2,-1,0,unknown
26119,cellular,19,nov,145,3,-1,0,unknown
26120,cellular,19,nov,52,3,-1,0,unknown
26121,cellular,19,nov,11,3,166,3,other
26122,cellular,19,nov,206,5,-1,0,unknown
26123,cellular,19,nov,107,2,-1,0,unknown
26124,cellular,19,nov,54,7,-1,0,unknown
26125,cellular,19,nov,107,2,-1,0,unknown
26126,cellular,19,nov,102,2,-1,0,unknown
26127,cellular,19,nov,201,2,174,3,success
26128,cellular,19,nov,111,5,-1,0,unknown
26129,cellular,19,nov,844,2,-1,0,unknown
26130,telephone,19,nov,278,7,-1,0,unknown
26131,cellular,19,nov,255,6,189,1,other
26132,cellular,19,nov,599,4,100,2,failure
26133,cellular,19,nov,339,3,-1,0,unknown
26134,cellular,19,nov,800,6,-1,0,unknown
26135,cellular,19,nov,854,2,170,3,other
26136,cellular,19,nov,635,6,-1,0,unknown
26137,unknown,20,nov,14,7,112,4,other
26138,telephone,20,nov,72,3,-1,0,unknown
26139,cellular,20,nov,274,2,-1,0,unknown
26140,cellular,20,nov,82,3,-1,0,unknown
26141,cellular,20,nov,291,2,-1,0,unknown
26142,cellular,20,nov,97,2,-1,0,unknown
26143,telephone,20,nov,132,3,-1,0,unknown
26144,telephone,20,nov,88,2,147,4,failure
26145,telephone,20,nov,36,3,-1,0,unknown
26146,cellular,20,nov,161,7,-1,0,unknown
26147,cellular,20,nov,77,2,-1,0,unknown
26148,cellular,20,nov,348,3,-1,0,unknown
26149,cellular,20,nov,80,5,198,2,failure
26150,cellular,20,nov,143,6,-1,0,unknown
26151,cellular,20,nov,366,6,-1,0,unknown
26152,cellular,20,nov,298,2,171,3,success
26153,telephone,20,nov,179,6,-1,0,unknown
26154,cellular,20,nov,51,7,-1,0,unknown
26155,cellular,20,nov,75,2,119,2,success
26156,cellular,20,nov,118,3,-1,0,unknown
26157,cellular,20,nov,57,2,-1,0,unknown
26158,cellular,20,nov,37,2,-1,0,unknown
26159,cellular,20,nov,632,2,-1,0,unknown
26160,cellular,20,nov,48,2,-1,0,unknown
26161,cellular,20,nov,343,2,-1,0,unknown
26162,cellular,20,nov,48,3,-1,0,unknown
26163,cellular,20,nov,91,2,184,1,other
26164,cellular,20,nov,42,7,-1,0,unknown
26165,cellular,20,nov,518,2,-1,0,unknown
26166,cellular,20,nov,340,2,-1,0,unknown
26167,cellular,20,nov,379,2,-1,0,unknown
26168,telephone,20,nov,114,2,-1,0,unknown
26169,cellular,20,nov,286,6,191,2,failure
26170,cellular,20,nov,125,1,183,4,failure
26171,cellular,20,nov,77,3,-1,0,unknown
26172,telephone,20,nov,21,1,-1,0,unknown
26173,cellular,20,nov,186,1,-1,0,unknown
26174,cellular,20,nov,136,1,-1,0,unknown
26175,cellular,20,nov,145,1,-1,0,unknown
26176,cellular,20,nov,179,1,197,1,failure
26177,cellular,20,nov,834,3,-1,0,unknown
26178,cellular,20,nov,26,5,171,2,failure
26179,cellular,20,nov,459,1,-1,0,unknown
26180,cellular,20,nov,997,2,-1,0,unknown
26181,cellular,20,nov,284,1,-1,0,unknown
26182,cellular,20,nov,209,3,-1,0,unknown
26183,telephone,20,nov,281,2,-1,0,unknown
26184,cellular,20,nov,125,1,-1,0,unknown
26185,cellular,20,nov,149,3,-1,0,unknown
26186,cellular,20,nov,308,1,-1,0,unknown
26187,cellular,20,nov,373,1,-1,0,unknown
26188,cellular,20,nov,100,1,-1,0,unknown
26189,telephone,20,nov,66,1,-1,0,unknown
26190,cellular,20,nov,392,2,106,2,success
26191,cellular,20,nov,291,1,-1,0,unknown
26192,cellular,20,nov,276,1,128,2,failure
26193,cellular,20,nov,477,1,-1,0,unknown
26194,cellular,20,nov,68,1,136,4,failure
26195,cellular,20,nov,86,1,-1,0,unknown
26196,cellular,20,nov,142,2,174,2,failure
26197,cellular,20,nov,49,1,-1,0,unknown
26198,cellular,20,nov,184,1,-1,0,unknown
26199,cellular,20,nov,251,1,-1,0,unknown
26200,cellular,20,nov,137,1,-1,0,unknown
26201,telephone,20,nov,25,8,-1,0,unknown
26202,cellular,20,nov,370,1,184,1,failure
26203,cellular,20,nov,116,1,-1,0,unknown
26204,cellular,20,nov,68,1,-1,0,unknown
26205,cellular,20,nov,271,1,184,1,failure
26206,cellular,20,nov,358,1,184,1,failure
26207,cellular,20,nov,68,1,101,4,other
26208,cellular,20,nov,670,1,-1,0,unknown
26209,cellular,20,nov,428,1,-1,0,unknown
26210,cellular,20,nov,366,4,-1,0,unknown
26211,cellular,20,nov,322,1,-1,0,unknown
26212,cellular,20,nov,140,1,-1,0,unknown
26213,cellular,20,nov,157,1,189,4,failure
26214,cellular,20,nov,408,1,-1,0,unknown
26215,cellular,20,nov,125,1,167,2,failure
26216,cellular,20,nov,405,1,-1,0,unknown
26217,cellular,20,nov,141,1,-1,0,unknown
26218,cellular,20,nov,68,1,-1,0,unknown
26219,telephone,20,nov,76,9,-1,0,unknown
26220,cellular,20,nov,110,2,-1,0,unknown
26221,cellular,20,nov,415,1,-1,0,unknown
26222,cellular,20,nov,486,1,-1,0,unknown
26223,cellular,20,nov,228,1,-1,0,unknown
26224,cellular,20,nov,114,1,-1,0,unknown
26225,cellular,20,nov,364,1,-1,0,unknown
26226,cellular,20,nov,199,1,-1,0,unknown
26227,telephone,20,nov,145,5,-1,0,unknown
26228,cellular,20,nov,110,1,-1,0,unknown
26229,cellular,20,nov,232,4,-1,0,unknown
26230,cellular,20,nov,505,1,183,4,failure
26231,cellular,20,nov,530,1,-1,0,unknown
26232,cellular,20,nov,884,2,-1,0,unknown
26233,cellular,20,nov,301,1,-1,0,unknown
26234,cellular,20,nov,71,1,176,2,failure
26235,cellular,20,nov,319,1,105,2,other
26236,cellular,20,nov,157,1,-1,0,unknown
26237,cellular,20,nov,405,1,139,1,failure
26238,cellular,20,nov,93,1,191,1,failure
26239,telephone,20,nov,42,1,-1,0,unknown
26240,telephone,20,nov,107,1,167,1,other
26241,cellular,20,nov,231,1,-1,0,unknown
26242,cellular,20,nov,106,2,183,2,failure
26243,cellular,20,nov,90,2,-1,0,unknown
26244,telephone,20,nov,30,1,-1,0,unknown
26245,cellular,20,nov,290,1,-1,0,unknown
26246,cellular,20,nov,531,1,-1,0,unknown
26247,telephone,20,nov,59,1,-1,0,unknown
26248,cellular,20,nov,180,1,185,2,failure
26249,cellular,20,nov,101,1,-1,0,unknown
26250,cellular,20,nov,628,1,-1,0,unknown
26251,cellular,20,nov,1192,1,-1,0,unknown
26252,cellular,20,nov,370,1,-1,0,unknown
26253,cellular,20,nov,217,1,-1,0,unknown
26254,cellular,20,nov,501,2,-1,0,unknown
26255,cellular,20,nov,422,1,-1,0,unknown
26256,cellular,20,nov,128,5,-1,0,unknown
26257,cellular,20,nov,45,1,196,1,failure
26258,cellular,20,nov,120,1,-1,0,unknown
26259,cellular,20,nov,48,4,-1,0,unknown
26260,cellular,20,nov,20,6,-1,0,unknown
26261,telephone,20,nov,47,1,190,1,failure
26262,cellular,20,nov,99,2,-1,0,unknown
26263,cellular,20,nov,173,1,-1,0,unknown
26264,cellular,20,nov,67,1,91,2,failure
26265,cellular,20,nov,126,1,-1,0,unknown
26266,cellular,20,nov,283,1,-1,0,unknown
26267,cellular,20,nov,46,2,122,1,failure
26268,cellular,20,nov,1058,1,-1,0,unknown
26269,cellular,20,nov,485,1,134,1,failure
26270,cellular,20,nov,454,1,-1,0,unknown
26271,cellular,20,nov,176,1,-1,0,unknown
26272,cellular,20,nov,129,1,-1,0,unknown
26273,cellular,20,nov,401,2,-1,0,unknown
26274,cellular,20,nov,103,1,-1,0,unknown
26275,cellular,20,nov,277,1,-1,0,unknown
26276,cellular,20,nov,137,5,-1,0,unknown
26277,cellular,20,nov,88,2,-1,0,unknown
26278,cellular,20,nov,121,1,-1,0,unknown
26279,cellular,20,nov,258,1,-1,0,unknown
26280,cellular,20,nov,640,1,-1,0,unknown
26281,telephone,20,nov,60,1,-1,0,unknown
26282,cellular,20,nov,73,1,178,4,failure
26283,cellular,20,nov,203,1,-1,0,unknown
26284,cellular,20,nov,1816,1,-1,0,unknown
26285,cellular,20,nov,157,1,-1,0,unknown
26286,cellular,20,nov,175,1,-1,0,unknown
26287,cellular,20,nov,728,1,-1,0,unknown
26288,cellular,20,nov,63,5,-1,0,unknown
26289,cellular,20,nov,993,1,-1,0,unknown
26290,cellular,20,nov,150,2,-1,0,unknown
26291,cellular,20,nov,146,1,185,3,failure
26292,cellular,20,nov,155,1,-1,0,unknown
26293,cellular,20,nov,91,1,-1,0,unknown
26294,cellular,20,nov,112,1,-1,0,unknown
26295,cellular,20,nov,333,2,105,2,success
26296,cellular,20,nov,124,1,-1,0,unknown
26297,cellular,20,nov,34,1,171,1,failure
26298,telephone,20,nov,172,1,-1,0,unknown
26299,cellular,20,nov,318,2,-1,0,unknown
26300,cellular,20,nov,1040,1,-1,0,unknown
26301,cellular,20,nov,103,1,-1,0,unknown
26302,cellular,20,nov,8,6,-1,0,unknown
26303,cellular,20,nov,88,2,-1,0,unknown
26304,cellular,20,nov,25,1,-1,0,unknown
26305,cellular,20,nov,26,6,-1,0,unknown
26306,cellular,20,nov,168,1,-1,0,unknown
26307,cellular,20,nov,67,1,-1,0,unknown
26308,cellular,20,nov,60,1,-1,0,unknown
26309,cellular,20,nov,83,1,-1,0,unknown
26310,cellular,20,nov,167,1,127,1,failure
26311,cellular,20,nov,59,4,-1,0,unknown
26312,cellular,20,nov,73,4,-1,0,unknown
26313,cellular,20,nov,302,4,-1,0,unknown
26314,cellular,20,nov,541,1,-1,0,unknown
26315,cellular,20,nov,92,1,-1,0,unknown
26316,cellular,20,nov,85,1,-1,0,unknown
26317,cellular,20,nov,128,1,-1,0,unknown
26318,cellular,20,nov,278,1,104,2,other
26319,telephone,20,nov,291,1,-1,0,unknown
26320,cellular,20,nov,316,1,-1,0,unknown
26321,cellular,20,nov,171,1,127,2,failure
26322,cellular,20,nov,278,2,-1,0,unknown
26323,cellular,20,nov,202,1,-1,0,unknown
26324,cellular,20,nov,478,1,-1,0,unknown
26325,cellular,20,nov,152,1,190,1,failure
26326,cellular,20,nov,53,1,-1,0,unknown
26327,telephone,20,nov,352,3,-1,0,unknown
26328,cellular,20,nov,252,1,-1,0,unknown
26329,cellular,20,nov,114,1,-1,0,unknown
26330,cellular,20,nov,755,1,100,10,other
26331,cellular,20,nov,26,1,190,2,failure
26332,cellular,20,nov,57,1,-1,0,unknown
26333,cellular,20,nov,223,1,-1,0,unknown
26334,cellular,20,nov,91,1,-1,0,unknown
26335,cellular,20,nov,7,5,-1,0,unknown
26336,cellular,20,nov,90,2,-1,0,unknown
26337,cellular,20,nov,228,1,-1,0,unknown
26338,cellular,20,nov,148,6,176,4,failure
26339,cellular,20,nov,199,2,-1,0,unknown
26340,cellular,20,nov,1031,6,-1,0,unknown
26341,cellular,20,nov,82,1,-1,0,unknown
26342,cellular,20,nov,60,1,-1,0,unknown
26343,cellular,20,nov,204,1,-1,0,unknown
26344,cellular,20,nov,230,1,-1,0,unknown
26345,cellular,20,nov,173,2,-1,0,unknown
26346,cellular,20,nov,104,1,-1,0,unknown
26347,cellular,20,nov,309,1,-1,0,unknown
26348,cellular,20,nov,74,1,-1,0,unknown
26349,cellular,20,nov,189,1,170,1,other
26350,cellular,20,nov,18,6,-1,0,unknown
26351,cellular,20,nov,174,1,-1,0,unknown
26352,cellular,20,nov,222,1,-1,0,unknown
26353,cellular,20,nov,220,1,190,1,failure
26354,cellular,20,nov,520,2,-1,0,unknown
26355,cellular,20,nov,290,1,-1,0,unknown
26356,telephone,20,nov,35,2,-1,0,unknown
26357,cellular,20,nov,365,1,-1,0,unknown
26358,telephone,20,nov,106,1,-1,0,unknown
26359,cellular,20,nov,290,2,-1,0,unknown
26360,cellular,20,nov,48,1,-1,0,unknown
26361,cellular,20,nov,302,3,-1,0,unknown
26362,cellular,20,nov,276,1,157,1,failure
26363,cellular,20,nov,151,2,-1,0,unknown
26364,cellular,20,nov,113,5,-1,0,unknown
26365,cellular,20,nov,95,2,-1,0,unknown
26366,cellular,20,nov,994,1,177,1,failure
26367,cellular,20,nov,371,1,-1,0,unknown
26368,cellular,20,nov,70,1,167,1,failure
26369,cellular,20,nov,200,1,190,1,failure
26370,cellular,20,nov,178,1,-1,0,unknown
26371,cellular,20,nov,1503,2,-1,0,unknown
26372,cellular,20,nov,96,2,-1,0,unknown
26373,telephone,20,nov,29,1,-1,0,unknown
26374,cellular,20,nov,73,1,-1,0,unknown
26375,cellular,20,nov,88,1,-1,0,unknown
26376,cellular,20,nov,86,1,-1,0,unknown
26377,cellular,20,nov,94,2,-1,0,unknown
26378,telephone,20,nov,26,1,-1,0,unknown
26379,cellular,20,nov,133,1,-1,0,unknown
26380,cellular,20,nov,177,1,-1,0,unknown
26381,cellular,20,nov,186,1,-1,0,unknown
26382,cellular,20,nov,321,2,190,4,other
26383,cellular,20,nov,220,1,-1,0,unknown
26384,cellular,20,nov,77,1,-1,0,unknown
26385,cellular,20,nov,81,2,136,3,failure
26386,cellular,20,nov,19,1,-1,0,unknown
26387,cellular,20,nov,40,1,-1,0,unknown
26388,cellular,20,nov,640,1,-1,0,unknown
26389,cellular,20,nov,340,1,183,2,failure
26390,cellular,20,nov,88,1,126,1,failure
26391,cellular,20,nov,371,1,-1,0,unknown
26392,cellular,20,nov,151,1,-1,0,unknown
26393,cellular,20,nov,871,5,-1,0,unknown
26394,cellular,20,nov,111,2,129,4,failure
26395,cellular,20,nov,73,4,-1,0,unknown
26396,cellular,20,nov,123,1,-1,0,unknown
26397,cellular,20,nov,329,4,-1,0,unknown
26398,cellular,20,nov,149,1,155,14,failure
26399,cellular,20,nov,757,2,-1,0,unknown
26400,cellular,20,nov,67,6,177,9,failure
26401,cellular,20,nov,44,1,-1,0,unknown
26402,cellular,20,nov,232,1,-1,0,unknown
26403,cellular,20,nov,301,1,183,1,failure
26404,cellular,20,nov,69,1,164,2,failure
26405,cellular,20,nov,183,2,184,1,failure
26406,cellular,20,nov,80,1,-1,0,unknown
26407,cellular,20,nov,117,1,-1,0,unknown
26408,cellular,20,nov,89,1,-1,0,unknown
26409,cellular,20,nov,89,1,-1,0,unknown
26410,cellular,20,nov,24,1,113,8,failure
26411,cellular,20,nov,53,3,-1,0,unknown
26412,cellular,20,nov,244,1,-1,0,unknown
26413,cellular,20,nov,162,3,-1,0,unknown
26414,cellular,20,nov,1256,1,-1,0,unknown
26415,cellular,20,nov,82,1,-1,0,unknown
26416,telephone,20,nov,39,1,-1,0,unknown
26417,cellular,20,nov,23,1,-1,0,unknown
26418,cellular,20,nov,133,1,-1,0,unknown
26419,cellular,20,nov,45,2,181,11,failure
26420,cellular,20,nov,139,1,-1,0,unknown
26421,cellular,20,nov,410,1,-1,0,unknown
26422,telephone,20,nov,125,2,-1,0,unknown
26423,cellular,20,nov,80,1,-1,0,unknown
26424,cellular,20,nov,93,2,-1,0,unknown
26425,cellular,20,nov,145,1,-1,0,unknown
26426,cellular,20,nov,86,1,-1,0,unknown
26427,cellular,20,nov,180,1,122,6,failure
26428,cellular,20,nov,775,1,-1,0,unknown
26429,cellular,20,nov,44,1,-1,0,unknown
26430,telephone,20,nov,207,3,-1,0,unknown
26431,cellular,20,nov,89,1,-1,0,unknown
26432,cellular,20,nov,221,1,-1,0,unknown
26433,cellular,20,nov,59,2,-1,0,unknown
26434,cellular,20,nov,531,1,167,1,failure
26435,cellular,20,nov,85,1,122,2,failure
26436,cellular,20,nov,200,1,-1,0,unknown
26437,cellular,20,nov,543,1,170,4,other
26438,telephone,20,nov,90,2,-1,0,unknown
26439,cellular,20,nov,227,1,-1,0,unknown
26440,cellular,20,nov,100,2,-1,0,unknown
26441,cellular,20,nov,292,2,-1,0,unknown
26442,cellular,20,nov,120,4,190,2,failure
26443,cellular,20,nov,857,3,-1,0,unknown
26444,cellular,20,nov,160,1,171,4,other
26445,cellular,20,nov,352,1,177,1,failure
26446,cellular,20,nov,340,1,-1,0,unknown
26447,cellular,20,nov,153,1,183,1,failure
26448,cellular,20,nov,178,1,-1,0,unknown
26449,cellular,20,nov,73,1,-1,0,unknown
26450,telephone,20,nov,281,2,195,6,failure
26451,cellular,20,nov,80,1,-1,0,unknown
26452,cellular,20,nov,240,1,-1,0,unknown
26453,cellular,20,nov,197,5,177,3,failure
26454,cellular,20,nov,98,1,178,5,failure
26455,cellular,20,nov,931,4,-1,0,unknown
26456,cellular,20,nov,274,2,-1,0,unknown
26457,cellular,20,nov,150,1,-1,0,unknown
26458,cellular,20,nov,200,1,-1,0,unknown
26459,cellular,20,nov,42,1,-1,0,unknown
26460,cellular,20,nov,88,1,-1,0,unknown
26461,cellular,20,nov,356,1,-1,0,unknown
26462,cellular,20,nov,593,1,-1,0,unknown
26463,cellular,20,nov,308,1,188,1,success
26464,cellular,20,nov,283,1,-1,0,unknown
26465,cellular,20,nov,139,1,-1,0,unknown
26466,cellular,20,nov,142,3,-1,0,unknown
26467,cellular,20,nov,69,3,-1,0,unknown
26468,cellular,20,nov,57,6,177,4,failure
26469,cellular,20,nov,71,2,-1,0,unknown
26470,cellular,20,nov,487,1,118,1,other
26471,cellular,20,nov,59,3,-1,0,unknown
26472,cellular,20,nov,418,3,-1,0,unknown
26473,cellular,20,nov,287,2,-1,0,unknown
26474,cellular,20,nov,147,2,-1,0,unknown
26475,cellular,20,nov,282,2,-1,0,unknown
26476,cellular,20,nov,187,2,-1,0,unknown
26477,cellular,20,nov,70,2,-1,0,unknown
26478,cellular,20,nov,83,3,149,4,failure
26479,cellular,20,nov,22,5,-1,0,unknown
26480,cellular,20,nov,554,2,-1,0,unknown
26481,cellular,20,nov,282,1,-1,0,unknown
26482,cellular,20,nov,226,3,-1,0,unknown
26483,cellular,20,nov,454,5,-1,0,unknown
26484,cellular,20,nov,95,1,-1,0,unknown
26485,cellular,20,nov,324,7,153,4,failure
26486,cellular,20,nov,256,4,-1,0,unknown
26487,cellular,20,nov,197,2,-1,0,unknown
26488,cellular,20,nov,104,3,139,6,failure
26489,cellular,20,nov,63,1,-1,0,unknown
26490,cellular,20,nov,691,1,-1,0,unknown
26491,cellular,20,nov,377,3,-1,0,unknown
26492,cellular,20,nov,128,1,-1,0,unknown
26493,cellular,20,nov,124,3,-1,0,unknown
26494,cellular,20,nov,96,2,-1,0,unknown
26495,cellular,20,nov,269,1,-1,0,unknown
26496,cellular,20,nov,141,2,-1,0,unknown
26497,cellular,20,nov,50,1,-1,0,unknown
26498,cellular,20,nov,161,1,183,2,failure
26499,cellular,20,nov,224,1,-1,0,unknown
26500,telephone,20,nov,188,2,-1,0,unknown
26501,cellular,20,nov,395,1,-1,0,unknown
26502,cellular,20,nov,1258,2,122,2,other
26503,cellular,20,nov,145,1,-1,0,unknown
26504,cellular,20,nov,677,1,-1,0,unknown
26505,cellular,20,nov,252,1,-1,0,unknown
26506,cellular,20,nov,363,1,-1,0,unknown
26507,cellular,20,nov,172,2,-1,0,unknown
26508,cellular,20,nov,1490,3,-1,0,unknown
26509,cellular,20,nov,125,3,-1,0,unknown
26510,cellular,20,nov,305,2,-1,0,unknown
26511,cellular,20,nov,89,1,91,1,failure
26512,cellular,20,nov,81,2,-1,0,unknown
26513,cellular,20,nov,139,1,-1,0,unknown
26514,cellular,20,nov,153,2,183,2,failure
26515,cellular,20,nov,452,2,-1,0,unknown
26516,telephone,20,nov,75,2,149,3,failure
26517,cellular,20,nov,661,4,190,1,failure
26518,cellular,20,nov,562,2,-1,0,unknown
26519,cellular,20,nov,184,1,104,1,failure
26520,cellular,20,nov,73,1,-1,0,unknown
26521,cellular,20,nov,184,1,-1,0,unknown
26522,cellular,20,nov,123,1,-1,0,unknown
26523,cellular,20,nov,124,1,-1,0,unknown
26524,cellular,20,nov,1154,1,-1,0,unknown
26525,cellular,20,nov,359,1,-1,0,unknown
26526,cellular,20,nov,60,1,-1,0,unknown
26527,cellular,20,nov,52,1,-1,0,unknown
26528,cellular,20,nov,249,1,-1,0,unknown
26529,cellular,20,nov,164,1,-1,0,unknown
26530,cellular,20,nov,72,1,-1,0,unknown
26531,cellular,20,nov,64,1,-1,0,unknown
26532,cellular,20,nov,96,1,-1,0,unknown
26533,cellular,20,nov,705,1,-1,0,unknown
26534,cellular,20,nov,250,1,155,2,failure
26535,cellular,20,nov,178,4,-1,0,unknown
26536,cellular,20,nov,211,1,-1,0,unknown
26537,cellular,20,nov,74,1,-1,0,unknown
26538,cellular,20,nov,259,1,-1,0,unknown
26539,cellular,20,nov,195,1,189,2,failure
26540,cellular,20,nov,168,1,-1,0,unknown
26541,cellular,20,nov,96,1,-1,0,unknown
26542,cellular,20,nov,1035,1,-1,0,unknown
26543,cellular,20,nov,144,1,-1,0,unknown
26544,cellular,20,nov,736,1,-1,0,unknown
26545,telephone,20,nov,51,8,190,2,failure
26546,cellular,20,nov,111,2,-1,0,unknown
26547,cellular,20,nov,308,1,-1,0,unknown
26548,cellular,20,nov,153,3,-1,0,unknown
26549,cellular,20,nov,214,1,-1,0,unknown
26550,cellular,20,nov,188,2,-1,0,unknown
26551,cellular,20,nov,352,1,-1,0,unknown
26552,cellular,20,nov,255,2,-1,0,unknown
26553,cellular,20,nov,118,4,-1,0,unknown
26554,cellular,20,nov,190,5,135,1,failure
26555,cellular,20,nov,597,2,-1,0,unknown
26556,cellular,20,nov,55,1,-1,0,unknown
26557,cellular,20,nov,895,1,183,2,failure
26558,cellular,20,nov,125,1,-1,0,unknown
26559,cellular,20,nov,113,1,-1,0,unknown
26560,cellular,20,nov,176,1,170,1,failure
26561,cellular,20,nov,325,2,-1,0,unknown
26562,cellular,20,nov,253,1,-1,0,unknown
26563,cellular,20,nov,277,1,-1,0,unknown
26564,cellular,20,nov,129,1,-1,0,unknown
26565,cellular,20,nov,888,2,183,2,failure
26566,cellular,20,nov,197,1,-1,0,unknown
26567,cellular,20,nov,80,1,-1,0,unknown
26568,cellular,20,nov,72,2,92,4,failure
26569,cellular,20,nov,382,2,-1,0,unknown
26570,cellular,20,nov,187,2,-1,0,unknown
26571,cellular,20,nov,486,2,-1,0,unknown
26572,cellular,20,nov,151,2,-1,0,unknown
26573,cellular,20,nov,124,1,-1,0,unknown
26574,cellular,20,nov,80,1,-1,0,unknown
26575,cellular,20,nov,340,1,-1,0,unknown
26576,cellular,20,nov,223,1,177,2,failure
26577,cellular,20,nov,239,1,-1,0,unknown
26578,cellular,20,nov,212,1,101,2,failure
26579,cellular,20,nov,370,2,195,1,other
26580,cellular,20,nov,500,2,133,1,failure
26581,cellular,20,nov,124,1,-1,0,unknown
26582,cellular,20,nov,1166,1,-1,0,unknown
26583,cellular,20,nov,258,1,-1,0,unknown
26584,cellular,20,nov,227,1,-1,0,unknown
26585,cellular,20,nov,51,1,-1,0,unknown
26586,cellular,20,nov,283,1,-1,0,unknown
26587,cellular,20,nov,140,1,-1,0,unknown
26588,cellular,20,nov,790,1,-1,0,unknown
26589,cellular,20,nov,72,2,-1,0,unknown
26590,cellular,20,nov,604,1,-1,0,unknown
26591,cellular,20,nov,548,1,-1,0,unknown
26592,cellular,20,nov,154,3,106,2,failure
26593,cellular,20,nov,131,3,-1,0,unknown
26594,telephone,20,nov,733,1,-1,0,unknown
26595,cellular,20,nov,488,1,-1,0,unknown
26596,cellular,20,nov,266,3,-1,0,unknown
26597,cellular,20,nov,130,2,-1,0,unknown
26598,telephone,20,nov,1025,2,-1,0,unknown
26599,cellular,20,nov,98,1,-1,0,unknown
26600,cellular,20,nov,68,1,-1,0,unknown
26601,cellular,20,nov,143,1,-1,0,unknown
26602,cellular,20,nov,559,2,-1,0,unknown
26603,cellular,20,nov,350,1,-1,0,unknown
26604,cellular,20,nov,293,1,-1,0,unknown
26605,cellular,20,nov,138,1,-1,0,unknown
26606,cellular,20,nov,105,2,171,3,failure
26607,cellular,20,nov,689,2,-1,0,unknown
26608,cellular,20,nov,215,2,-1,0,unknown
26609,cellular,20,nov,104,5,-1,0,unknown
26610,cellular,20,nov,311,3,183,1,failure
26611,cellular,20,nov,661,1,-1,0,unknown
26612,cellular,20,nov,633,2,156,2,other
26613,cellular,20,nov,305,1,-1,0,unknown
26614,cellular,20,nov,191,2,189,1,failure
26615,cellular,20,nov,125,2,-1,0,unknown
26616,cellular,20,nov,239,2,-1,0,unknown
26617,cellular,20,nov,63,2,154,1,failure
26618,cellular,20,nov,219,7,133,1,failure
26619,telephone,20,nov,65,2,-1,0,unknown
26620,telephone,20,nov,61,3,-1,0,unknown
26621,cellular,20,nov,123,3,-1,0,unknown
26622,cellular,20,nov,92,2,-1,0,unknown
26623,cellular,20,nov,462,4,-1,0,unknown
26624,cellular,20,nov,363,2,100,6,other
26625,cellular,20,nov,141,4,-1,0,unknown
26626,cellular,20,nov,51,2,-1,0,unknown
26627,cellular,20,nov,425,2,-1,0,unknown
26628,cellular,20,nov,149,2,-1,0,unknown
26629,cellular,20,nov,337,3,-1,0,unknown
26630,telephone,20,nov,547,2,-1,0,unknown
26631,cellular,20,nov,165,1,100,2,failure
26632,cellular,20,nov,47,1,-1,0,unknown
26633,telephone,20,nov,35,1,-1,0,unknown
26634,cellular,20,nov,48,2,-1,0,unknown
26635,cellular,20,nov,230,1,-1,0,unknown
26636,cellular,20,nov,109,4,-1,0,unknown
26637,cellular,20,nov,361,1,-1,0,unknown
26638,cellular,20,nov,67,2,-1,0,unknown
26639,telephone,20,nov,107,2,-1,0,unknown
26640,cellular,20,nov,435,1,-1,0,unknown
26641,cellular,20,nov,140,1,-1,0,unknown
26642,cellular,20,nov,294,2,-1,0,unknown
26643,cellular,20,nov,205,6,-1,0,unknown
26644,cellular,20,nov,470,2,-1,0,unknown
26645,cellular,20,nov,199,1,-1,0,unknown
26646,cellular,20,nov,427,1,-1,0,unknown
26647,cellular,20,nov,175,1,-1,0,unknown
26648,cellular,20,nov,380,1,-1,0,unknown
26649,cellular,20,nov,215,6,188,2,failure
26650,cellular,20,nov,51,1,190,4,other
26651,telephone,20,nov,98,4,-1,0,unknown
26652,cellular,20,nov,267,2,-1,0,unknown
26653,cellular,20,nov,207,5,178,5,failure
26654,cellular,20,nov,179,1,-1,0,unknown
26655,cellular,20,nov,73,1,-1,0,unknown
26656,cellular,20,nov,20,8,190,3,success
26657,cellular,20,nov,20,6,153,26,failure
26658,cellular,20,nov,186,1,-1,0,unknown
26659,cellular,20,nov,120,4,196,1,other
26660,cellular,20,nov,319,5,-1,0,unknown
26661,cellular,20,nov,52,2,-1,0,unknown
26662,cellular,20,nov,154,2,-1,0,unknown
26663,cellular,20,nov,267,1,-1,0,unknown
26664,cellular,20,nov,113,1,189,2,failure
26665,cellular,20,nov,159,1,-1,0,unknown
26666,cellular,20,nov,128,2,189,1,failure
26667,cellular,20,nov,195,3,8,1,failure
26668,cellular,20,nov,16,9,112,37,other
26669,cellular,20,nov,330,3,-1,0,unknown
26670,telephone,20,nov,25,2,-1,0,unknown
26671,cellular,20,nov,340,2,164,2,failure
26672,cellular,20,nov,158,2,174,3,failure
26673,cellular,20,nov,192,1,-1,0,unknown
26674,cellular,20,nov,768,3,-1,0,unknown
26675,cellular,20,nov,426,2,-1,0,unknown
26676,cellular,20,nov,260,1,-1,0,unknown
26677,cellular,20,nov,352,1,-1,0,unknown
26678,cellular,20,nov,114,2,-1,0,unknown
26679,cellular,20,nov,187,2,-1,0,unknown
26680,cellular,20,nov,276,1,122,1,other
26681,cellular,20,nov,230,1,-1,0,unknown
26682,cellular,20,nov,758,1,-1,0,unknown
26683,cellular,20,nov,653,1,-1,0,unknown
26684,cellular,20,nov,340,1,-1,0,unknown
26685,cellular,20,nov,9,6,177,16,other
26686,telephone,20,nov,55,2,-1,0,unknown
26687,cellular,20,nov,44,2,164,1,failure
26688,cellular,20,nov,142,1,-1,0,unknown
26689,cellular,20,nov,55,1,-1,0,unknown
26690,cellular,20,nov,326,1,-1,0,unknown
26691,cellular,20,nov,240,1,-1,0,unknown
26692,cellular,20,nov,517,1,-1,0,unknown
26693,cellular,20,nov,150,1,-1,0,unknown
26694,cellular,20,nov,972,2,-1,0,unknown
26695,cellular,20,nov,73,1,-1,0,unknown
26696,cellular,20,nov,77,3,185,7,failure
26697,cellular,20,nov,279,1,-1,0,unknown
26698,cellular,20,nov,227,1,-1,0,unknown
26699,cellular,20,nov,40,3,-1,0,unknown
26700,cellular,20,nov,166,3,-1,0,unknown
26701,cellular,20,nov,102,4,-1,0,unknown
26702,cellular,20,nov,144,2,-1,0,unknown
26703,cellular,20,nov,115,2,177,2,failure
26704,cellular,20,nov,61,2,181,4,failure
26705,cellular,20,nov,106,2,167,1,failure
26706,cellular,20,nov,106,3,183,3,failure
26707,cellular,20,nov,187,2,-1,0,unknown
26708,cellular,20,nov,101,2,-1,0,unknown
26709,cellular,20,nov,619,3,-1,0,unknown
26710,cellular,20,nov,127,2,157,1,failure
26711,telephone,20,nov,93,4,-1,0,unknown
26712,cellular,20,nov,88,2,-1,0,unknown
26713,cellular,20,nov,43,3,-1,0,unknown
26714,cellular,20,nov,808,3,-1,0,unknown
26715,cellular,20,nov,600,3,189,2,failure
26716,cellular,20,nov,627,3,-1,0,unknown
26717,cellular,20,nov,258,2,-1,0,unknown
26718,cellular,20,nov,399,2,156,2,failure
26719,cellular,20,nov,87,2,-1,0,unknown
26720,cellular,20,nov,911,4,-1,0,unknown
26721,cellular,20,nov,43,4,189,2,failure
26722,cellular,20,nov,352,3,-1,0,unknown
26723,cellular,20,nov,108,2,-1,0,unknown
26724,cellular,20,nov,262,3,-1,0,unknown
26725,cellular,20,nov,196,2,-1,0,unknown
26726,cellular,20,nov,111,3,104,3,failure
26727,cellular,20,nov,104,5,-1,0,unknown
26728,cellular,20,nov,128,2,-1,0,unknown
26729,cellular,20,nov,165,3,-1,0,unknown
26730,telephone,20,nov,105,2,184,3,other
26731,cellular,20,nov,133,4,-1,0,unknown
26732,cellular,20,nov,179,2,-1,0,unknown
26733,cellular,20,nov,206,2,162,3,failure
26734,cellular,20,nov,240,2,-1,0,unknown
26735,cellular,20,nov,198,2,-1,0,unknown
26736,cellular,20,nov,129,2,-1,0,unknown
26737,cellular,20,nov,224,2,183,1,failure
26738,cellular,20,nov,157,3,-1,0,unknown
26739,cellular,20,nov,182,2,-1,0,unknown
26740,cellular,20,nov,386,2,-1,0,unknown
26741,cellular,20,nov,434,2,181,5,other
26742,cellular,20,nov,642,2,-1,0,unknown
26743,cellular,20,nov,163,2,-1,0,unknown
26744,cellular,20,nov,214,2,184,2,failure
26745,cellular,20,nov,155,2,-1,0,unknown
26746,cellular,20,nov,1145,4,-1,0,unknown
26747,cellular,20,nov,148,4,-1,0,unknown
26748,cellular,20,nov,329,2,-1,0,unknown
26749,cellular,20,nov,221,3,-1,0,unknown
26750,cellular,20,nov,135,2,-1,0,unknown
26751,cellular,20,nov,148,2,-1,0,unknown
26752,cellular,20,nov,41,1,-1,0,unknown
26753,telephone,20,nov,159,2,-1,0,unknown
26754,cellular,20,nov,470,2,-1,0,unknown
26755,cellular,20,nov,75,2,-1,0,unknown
26756,cellular,20,nov,155,1,-1,0,unknown
26757,cellular,20,nov,147,1,-1,0,unknown
26758,cellular,20,nov,167,1,-1,0,unknown
26759,cellular,20,nov,564,2,183,1,failure
26760,cellular,20,nov,268,1,-1,0,unknown
26761,telephone,20,nov,16,1,-1,0,unknown
26762,cellular,20,nov,533,2,-1,0,unknown
26763,cellular,20,nov,264,1,-1,0,unknown
26764,cellular,20,nov,303,4,-1,0,unknown
26765,cellular,20,nov,225,2,183,1,failure
26766,cellular,20,nov,90,3,-1,0,unknown
26767,cellular,20,nov,283,2,189,2,other
26768,cellular,20,nov,915,1,-1,0,unknown
26769,cellular,20,nov,208,1,-1,0,unknown
26770,cellular,20,nov,207,1,-1,0,unknown
26771,cellular,20,nov,56,4,-1,0,unknown
26772,cellular,20,nov,319,1,100,2,failure
26773,cellular,20,nov,57,3,-1,0,unknown
26774,cellular,20,nov,841,2,-1,0,unknown
26775,cellular,20,nov,354,2,-1,0,unknown
26776,telephone,20,nov,871,3,-1,0,unknown
26777,cellular,20,nov,88,2,112,3,other
26778,cellular,20,nov,279,2,-1,0,unknown
26779,cellular,20,nov,180,2,-1,0,unknown
26780,cellular,20,nov,156,4,-1,0,unknown
26781,cellular,20,nov,235,3,-1,0,unknown
26782,cellular,20,nov,1532,3,-1,0,unknown
26783,cellular,20,nov,251,2,101,3,failure
26784,cellular,20,nov,884,3,-1,0,unknown
26785,cellular,20,nov,218,2,-1,0,unknown
26786,cellular,20,nov,611,3,-1,0,unknown
26787,cellular,20,nov,75,3,-1,0,unknown
26788,cellular,20,nov,986,6,-1,0,unknown
26789,cellular,20,nov,172,2,-1,0,unknown
26790,cellular,20,nov,315,2,196,4,failure
26791,cellular,20,nov,117,3,-1,0,unknown
26792,cellular,20,nov,151,3,-1,0,unknown
26793,cellular,20,nov,399,2,-1,0,unknown
26794,cellular,20,nov,317,2,-1,0,unknown
26795,cellular,20,nov,116,2,-1,0,unknown
26796,telephone,20,nov,90,2,-1,0,unknown
26797,cellular,20,nov,115,3,-1,0,unknown
26798,cellular,20,nov,303,2,-1,0,unknown
26799,cellular,20,nov,78,2,185,4,failure
26800,cellular,20,nov,97,2,-1,0,unknown
26801,cellular,20,nov,104,3,-1,0,unknown
26802,cellular,20,nov,68,2,-1,0,unknown
26803,cellular,20,nov,136,3,125,2,other
26804,cellular,20,nov,591,3,-1,0,unknown
26805,cellular,20,nov,251,2,-1,0,unknown
26806,cellular,20,nov,355,6,-1,0,unknown
26807,cellular,20,nov,231,2,-1,0,unknown
26808,cellular,20,nov,251,4,-1,0,unknown
26809,cellular,20,nov,341,2,-1,0,unknown
26810,cellular,20,nov,106,3,-1,0,unknown
26811,cellular,20,nov,110,2,-1,0,unknown
26812,cellular,20,nov,361,2,189,1,failure
26813,cellular,20,nov,378,8,-1,0,unknown
26814,cellular,20,nov,441,4,-1,0,unknown
26815,cellular,20,nov,282,2,135,1,failure
26816,telephone,20,nov,197,7,-1,0,unknown
26817,cellular,20,nov,217,3,-1,0,unknown
26818,cellular,20,nov,95,2,-1,0,unknown
26819,telephone,20,nov,172,2,-1,0,unknown
26820,cellular,20,nov,210,2,-1,0,unknown
26821,cellular,20,nov,952,2,-1,0,unknown
26822,cellular,20,nov,332,3,-1,0,unknown
26823,cellular,20,nov,117,6,-1,0,unknown
26824,cellular,20,nov,194,4,188,8,other
26825,cellular,20,nov,233,4,-1,0,unknown
26826,cellular,20,nov,1341,3,178,7,failure
26827,cellular,20,nov,197,4,30,1,failure
26828,cellular,20,nov,168,3,-1,0,unknown
26829,telephone,20,nov,713,6,-1,0,unknown
26830,cellular,20,nov,2420,3,-1,0,unknown
26831,cellular,20,nov,176,2,-1,0,unknown
26832,telephone,20,nov,215,3,-1,0,unknown
26833,cellular,20,nov,292,2,178,6,failure
26834,cellular,20,nov,90,4,114,4,failure
26835,cellular,20,nov,232,2,183,2,failure
26836,telephone,20,nov,88,6,113,13,other
26837,cellular,20,nov,257,2,-1,0,unknown
26838,cellular,20,nov,1598,4,-1,0,unknown
26839,cellular,20,nov,295,3,-1,0,unknown
26840,cellular,20,nov,167,4,174,1,failure
26841,cellular,20,nov,693,3,-1,0,unknown
26842,telephone,20,nov,134,9,-1,0,unknown
26843,cellular,20,nov,945,2,-1,0,unknown
26844,telephone,20,nov,233,4,115,6,failure
26845,telephone,20,nov,761,3,-1,0,unknown
26846,cellular,20,nov,367,8,-1,0,unknown
26847,cellular,20,nov,290,3,-1,0,unknown
26848,cellular,20,nov,370,2,-1,0,unknown
26849,cellular,20,nov,766,3,-1,0,unknown
26850,cellular,20,nov,298,2,112,2,other
26851,cellular,20,nov,279,3,-1,0,unknown
26852,cellular,20,nov,437,4,-1,0,unknown
26853,cellular,20,nov,690,3,183,2,failure
26854,cellular,20,nov,157,2,-1,0,unknown
26855,cellular,20,nov,324,5,-1,0,unknown
26856,cellular,20,nov,537,2,-1,0,unknown
26857,cellular,20,nov,182,2,-1,0,unknown
26858,telephone,20,nov,96,5,-1,0,unknown
26859,cellular,20,nov,90,2,-1,0,unknown
26860,cellular,20,nov,222,4,98,4,other
26861,cellular,20,nov,59,2,-1,0,unknown
26862,cellular,20,nov,178,2,170,8,other
26863,cellular,20,nov,769,4,-1,0,unknown
26864,cellular,20,nov,87,3,-1,0,unknown
26865,cellular,20,nov,192,2,189,2,success
26866,cellular,20,nov,825,6,174,4,failure
26867,cellular,20,nov,382,6,-1,0,unknown
26868,telephone,20,nov,278,6,112,2,failure
26869,cellular,20,nov,1329,2,-1,0,unknown
26870,cellular,20,nov,310,3,-1,0,unknown
26871,cellular,20,nov,56,2,-1,0,unknown
26872,cellular,20,nov,1059,2,-1,0,unknown
26873,cellular,20,nov,104,4,175,3,failure
26874,cellular,20,nov,843,3,-1,0,unknown
26875,cellular,20,nov,185,2,-1,0,unknown
26876,cellular,20,nov,1476,4,-1,0,unknown
26877,cellular,20,nov,476,3,-1,0,unknown
26878,cellular,20,nov,165,4,-1,0,unknown
26879,cellular,20,nov,738,2,-1,0,unknown
26880,cellular,20,nov,265,3,-1,0,unknown
26881,telephone,20,nov,442,4,-1,0,unknown
26882,telephone,20,nov,47,3,-1,0,unknown
26883,cellular,20,nov,489,2,-1,0,unknown
26884,cellular,20,nov,91,3,-1,0,unknown
26885,cellular,20,nov,391,2,-1,0,unknown
26886,cellular,20,nov,1855,3,-1,0,unknown
26887,cellular,20,nov,2453,2,-1,0,unknown
26888,cellular,21,nov,21,6,113,2,other
26889,cellular,21,nov,83,4,-1,0,unknown
26890,cellular,21,nov,86,3,133,1,failure
26891,cellular,21,nov,141,2,-1,0,unknown
26892,telephone,21,nov,220,2,-1,0,unknown
26893,cellular,21,nov,149,4,186,1,other
26894,cellular,21,nov,91,2,-1,0,unknown
26895,cellular,21,nov,254,5,-1,0,unknown
26896,cellular,21,nov,249,4,-1,0,unknown
26897,cellular,21,nov,209,5,-1,0,unknown
26898,cellular,21,nov,325,5,192,2,failure
26899,cellular,21,nov,87,2,168,2,other
26900,cellular,21,nov,45,3,-1,0,unknown
26901,cellular,21,nov,10,5,-1,0,unknown
26902,cellular,21,nov,358,3,-1,0,unknown
26903,cellular,21,nov,81,6,189,3,failure
26904,cellular,21,nov,6,7,-1,0,unknown
26905,cellular,21,nov,12,7,-1,0,unknown
26906,cellular,21,nov,20,6,175,15,other
26907,cellular,21,nov,20,5,114,7,failure
26908,cellular,21,nov,275,2,-1,0,unknown
26909,cellular,21,nov,312,3,157,1,failure
26910,cellular,21,nov,69,9,-1,0,unknown
26911,cellular,21,nov,304,2,-1,0,unknown
26912,cellular,21,nov,37,2,123,1,failure
26913,telephone,21,nov,61,3,-1,0,unknown
26914,cellular,21,nov,116,2,113,4,failure
26915,cellular,21,nov,266,6,-1,0,unknown
26916,cellular,21,nov,159,2,-1,0,unknown
26917,cellular,21,nov,358,4,-1,0,unknown
26918,cellular,21,nov,21,11,185,1,other
26919,cellular,21,nov,116,2,-1,0,unknown
26920,telephone,21,nov,41,1,-1,0,unknown
26921,cellular,21,nov,124,4,113,8,failure
26922,cellular,21,nov,67,1,163,2,failure
26923,cellular,21,nov,298,2,-1,0,unknown
26924,cellular,21,nov,86,1,-1,0,unknown
26925,cellular,21,nov,299,1,-1,0,unknown
26926,cellular,21,nov,615,3,34,1,failure
26927,cellular,21,nov,152,1,-1,0,unknown
26928,cellular,21,nov,50,2,121,2,failure
26929,cellular,21,nov,322,1,-1,0,unknown
26930,cellular,21,nov,536,1,-1,0,unknown
26931,telephone,21,nov,336,1,-1,0,unknown
26932,cellular,21,nov,441,1,-1,0,unknown
26933,cellular,21,nov,149,5,-1,0,unknown
26934,cellular,21,nov,328,1,-1,0,unknown
26935,cellular,21,nov,517,1,-1,0,unknown
26936,cellular,21,nov,96,1,121,1,failure
26937,cellular,21,nov,675,1,-1,0,unknown
26938,cellular,21,nov,118,1,-1,0,unknown
26939,cellular,21,nov,85,2,158,25,failure
26940,cellular,21,nov,65,1,-1,0,unknown
26941,cellular,21,nov,255,1,-1,0,unknown
26942,cellular,21,nov,714,1,-1,0,unknown
26943,cellular,21,nov,239,2,177,1,failure
26944,cellular,21,nov,859,1,182,1,failure
26945,cellular,21,nov,225,2,95,13,other
26946,cellular,21,nov,54,1,-1,0,unknown
26947,cellular,21,nov,336,6,-1,0,unknown
26948,cellular,21,nov,108,1,-1,0,unknown
26949,cellular,21,nov,108,1,-1,0,unknown
26950,cellular,21,nov,49,1,-1,0,unknown
26951,cellular,21,nov,1221,1,-1,0,unknown
26952,cellular,21,nov,105,1,-1,0,unknown
26953,cellular,21,nov,289,1,-1,0,unknown
26954,cellular,21,nov,729,1,-1,0,unknown
26955,cellular,21,nov,127,1,100,2,failure
26956,cellular,21,nov,846,1,100,2,success
26957,cellular,21,nov,151,1,-1,0,unknown
26958,cellular,21,nov,71,1,-1,0,unknown
26959,cellular,21,nov,215,1,-1,0,unknown
26960,cellular,21,nov,248,1,-1,0,unknown
26961,cellular,21,nov,591,1,10,1,failure
26962,telephone,21,nov,1158,9,-1,0,unknown
26963,cellular,21,nov,337,1,-1,0,unknown
26964,cellular,21,nov,349,1,-1,0,unknown
26965,cellular,21,nov,614,1,-1,0,unknown
26966,cellular,21,nov,63,1,-1,0,unknown
26967,cellular,21,nov,714,1,-1,0,unknown
26968,cellular,21,nov,558,1,-1,0,unknown
26969,cellular,21,nov,569,1,175,3,other
26970,cellular,21,nov,46,4,171,1,failure
26971,cellular,21,nov,153,1,197,3,failure
26972,cellular,21,nov,22,4,106,7,failure
26973,cellular,21,nov,89,2,-1,0,unknown
26974,cellular,21,nov,208,1,-1,0,unknown
26975,cellular,21,nov,253,1,-1,0,unknown
26976,cellular,21,nov,240,1,-1,0,unknown
26977,cellular,21,nov,321,1,-1,0,unknown
26978,cellular,21,nov,104,1,-1,0,unknown
26979,cellular,21,nov,104,1,182,1,failure
26980,cellular,21,nov,63,2,-1,0,unknown
26981,telephone,21,nov,146,1,-1,0,unknown
26982,telephone,21,nov,81,7,-1,0,unknown
26983,cellular,21,nov,423,2,172,2,failure
26984,cellular,21,nov,104,1,189,2,failure
26985,cellular,21,nov,504,1,-1,0,unknown
26986,cellular,21,nov,113,1,101,2,failure
26987,cellular,21,nov,116,1,-1,0,unknown
26988,cellular,21,nov,348,2,127,4,other
26989,cellular,21,nov,71,3,-1,0,unknown
26990,cellular,21,nov,134,1,-1,0,unknown
26991,cellular,21,nov,62,6,-1,0,unknown
26992,cellular,21,nov,45,1,-1,0,unknown
26993,cellular,21,nov,588,2,184,2,failure
26994,cellular,21,nov,267,1,-1,0,unknown
26995,cellular,21,nov,528,1,-1,0,unknown
26996,cellular,21,nov,76,1,-1,0,unknown
26997,cellular,21,nov,530,1,163,2,failure
26998,cellular,21,nov,279,1,-1,0,unknown
26999,cellular,21,nov,462,3,-1,0,unknown
27000,cellular,21,nov,648,1,-1,0,unknown
27001,cellular,21,nov,318,1,-1,0,unknown
27002,cellular,21,nov,200,1,-1,0,unknown
27003,cellular,21,nov,258,1,157,4,failure
27004,cellular,21,nov,158,1,-1,0,unknown
27005,cellular,21,nov,567,1,184,1,other
27006,cellular,21,nov,73,4,126,2,failure
27007,cellular,21,nov,13,3,113,2,other
27008,cellular,21,nov,470,1,-1,0,unknown
27009,cellular,21,nov,152,2,-1,0,unknown
27010,telephone,21,nov,228,6,-1,0,unknown
27011,cellular,21,nov,22,1,-1,0,unknown
27012,cellular,21,nov,91,1,-1,0,unknown
27013,telephone,21,nov,346,4,123,8,failure
27014,cellular,21,nov,174,1,-1,0,unknown
27015,cellular,21,nov,107,2,-1,0,unknown
27016,telephone,21,nov,167,1,-1,0,unknown
27017,cellular,21,nov,609,2,-1,0,unknown
27018,cellular,21,nov,86,3,-1,0,unknown
27019,cellular,21,nov,710,1,-1,0,unknown
27020,cellular,21,nov,110,2,185,1,failure
27021,cellular,21,nov,530,1,-1,0,unknown
27022,cellular,21,nov,73,4,-1,0,unknown
27023,cellular,21,nov,529,1,-1,0,unknown
27024,cellular,21,nov,635,1,135,2,failure
27025,cellular,21,nov,254,7,-1,0,unknown
27026,cellular,21,nov,106,1,-1,0,unknown
27027,cellular,21,nov,40,1,-1,0,unknown
27028,cellular,21,nov,641,1,-1,0,unknown
27029,cellular,21,nov,183,1,168,2,failure
27030,cellular,21,nov,302,2,95,8,failure
27031,cellular,21,nov,195,1,-1,0,unknown
27032,cellular,21,nov,195,1,-1,0,unknown
27033,cellular,21,nov,585,1,-1,0,unknown
27034,cellular,21,nov,501,3,-1,0,unknown
27035,cellular,21,nov,187,1,-1,0,unknown
27036,cellular,21,nov,436,2,178,3,other
27037,cellular,21,nov,36,1,109,1,other
27038,cellular,21,nov,222,2,-1,0,unknown
27039,cellular,21,nov,131,1,-1,0,unknown
27040,cellular,21,nov,112,1,-1,0,unknown
27041,cellular,21,nov,158,1,-1,0,unknown
27042,cellular,21,nov,67,1,-1,0,unknown
27043,cellular,21,nov,30,1,-1,0,unknown
27044,cellular,21,nov,53,1,-1,0,unknown
27045,cellular,21,nov,344,1,-1,0,unknown
27046,cellular,21,nov,46,1,163,1,other
27047,cellular,21,nov,103,1,141,2,failure
27048,cellular,21,nov,174,1,-1,0,unknown
27049,cellular,21,nov,74,1,-1,0,unknown
27050,cellular,21,nov,462,2,-1,0,unknown
27051,cellular,21,nov,57,6,-1,0,unknown
27052,cellular,21,nov,105,1,-1,0,unknown
27053,cellular,21,nov,55,2,-1,0,unknown
27054,cellular,21,nov,114,3,-1,0,unknown
27055,cellular,21,nov,206,1,-1,0,unknown
27056,cellular,21,nov,132,1,186,1,other
27057,cellular,21,nov,126,1,-1,0,unknown
27058,cellular,21,nov,175,1,-1,0,unknown
27059,cellular,21,nov,43,1,-1,0,unknown
27060,cellular,21,nov,824,1,-1,0,unknown
27061,cellular,21,nov,140,1,-1,0,unknown
27062,cellular,21,nov,66,1,182,1,failure
27063,cellular,21,nov,148,1,-1,0,unknown
27064,cellular,21,nov,32,1,-1,0,unknown
27065,cellular,21,nov,81,1,-1,0,unknown
27066,cellular,21,nov,149,1,-1,0,unknown
27067,cellular,21,nov,41,1,-1,0,unknown
27068,cellular,21,nov,1166,1,155,3,other
27069,cellular,21,nov,161,1,-1,0,unknown
27070,cellular,21,nov,91,1,-1,0,unknown
27071,cellular,21,nov,262,1,-1,0,unknown
27072,cellular,21,nov,217,1,-1,0,unknown
27073,cellular,21,nov,106,2,-1,0,unknown
27074,cellular,21,nov,341,1,-1,0,unknown
27075,cellular,21,nov,393,1,101,3,failure
27076,cellular,21,nov,1055,1,177,1,other
27077,cellular,21,nov,181,1,-1,0,unknown
27078,cellular,21,nov,218,1,-1,0,unknown
27079,cellular,21,nov,429,1,-1,0,unknown
27080,cellular,21,nov,327,1,192,2,failure
27081,cellular,21,nov,374,1,-1,0,unknown
27082,cellular,21,nov,58,1,182,1,failure
27083,cellular,21,nov,201,1,113,2,failure
27084,cellular,21,nov,102,1,-1,0,unknown
27085,cellular,21,nov,65,1,-1,0,unknown
27086,cellular,21,nov,221,1,-1,0,unknown
27087,cellular,21,nov,146,1,101,1,failure
27088,cellular,21,nov,957,1,184,2,failure
27089,cellular,21,nov,202,1,-1,0,unknown
27090,cellular,21,nov,161,1,-1,0,unknown
27091,cellular,21,nov,758,1,-1,0,unknown
27092,cellular,21,nov,167,5,-1,0,unknown
27093,cellular,21,nov,145,2,-1,0,unknown
27094,cellular,21,nov,56,1,163,4,other
27095,cellular,21,nov,89,4,-1,0,unknown
27096,cellular,21,nov,963,1,-1,0,unknown
27097,cellular,21,nov,203,2,-1,0,unknown
27098,cellular,21,nov,796,5,154,1,failure
27099,cellular,21,nov,189,1,-1,0,unknown
27100,cellular,21,nov,74,1,-1,0,unknown
27101,cellular,21,nov,1022,1,-1,0,unknown
27102,cellular,21,nov,279,1,-1,0,unknown
27103,cellular,21,nov,154,1,-1,0,unknown
27104,cellular,21,nov,89,1,92,2,other
27105,cellular,21,nov,553,3,-1,0,unknown
27106,cellular,21,nov,143,1,-1,0,unknown
27107,cellular,21,nov,169,1,92,20,other
27108,cellular,21,nov,80,10,-1,0,unknown
27109,cellular,21,nov,372,1,-1,0,unknown
27110,cellular,21,nov,44,1,-1,0,unknown
27111,cellular,21,nov,170,2,-1,0,unknown
27112,cellular,21,nov,133,1,-1,0,unknown
27113,telephone,21,nov,49,1,-1,0,unknown
27114,cellular,21,nov,586,1,-1,0,unknown
27115,cellular,21,nov,189,3,-1,0,unknown
27116,telephone,21,nov,218,3,-1,0,unknown
27117,cellular,21,nov,235,2,-1,0,unknown
27118,cellular,21,nov,105,1,-1,0,unknown
27119,cellular,21,nov,849,1,-1,0,unknown
27120,cellular,21,nov,5,7,-1,0,unknown
27121,cellular,21,nov,271,1,-1,0,unknown
27122,cellular,21,nov,893,1,-1,0,unknown
27123,cellular,21,nov,555,4,-1,0,unknown
27124,cellular,21,nov,150,1,-1,0,unknown
27125,cellular,21,nov,326,2,-1,0,unknown
27126,cellular,21,nov,1182,1,-1,0,unknown
27127,cellular,21,nov,144,6,185,2,failure
27128,cellular,21,nov,169,1,113,5,other
27129,cellular,21,nov,57,7,154,5,failure
27130,cellular,21,nov,102,1,-1,0,unknown
27131,cellular,21,nov,302,1,-1,0,unknown
27132,telephone,21,nov,76,1,119,1,failure
27133,cellular,21,nov,114,1,-1,0,unknown
27134,cellular,21,nov,42,1,-1,0,unknown
27135,cellular,21,nov,81,1,-1,0,unknown
27136,cellular,21,nov,199,2,-1,0,unknown
27137,cellular,21,nov,73,1,172,2,failure
27138,cellular,21,nov,184,1,-1,0,unknown
27139,cellular,21,nov,51,1,-1,0,unknown
27140,cellular,21,nov,63,1,-1,0,unknown
27141,cellular,21,nov,278,6,-1,0,unknown
27142,cellular,21,nov,70,1,-1,0,unknown
27143,cellular,21,nov,60,1,-1,0,unknown
27144,cellular,21,nov,113,1,-1,0,unknown
27145,cellular,21,nov,70,1,-1,0,unknown
27146,cellular,21,nov,13,4,179,4,failure
27147,cellular,21,nov,44,3,-1,0,unknown
27148,cellular,21,nov,79,1,106,2,failure
27149,cellular,21,nov,401,1,100,2,failure
27150,cellular,21,nov,214,2,-1,0,unknown
27151,cellular,21,nov,59,1,-1,0,unknown
27152,cellular,21,nov,64,1,-1,0,unknown
27153,cellular,21,nov,105,5,102,2,failure
27154,telephone,21,nov,167,1,-1,0,unknown
27155,cellular,21,nov,526,1,-1,0,unknown
27156,cellular,21,nov,128,2,-1,0,unknown
27157,cellular,21,nov,64,1,-1,0,unknown
27158,cellular,21,nov,573,3,-1,0,unknown
27159,cellular,21,nov,206,1,-1,0,unknown
27160,telephone,21,nov,36,1,-1,0,unknown
27161,cellular,21,nov,160,3,120,3,failure
27162,cellular,21,nov,83,1,-1,0,unknown
27163,telephone,21,nov,425,1,-1,0,unknown
27164,cellular,21,nov,166,1,-1,0,unknown
27165,cellular,21,nov,330,2,-1,0,unknown
27166,cellular,21,nov,283,1,171,5,failure
27167,cellular,21,nov,365,1,100,2,failure
27168,telephone,21,nov,109,1,-1,0,unknown
27169,cellular,21,nov,162,2,-1,0,unknown
27170,cellular,21,nov,144,1,-1,0,unknown
27171,telephone,21,nov,49,1,-1,0,unknown
27172,cellular,21,nov,320,2,-1,0,unknown
27173,cellular,21,nov,397,2,-1,0,unknown
27174,cellular,21,nov,140,1,185,2,failure
27175,cellular,21,nov,80,1,-1,0,unknown
27176,cellular,21,nov,70,1,-1,0,unknown
27177,cellular,21,nov,316,3,99,9,other
27178,cellular,21,nov,306,1,-1,0,unknown
27179,cellular,21,nov,70,1,-1,0,unknown
27180,cellular,21,nov,202,1,106,5,failure
27181,cellular,21,nov,55,2,-1,0,unknown
27182,cellular,21,nov,98,1,-1,0,unknown
27183,cellular,21,nov,552,3,127,1,failure
27184,telephone,21,nov,312,1,130,3,other
27185,cellular,21,nov,199,1,-1,0,unknown
27186,cellular,21,nov,89,1,133,2,failure
27187,cellular,21,nov,48,1,-1,0,unknown
27188,cellular,21,nov,171,2,-1,0,unknown
27189,cellular,21,nov,744,2,-1,0,unknown
27190,cellular,21,nov,79,1,171,1,failure
27191,cellular,21,nov,850,1,-1,0,unknown
27192,cellular,21,nov,102,1,121,1,failure
27193,cellular,21,nov,115,2,-1,0,unknown
27194,cellular,21,nov,778,1,-1,0,unknown
27195,cellular,21,nov,233,1,-1,0,unknown
27196,telephone,21,nov,70,1,-1,0,unknown
27197,telephone,21,nov,162,1,-1,0,unknown
27198,cellular,21,nov,38,2,172,2,failure
27199,cellular,21,nov,8,5,-1,0,unknown
27200,cellular,21,nov,18,7,-1,0,unknown
27201,telephone,21,nov,26,1,-1,0,unknown
27202,cellular,21,nov,72,1,-1,0,unknown
27203,cellular,21,nov,164,1,176,1,failure
27204,cellular,21,nov,112,2,-1,0,unknown
27205,cellular,21,nov,18,5,-1,0,unknown
27206,telephone,21,nov,55,5,-1,0,unknown
27207,cellular,21,nov,296,1,-1,0,unknown
27208,cellular,21,nov,203,1,-1,0,unknown
27209,cellular,21,nov,186,2,109,1,other
27210,cellular,21,nov,44,1,-1,0,unknown
27211,cellular,21,nov,227,1,-1,0,unknown
27212,cellular,21,nov,86,1,-1,0,unknown
27213,cellular,21,nov,532,1,-1,0,unknown
27214,cellular,21,nov,326,1,-1,0,unknown
27215,cellular,21,nov,197,1,-1,0,unknown
27216,cellular,21,nov,84,2,-1,0,unknown
27217,cellular,21,nov,752,3,-1,0,unknown
27218,cellular,21,nov,35,1,176,1,failure
27219,cellular,21,nov,252,1,168,4,failure
27220,cellular,21,nov,64,2,184,2,failure
27221,telephone,21,nov,26,10,-1,0,unknown
27222,cellular,21,nov,102,1,-1,0,unknown
27223,cellular,21,nov,183,3,186,1,failure
27224,cellular,21,nov,110,1,-1,0,unknown
27225,cellular,21,nov,67,5,-1,0,unknown
27226,cellular,21,nov,180,1,-1,0,unknown
27227,telephone,21,nov,182,2,-1,0,unknown
27228,cellular,21,nov,749,2,-1,0,unknown
27229,cellular,21,nov,450,1,-1,0,unknown
27230,telephone,21,nov,28,1,-1,0,unknown
27231,cellular,21,nov,119,2,171,1,failure
27232,cellular,21,nov,135,2,-1,0,unknown
27233,cellular,21,nov,902,1,133,2,other
27234,telephone,21,nov,1074,1,-1,0,unknown
27235,cellular,21,nov,798,2,182,5,failure
27236,cellular,21,nov,661,1,-1,0,unknown
27237,cellular,21,nov,492,2,-1,0,unknown
27238,cellular,21,nov,142,1,-1,0,unknown
27239,telephone,21,nov,43,1,-1,0,unknown
27240,cellular,21,nov,168,2,-1,0,unknown
27241,cellular,21,nov,82,3,-1,0,unknown
27242,cellular,21,nov,98,3,-1,0,unknown
27243,cellular,21,nov,63,2,-1,0,unknown
27244,cellular,21,nov,264,2,172,1,failure
27245,cellular,21,nov,118,1,113,4,failure
27246,cellular,21,nov,171,2,-1,0,unknown
27247,cellular,21,nov,124,3,-1,0,unknown
27248,telephone,21,nov,168,3,-1,0,unknown
27249,telephone,21,nov,232,2,-1,0,unknown
27250,cellular,21,nov,190,1,-1,0,unknown
27251,cellular,21,nov,10,7,113,5,failure
27252,cellular,21,nov,456,1,157,1,failure
27253,cellular,21,nov,312,1,-1,0,unknown
27254,cellular,21,nov,45,2,-1,0,unknown
27255,cellular,21,nov,7,8,185,1,failure
27256,cellular,21,nov,124,2,-1,0,unknown
27257,cellular,21,nov,189,1,128,2,other
27258,cellular,21,nov,126,2,171,7,failure
27259,cellular,21,nov,208,1,-1,0,unknown
27260,cellular,21,nov,11,4,-1,0,unknown
27261,cellular,21,nov,232,2,-1,0,unknown
27262,cellular,21,nov,109,1,189,1,failure
27263,cellular,21,nov,28,3,158,3,failure
27264,cellular,21,nov,69,2,-1,0,unknown
27265,cellular,21,nov,148,1,-1,0,unknown
27266,cellular,21,nov,104,3,-1,0,unknown
27267,cellular,21,nov,206,2,119,3,other
27268,cellular,21,nov,65,1,-1,0,unknown
27269,cellular,21,nov,980,2,-1,0,unknown
27270,cellular,21,nov,82,1,179,5,failure
27271,cellular,21,nov,45,1,101,4,failure
27272,cellular,21,nov,56,1,-1,0,unknown
27273,telephone,21,nov,62,1,127,2,failure
27274,cellular,21,nov,16,9,-1,0,unknown
27275,cellular,21,nov,102,1,-1,0,unknown
27276,cellular,21,nov,52,1,179,4,failure
27277,cellular,21,nov,58,1,122,4,failure
27278,cellular,21,nov,55,1,-1,0,unknown
27279,cellular,21,nov,224,3,-1,0,unknown
27280,cellular,21,nov,213,2,-1,0,unknown
27281,cellular,21,nov,226,1,-1,0,unknown
27282,cellular,21,nov,48,1,-1,0,unknown
27283,cellular,21,nov,163,1,-1,0,unknown
27284,cellular,21,nov,24,5,-1,0,unknown
27285,cellular,21,nov,219,2,182,2,failure
27286,cellular,21,nov,103,1,-1,0,unknown
27287,cellular,21,nov,152,1,-1,0,unknown
27288,telephone,21,nov,65,1,-1,0,unknown
27289,cellular,21,nov,531,1,184,1,failure
27290,cellular,21,nov,94,2,-1,0,unknown
27291,cellular,21,nov,171,1,-1,0,unknown
27292,cellular,21,nov,108,1,-1,0,unknown
27293,cellular,21,nov,104,1,-1,0,unknown
27294,cellular,21,nov,937,2,-1,0,unknown
27295,cellular,21,nov,62,2,136,3,failure
27296,cellular,21,nov,220,1,-1,0,unknown
27297,cellular,21,nov,40,1,-1,0,unknown
27298,cellular,21,nov,50,1,-1,0,unknown
27299,cellular,21,nov,53,1,-1,0,unknown
27300,cellular,21,nov,149,1,175,1,failure
27301,cellular,21,nov,119,1,157,2,failure
27302,cellular,21,nov,144,2,-1,0,unknown
27303,cellular,21,nov,259,1,-1,0,unknown
27304,cellular,21,nov,107,1,190,1,failure
27305,cellular,21,nov,381,1,126,1,failure
27306,cellular,21,nov,137,1,-1,0,unknown
27307,cellular,21,nov,226,1,-1,0,unknown
27308,cellular,21,nov,157,4,-1,0,unknown
27309,cellular,21,nov,347,1,184,2,failure
27310,cellular,21,nov,76,1,170,3,failure
27311,cellular,21,nov,58,1,127,1,failure
27312,cellular,21,nov,673,1,-1,0,unknown
27313,cellular,21,nov,44,4,182,1,failure
27314,cellular,21,nov,85,3,-1,0,unknown
27315,cellular,21,nov,18,9,-1,0,unknown
27316,telephone,21,nov,26,5,-1,0,unknown
27317,cellular,21,nov,116,2,-1,0,unknown
27318,cellular,21,nov,127,2,-1,0,unknown
27319,cellular,21,nov,75,5,-1,0,unknown
27320,cellular,21,nov,71,3,192,2,other
27321,cellular,21,nov,161,2,-1,0,unknown
27322,cellular,21,nov,77,1,-1,0,unknown
27323,cellular,21,nov,162,1,-1,0,unknown
27324,cellular,21,nov,197,3,-1,0,unknown
27325,cellular,21,nov,47,1,-1,0,unknown
27326,cellular,21,nov,311,1,-1,0,unknown
27327,cellular,21,nov,53,1,31,1,failure
27328,cellular,21,nov,98,1,-1,0,unknown
27329,cellular,21,nov,133,1,-1,0,unknown
27330,cellular,21,nov,549,2,-1,0,unknown
27331,cellular,21,nov,285,1,179,4,other
27332,cellular,21,nov,72,1,-1,0,unknown
27333,cellular,21,nov,182,1,157,2,failure
27334,telephone,21,nov,34,2,-1,0,unknown
27335,cellular,21,nov,183,1,168,2,failure
27336,cellular,21,nov,158,1,-1,0,unknown
27337,telephone,21,nov,270,1,-1,0,unknown
27338,cellular,21,nov,57,5,199,1,success
27339,cellular,21,nov,1199,3,155,3,other
27340,cellular,21,nov,36,2,-1,0,unknown
27341,cellular,21,nov,220,1,-1,0,unknown
27342,cellular,21,nov,380,2,-1,0,unknown
27343,cellular,21,nov,161,5,-1,0,unknown
27344,cellular,21,nov,653,1,-1,0,unknown
27345,cellular,21,nov,24,2,-1,0,unknown
27346,cellular,21,nov,150,2,-1,0,unknown
27347,cellular,21,nov,362,1,-1,0,unknown
27348,cellular,21,nov,654,1,-1,0,unknown
27349,cellular,21,nov,527,1,95,2,other
27350,cellular,21,nov,120,1,-1,0,unknown
27351,cellular,21,nov,151,1,-1,0,unknown
27352,cellular,21,nov,455,2,94,3,other
27353,cellular,21,nov,490,2,-1,0,unknown
27354,cellular,21,nov,834,1,-1,0,unknown
27355,cellular,21,nov,72,2,-1,0,unknown
27356,cellular,21,nov,83,1,-1,0,unknown
27357,cellular,21,nov,184,2,-1,0,unknown
27358,cellular,21,nov,141,4,-1,0,unknown
27359,cellular,21,nov,124,1,-1,0,unknown
27360,cellular,21,nov,101,1,-1,0,unknown
27361,cellular,21,nov,294,1,116,3,failure
27362,cellular,21,nov,94,2,199,1,failure
27363,cellular,21,nov,13,6,-1,0,unknown
27364,cellular,21,nov,51,2,-1,0,unknown
27365,cellular,21,nov,353,2,113,5,failure
27366,cellular,21,nov,93,2,-1,0,unknown
27367,cellular,21,nov,48,1,137,1,failure
27368,cellular,21,nov,50,1,113,5,other
27369,cellular,21,nov,718,1,-1,0,unknown
27370,telephone,21,nov,114,5,-1,0,unknown
27371,cellular,21,nov,161,3,-1,0,unknown
27372,cellular,21,nov,120,2,-1,0,unknown
27373,cellular,21,nov,150,2,-1,0,unknown
27374,cellular,21,nov,41,2,123,3,failure
27375,cellular,21,nov,94,1,-1,0,unknown
27376,cellular,21,nov,816,1,-1,0,unknown
27377,cellular,21,nov,240,3,-1,0,unknown
27378,cellular,21,nov,1571,1,-1,0,unknown
27379,cellular,21,nov,75,1,-1,0,unknown
27380,cellular,21,nov,108,7,-1,0,unknown
27381,telephone,21,nov,47,2,-1,0,unknown
27382,cellular,21,nov,536,1,-1,0,unknown
27383,cellular,21,nov,290,6,-1,0,unknown
27384,telephone,21,nov,148,3,172,3,failure
27385,cellular,21,nov,229,2,-1,0,unknown
27386,cellular,21,nov,185,2,-1,0,unknown
27387,telephone,21,nov,68,1,-1,0,unknown
27388,cellular,21,nov,906,1,129,3,failure
27389,cellular,21,nov,124,3,102,4,failure
27390,cellular,21,nov,319,3,-1,0,unknown
27391,cellular,21,nov,157,2,-1,0,unknown
27392,cellular,21,nov,48,6,-1,0,unknown
27393,cellular,21,nov,89,2,-1,0,unknown
27394,cellular,21,nov,106,2,-1,0,unknown
27395,cellular,21,nov,92,7,-1,0,unknown
27396,cellular,21,nov,566,4,-1,0,unknown
27397,cellular,21,nov,56,2,175,4,failure
27398,cellular,21,nov,45,2,-1,0,unknown
27399,cellular,21,nov,20,10,113,4,failure
27400,telephone,21,nov,94,7,130,3,other
27401,cellular,21,nov,123,2,-1,0,unknown
27402,cellular,21,nov,408,9,-1,0,unknown
27403,cellular,21,nov,12,5,-1,0,unknown
27404,cellular,21,nov,75,1,-1,0,unknown
27405,cellular,21,nov,664,3,-1,0,unknown
27406,cellular,21,nov,383,4,176,10,failure
27407,cellular,21,nov,78,1,-1,0,unknown
27408,cellular,21,nov,159,1,-1,0,unknown
27409,cellular,21,nov,297,1,-1,0,unknown
27410,cellular,21,nov,61,2,-1,0,unknown
27411,cellular,21,nov,104,2,190,1,other
27412,cellular,21,nov,222,6,-1,0,unknown
27413,cellular,21,nov,7,4,-1,0,unknown
27414,cellular,21,nov,79,3,-1,0,unknown
27415,cellular,21,nov,527,1,-1,0,unknown
27416,cellular,21,nov,53,3,-1,0,unknown
27417,telephone,21,nov,126,1,-1,0,unknown
27418,telephone,21,nov,661,1,-1,0,unknown
27419,cellular,21,nov,224,2,175,1,failure
27420,unknown,21,nov,20,1,-1,0,unknown
27421,cellular,21,nov,59,4,-1,0,unknown
27422,cellular,21,nov,10,7,-1,0,unknown
27423,cellular,21,nov,78,6,-1,0,unknown
27424,cellular,21,nov,21,7,-1,0,unknown
27425,cellular,21,nov,55,2,189,1,failure
27426,cellular,21,nov,207,1,-1,0,unknown
27427,cellular,21,nov,85,1,198,1,failure
27428,cellular,21,nov,188,1,-1,0,unknown
27429,cellular,21,nov,50,2,-1,0,unknown
27430,cellular,21,nov,103,2,-1,0,unknown
27431,cellular,21,nov,757,2,-1,0,unknown
27432,cellular,21,nov,624,1,-1,0,unknown
27433,cellular,21,nov,570,4,-1,0,unknown
27434,cellular,21,nov,139,2,129,4,failure
27435,cellular,21,nov,157,5,-1,0,unknown
27436,cellular,21,nov,579,9,-1,0,unknown
27437,cellular,21,nov,58,2,-1,0,unknown
27438,cellular,21,nov,328,6,-1,0,unknown
27439,cellular,21,nov,366,3,101,6,success
27440,cellular,21,nov,1555,2,-1,0,unknown
27441,cellular,21,nov,373,3,-1,0,unknown
27442,cellular,21,nov,150,4,-1,0,unknown
27443,cellular,21,nov,504,2,93,2,failure
27444,cellular,21,nov,146,4,-1,0,unknown
27445,cellular,21,nov,655,2,-1,0,unknown
27446,cellular,21,nov,69,2,-1,0,unknown
27447,cellular,21,nov,139,6,130,3,failure
27448,cellular,21,nov,51,2,140,11,failure
27449,cellular,21,nov,175,3,100,6,failure
27450,telephone,21,nov,85,3,-1,0,unknown
27451,cellular,21,nov,128,3,-1,0,unknown
27452,cellular,21,nov,11,7,-1,0,unknown
27453,cellular,21,nov,237,2,182,3,failure
27454,cellular,21,nov,82,5,155,1,success
27455,telephone,21,nov,33,1,-1,0,unknown
27456,cellular,21,nov,52,2,-1,0,unknown
27457,cellular,21,nov,289,3,-1,0,unknown
27458,cellular,21,nov,43,1,185,2,failure
27459,cellular,21,nov,101,3,-1,0,unknown
27460,cellular,21,nov,402,4,101,5,failure
27461,cellular,21,nov,59,1,-1,0,unknown
27462,cellular,21,nov,158,1,135,1,failure
27463,cellular,21,nov,221,7,-1,0,unknown
27464,cellular,21,nov,39,1,-1,0,unknown
27465,cellular,21,nov,166,1,-1,0,unknown
27466,cellular,21,nov,73,1,-1,0,unknown
27467,cellular,21,nov,89,2,-1,0,unknown
27468,cellular,21,nov,140,1,-1,0,unknown
27469,cellular,21,nov,608,3,-1,0,unknown
27470,cellular,21,nov,240,3,-1,0,unknown
27471,cellular,21,nov,98,1,-1,0,unknown
27472,cellular,21,nov,173,1,192,1,failure
27473,cellular,21,nov,584,2,-1,0,unknown
27474,cellular,21,nov,137,2,-1,0,unknown
27475,cellular,21,nov,379,2,-1,0,unknown
27476,cellular,21,nov,177,2,184,1,failure
27477,cellular,21,nov,1036,2,-1,0,unknown
27478,cellular,21,nov,675,4,171,4,failure
27479,cellular,21,nov,139,3,-1,0,unknown
27480,cellular,21,nov,377,1,-1,0,unknown
27481,cellular,21,nov,86,2,-1,0,unknown
27482,cellular,21,nov,92,2,-1,0,unknown
27483,telephone,21,nov,181,2,-1,0,unknown
27484,cellular,21,nov,197,2,157,4,failure
27485,cellular,21,nov,394,5,179,2,other
27486,cellular,21,nov,65,4,-1,0,unknown
27487,cellular,21,nov,8,6,-1,0,unknown
27488,cellular,21,nov,82,4,191,1,failure
27489,cellular,21,nov,70,2,-1,0,unknown
27490,cellular,21,nov,519,1,-1,0,unknown
27491,cellular,21,nov,61,4,-1,0,unknown
27492,cellular,21,nov,46,7,-1,0,unknown
27493,cellular,21,nov,163,2,156,8,failure
27494,cellular,21,nov,292,3,-1,0,unknown
27495,cellular,21,nov,314,4,-1,0,unknown
27496,cellular,21,nov,162,5,-1,0,unknown
27497,telephone,21,nov,39,9,-1,0,unknown
27498,cellular,21,nov,360,2,-1,0,unknown
27499,cellular,21,nov,230,3,-1,0,unknown
27500,cellular,21,nov,25,3,-1,0,unknown
27501,cellular,21,nov,162,2,-1,0,unknown
27502,cellular,21,nov,155,2,-1,0,unknown
27503,telephone,21,nov,61,3,168,2,failure
27504,cellular,21,nov,32,2,116,3,other
27505,cellular,21,nov,251,2,-1,0,unknown
27506,cellular,21,nov,22,2,154,4,failure
27507,cellular,21,nov,58,2,-1,0,unknown
27508,cellular,21,nov,281,2,-1,0,unknown
27509,cellular,21,nov,36,2,-1,0,unknown
27510,cellular,21,nov,165,2,-1,0,unknown
27511,cellular,21,nov,285,3,116,4,failure
27512,cellular,21,nov,459,3,-1,0,unknown
27513,cellular,21,nov,98,5,-1,0,unknown
27514,telephone,21,nov,29,4,-1,0,unknown
27515,cellular,21,nov,1540,2,-1,0,unknown
27516,cellular,21,nov,39,10,-1,0,unknown
27517,telephone,21,nov,544,2,-1,0,unknown
27518,cellular,21,nov,663,4,-1,0,unknown
27519,cellular,21,nov,173,4,175,1,failure
27520,cellular,21,nov,122,3,193,4,failure
27521,cellular,21,nov,695,3,-1,0,unknown
27522,cellular,21,nov,88,2,-1,0,unknown
27523,cellular,21,nov,369,2,-1,0,unknown
27524,cellular,21,nov,148,2,-1,0,unknown
27525,telephone,21,nov,64,3,-1,0,unknown
27526,cellular,21,nov,216,4,-1,0,unknown
27527,cellular,21,nov,219,2,-1,0,unknown
27528,cellular,21,nov,90,2,-1,0,unknown
27529,cellular,21,nov,164,3,-1,0,unknown
27530,cellular,21,nov,156,2,-1,0,unknown
27531,cellular,21,nov,147,3,-1,0,unknown
27532,cellular,21,nov,681,4,-1,0,unknown
27533,cellular,21,nov,129,2,-1,0,unknown
27534,cellular,21,nov,169,2,-1,0,unknown
27535,cellular,21,nov,268,3,-1,0,unknown
27536,cellular,21,nov,585,4,191,4,failure
27537,cellular,21,nov,36,2,-1,0,unknown
27538,cellular,21,nov,129,4,-1,0,unknown
27539,cellular,21,nov,888,3,-1,0,unknown
27540,cellular,21,nov,14,9,-1,0,unknown
27541,cellular,21,nov,808,2,-1,0,unknown
27542,cellular,21,nov,305,6,-1,0,unknown
27543,cellular,21,nov,18,4,106,2,other
27544,cellular,21,nov,87,4,-1,0,unknown
27545,cellular,21,nov,77,5,-1,0,unknown
27546,cellular,21,nov,107,4,-1,0,unknown
27547,cellular,21,nov,132,2,-1,0,unknown
27548,cellular,21,nov,382,3,-1,0,unknown
27549,cellular,21,nov,39,4,182,3,failure
27550,cellular,21,nov,13,2,-1,0,unknown
27551,cellular,21,nov,775,3,-1,0,unknown
27552,cellular,21,nov,48,7,154,5,failure
27553,cellular,21,nov,1032,10,115,3,failure
27554,cellular,21,nov,278,2,-1,0,unknown
27555,cellular,21,nov,705,6,-1,0,unknown
27556,cellular,21,nov,225,3,-1,0,unknown
27557,cellular,21,nov,64,2,100,5,failure
27558,cellular,21,nov,634,4,-1,0,unknown
27559,cellular,21,nov,965,2,-1,0,unknown
27560,cellular,21,nov,855,3,-1,0,unknown
27561,cellular,21,nov,258,2,93,3,failure
27562,cellular,21,nov,484,4,-1,0,unknown
27563,cellular,21,nov,229,2,-1,0,unknown
27564,cellular,21,nov,330,2,-1,0,unknown
27565,cellular,21,nov,41,4,-1,0,unknown
27566,cellular,21,nov,95,3,-1,0,unknown
27567,cellular,21,nov,1222,2,-1,0,unknown
27568,cellular,21,nov,639,2,93,4,failure
27569,cellular,21,nov,75,3,-1,0,unknown
27570,cellular,21,nov,123,2,-1,0,unknown
27571,cellular,21,nov,711,2,-1,0,unknown
27572,cellular,21,nov,271,2,-1,0,unknown
27573,telephone,21,nov,178,5,-1,0,unknown
27574,cellular,21,nov,534,2,-1,0,unknown
27575,cellular,21,nov,432,2,184,1,other
27576,cellular,21,nov,104,2,-1,0,unknown
27577,cellular,21,nov,1195,2,175,1,other
27578,cellular,21,nov,168,2,-1,0,unknown
27579,cellular,21,nov,229,3,-1,0,unknown
27580,cellular,21,nov,127,3,-1,0,unknown
27581,cellular,21,nov,59,3,-1,0,unknown
27582,cellular,21,nov,158,4,-1,0,unknown
27583,cellular,21,nov,246,2,-1,0,unknown
27584,cellular,21,nov,70,2,-1,0,unknown
27585,cellular,21,nov,378,4,-1,0,unknown
27586,cellular,21,nov,244,2,-1,0,unknown
27587,cellular,21,nov,140,3,-1,0,unknown
27588,cellular,21,nov,210,3,-1,0,unknown
27589,cellular,21,nov,11,2,-1,0,unknown
27590,cellular,21,nov,214,2,-1,0,unknown
27591,cellular,21,nov,208,3,91,4,failure
27592,cellular,21,nov,12,3,177,6,failure
27593,cellular,21,nov,358,3,-1,0,unknown
27594,cellular,21,nov,407,4,182,2,other
27595,cellular,21,nov,64,5,-1,0,unknown
27596,cellular,21,nov,197,2,99,2,other
27597,cellular,21,nov,126,2,-1,0,unknown
27598,cellular,21,nov,109,2,193,4,failure
27599,cellular,21,nov,205,2,-1,0,unknown
27600,cellular,21,nov,570,2,-1,0,unknown
27601,cellular,21,nov,127,2,176,2,other
27602,cellular,21,nov,331,2,-1,0,unknown
27603,cellular,21,nov,307,2,-1,0,unknown
27604,cellular,21,nov,14,7,-1,0,unknown
27605,cellular,21,nov,163,2,113,3,failure
27606,cellular,21,nov,27,3,108,3,other
27607,cellular,21,nov,13,2,-1,0,unknown
27608,cellular,21,nov,64,6,-1,0,unknown
27609,telephone,21,nov,136,2,179,4,failure
27610,cellular,21,nov,170,2,-1,0,unknown
27611,telephone,21,nov,171,2,-1,0,unknown
27612,cellular,21,nov,136,2,-1,0,unknown
27613,telephone,21,nov,25,3,-1,0,unknown
27614,cellular,21,nov,337,2,182,3,failure
27615,cellular,21,nov,72,4,-1,0,unknown
27616,cellular,21,nov,158,7,-1,0,unknown
27617,cellular,21,nov,139,2,-1,0,unknown
27618,cellular,21,nov,82,2,-1,0,unknown
27619,cellular,21,nov,201,5,-1,0,unknown
27620,cellular,21,nov,7,5,-1,0,unknown
27621,cellular,21,nov,15,2,-1,0,unknown
27622,cellular,21,nov,14,8,185,1,other
27623,cellular,21,nov,391,2,127,2,failure
27624,cellular,21,nov,21,7,141,9,other
27625,telephone,21,nov,129,3,-1,0,unknown
27626,cellular,21,nov,118,2,176,7,failure
27627,cellular,21,nov,149,2,-1,0,unknown
27628,cellular,21,nov,21,3,185,2,failure
27629,cellular,21,nov,223,2,186,3,other
27630,telephone,21,nov,345,2,-1,0,unknown
27631,cellular,21,nov,211,7,94,8,failure
27632,cellular,21,nov,6,5,-1,0,unknown
27633,cellular,21,nov,73,2,-1,0,unknown
27634,cellular,21,nov,321,3,127,3,failure
27635,cellular,21,nov,110,2,-1,0,unknown
27636,cellular,21,nov,170,2,-1,0,unknown
27637,cellular,21,nov,56,2,-1,0,unknown
27638,cellular,21,nov,281,2,191,2,failure
27639,cellular,21,nov,328,4,113,27,failure
27640,cellular,21,nov,125,2,-1,0,unknown
27641,cellular,21,nov,48,2,-1,0,unknown
27642,cellular,21,nov,6,6,-1,0,unknown
27643,telephone,21,nov,1441,3,-1,0,unknown
27644,telephone,21,nov,77,5,-1,0,unknown
27645,cellular,21,nov,1555,2,-1,0,unknown
27646,cellular,21,nov,18,5,-1,0,unknown
27647,cellular,21,nov,8,2,-1,0,unknown
27648,cellular,21,nov,182,3,-1,0,unknown
27649,cellular,21,nov,12,5,190,1,failure
27650,telephone,21,nov,8,5,137,1,failure
27651,cellular,21,nov,158,3,114,1,failure
27652,cellular,21,nov,8,3,-1,0,unknown
27653,cellular,21,nov,9,5,-1,0,unknown
27654,cellular,21,nov,9,7,-1,0,unknown
27655,cellular,21,nov,22,5,-1,0,unknown
27656,cellular,21,nov,24,9,-1,0,unknown
27657,telephone,21,nov,192,9,-1,0,unknown
27658,cellular,21,nov,925,5,-1,0,unknown
27659,cellular,21,nov,175,4,-1,0,unknown
27660,cellular,21,nov,9,3,185,2,failure
27661,telephone,21,nov,69,2,-1,0,unknown
27662,cellular,21,nov,37,2,-1,0,unknown
27663,telephone,21,nov,240,2,-1,0,unknown
27664,cellular,21,nov,23,8,126,5,other
27665,cellular,21,nov,11,2,-1,0,unknown
27666,cellular,21,nov,11,4,-1,0,unknown
27667,cellular,21,nov,13,2,192,1,other
27668,cellular,21,nov,412,2,143,1,failure
27669,cellular,21,nov,104,2,-1,0,unknown
27670,cellular,21,nov,22,4,114,1,failure
27671,cellular,21,nov,234,5,102,5,failure
27672,cellular,21,nov,31,7,-1,0,unknown
27673,telephone,21,nov,30,3,-1,0,unknown
27674,cellular,21,nov,8,3,-1,0,unknown
27675,cellular,21,nov,105,4,-1,0,unknown
27676,cellular,21,nov,85,2,-1,0,unknown
27677,cellular,21,nov,36,2,-1,0,unknown
27678,cellular,21,nov,11,3,175,1,failure
27679,cellular,21,nov,14,7,-1,0,unknown
27680,cellular,21,nov,19,2,179,3,other
27681,cellular,21,nov,521,3,-1,0,unknown
27682,cellular,21,nov,48,4,-1,0,unknown
27683,cellular,21,nov,37,2,-1,0,unknown
27684,cellular,21,nov,29,2,176,4,other
27685,cellular,21,nov,5,3,-1,0,unknown
27686,cellular,21,nov,9,6,-1,0,unknown
27687,cellular,21,nov,227,5,-1,0,unknown
27688,cellular,21,nov,51,5,113,2,failure
27689,cellular,21,nov,168,3,-1,0,unknown
27690,cellular,21,nov,1015,2,-1,0,unknown
27691,cellular,21,nov,183,4,-1,0,unknown
27692,cellular,21,nov,326,2,-1,0,unknown
27693,cellular,21,nov,147,2,179,3,failure
27694,cellular,21,nov,33,3,-1,0,unknown
27695,cellular,21,nov,72,3,29,4,success
27696,cellular,21,nov,53,2,-1,0,unknown
27697,cellular,21,nov,79,4,-1,0,unknown
27698,cellular,21,nov,1067,2,-1,0,unknown
27699,cellular,21,nov,10,3,-1,0,unknown
27700,cellular,21,nov,71,9,-1,0,unknown
27701,cellular,21,nov,273,5,-1,0,unknown
27702,cellular,21,nov,11,4,-1,0,unknown
27703,cellular,21,nov,274,3,-1,0,unknown
27704,cellular,21,nov,61,7,136,1,failure
27705,telephone,21,nov,10,3,-1,0,unknown
27706,telephone,21,nov,47,4,-1,0,unknown
27707,cellular,21,nov,280,2,-1,0,unknown
27708,cellular,21,nov,34,2,-1,0,unknown
27709,telephone,21,nov,333,3,-1,0,unknown
27710,cellular,21,nov,219,2,-1,0,unknown
27711,telephone,21,nov,205,3,119,8,failure
27712,cellular,21,nov,643,3,-1,0,unknown
27713,telephone,22,nov,1914,1,-1,0,unknown
27714,telephone,27,nov,24,1,-1,0,unknown
27715,telephone,27,nov,8,1,-1,0,unknown
27716,telephone,4,dec,43,1,-1,0,unknown
27717,cellular,4,dec,18,1,-1,0,unknown
27718,telephone,5,dec,12,1,-1,0,unknown
27719,telephone,5,dec,291,1,-1,0,unknown
27720,telephone,7,dec,6,1,-1,0,unknown
27721,telephone,8,dec,170,1,-1,0,unknown
27722,unknown,9,dec,10,1,-1,0,unknown
27723,cellular,11,dec,234,1,-1,0,unknown
27724,telephone,11,dec,173,1,-1,0,unknown
27725,telephone,12,dec,136,1,-1,0,unknown
27726,unknown,13,dec,232,1,-1,0,unknown
27727,telephone,22,dec,119,1,-1,0,unknown
27728,unknown,27,dec,333,1,-1,0,unknown
27729,cellular,28,jan,59,1,268,1,failure
27730,cellular,28,jan,260,1,268,2,failure
27731,cellular,28,jan,198,1,-1,0,unknown
27732,cellular,28,jan,58,1,-1,0,unknown
27733,cellular,28,jan,338,1,-1,0,unknown
27734,telephone,28,jan,69,1,-1,0,unknown
27735,cellular,28,jan,70,1,-1,0,unknown
27736,telephone,28,jan,112,1,-1,0,unknown
27737,cellular,28,jan,113,1,-1,0,unknown
27738,cellular,28,jan,62,1,-1,0,unknown
27739,cellular,28,jan,97,1,169,3,failure
27740,cellular,28,jan,130,1,247,2,failure
27741,cellular,28,jan,228,1,-1,0,unknown
27742,cellular,28,jan,602,1,253,5,other
27743,cellular,28,jan,285,1,-1,0,unknown
27744,telephone,28,jan,119,1,-1,0,unknown
27745,cellular,28,jan,57,1,-1,0,unknown
27746,cellular,28,jan,145,1,-1,0,unknown
27747,cellular,28,jan,30,1,-1,0,unknown
27748,cellular,28,jan,69,1,-1,0,unknown
27749,cellular,28,jan,267,1,-1,0,unknown
27750,cellular,28,jan,164,1,-1,0,unknown
27751,cellular,28,jan,997,1,-1,0,unknown
27752,cellular,28,jan,223,1,247,2,success
27753,cellular,28,jan,159,1,226,1,success
27754,cellular,28,jan,107,1,-1,0,unknown
27755,cellular,28,jan,72,1,167,2,failure
27756,cellular,28,jan,204,1,-1,0,unknown
27757,cellular,28,jan,105,1,244,1,other
27758,cellular,28,jan,74,1,239,2,failure
27759,cellular,28,jan,198,1,244,1,other
27760,cellular,28,jan,194,1,-1,0,unknown
27761,cellular,28,jan,558,1,-1,0,unknown
27762,cellular,28,jan,226,1,-1,0,unknown
27763,cellular,28,jan,1048,1,-1,0,unknown
27764,cellular,28,jan,389,1,-1,0,unknown
27765,cellular,28,jan,1387,1,-1,0,unknown
27766,cellular,28,jan,66,1,-1,0,unknown
27767,cellular,28,jan,50,1,-1,0,unknown
27768,cellular,28,jan,396,1,-1,0,unknown
27769,telephone,28,jan,56,1,-1,0,unknown
27770,cellular,28,jan,70,1,-1,0,unknown
27771,cellular,28,jan,485,1,-1,0,unknown
27772,cellular,28,jan,67,1,-1,0,unknown
27773,cellular,28,jan,228,1,196,2,failure
27774,cellular,28,jan,80,1,-1,0,unknown
27775,cellular,28,jan,451,1,-1,0,unknown
27776,cellular,28,jan,885,1,-1,0,unknown
27777,cellular,28,jan,1232,1,-1,0,unknown
27778,cellular,28,jan,70,1,245,1,failure
27779,cellular,28,jan,200,1,-1,0,unknown
27780,cellular,28,jan,104,1,245,2,failure
27781,cellular,28,jan,468,1,-1,0,unknown
27782,cellular,28,jan,99,1,-1,0,unknown
27783,cellular,28,jan,100,1,-1,0,unknown
27784,cellular,28,jan,280,1,-1,0,unknown
27785,cellular,28,jan,296,1,-1,0,unknown
27786,cellular,28,jan,230,1,204,1,other
27787,cellular,28,jan,263,2,-1,0,unknown
27788,cellular,28,jan,158,1,-1,0,unknown
27789,cellular,28,jan,148,1,197,4,failure
27790,telephone,28,jan,309,1,-1,0,unknown
27791,cellular,28,jan,91,1,231,1,failure
27792,cellular,28,jan,446,1,182,8,failure
27793,cellular,28,jan,200,1,-1,0,unknown
27794,cellular,28,jan,282,1,238,2,failure
27795,cellular,28,jan,383,2,-1,0,unknown
27796,cellular,28,jan,83,1,258,1,other
27797,cellular,28,jan,227,1,-1,0,unknown
27798,cellular,28,jan,81,2,-1,0,unknown
27799,cellular,28,jan,24,1,-1,0,unknown
27800,cellular,28,jan,319,1,-1,0,unknown
27801,cellular,28,jan,123,1,204,1,failure
27802,cellular,28,jan,56,1,-1,0,unknown
27803,cellular,28,jan,622,1,-1,0,unknown
27804,cellular,28,jan,137,1,-1,0,unknown
27805,cellular,28,jan,174,1,-1,0,unknown
27806,cellular,28,jan,41,1,-1,0,unknown
27807,cellular,28,jan,299,1,-1,0,unknown
27808,cellular,28,jan,90,1,-1,0,unknown
27809,cellular,28,jan,214,1,-1,0,unknown
27810,cellular,28,jan,161,1,-1,0,unknown
27811,cellular,28,jan,123,1,-1,0,unknown
27812,cellular,28,jan,154,1,-1,0,unknown
27813,cellular,28,jan,347,1,230,1,failure
27814,cellular,28,jan,219,2,254,3,failure
27815,cellular,28,jan,339,1,-1,0,unknown
27816,cellular,28,jan,165,1,-1,0,unknown
27817,cellular,28,jan,384,1,-1,0,unknown
27818,cellular,28,jan,90,1,265,4,failure
27819,cellular,28,jan,233,1,-1,0,unknown
27820,cellular,28,jan,706,1,-1,0,unknown
27821,cellular,28,jan,572,1,-1,0,unknown
27822,cellular,28,jan,109,1,-1,0,unknown
27823,cellular,28,jan,829,1,-1,0,unknown
27824,cellular,28,jan,181,1,177,2,failure
27825,cellular,28,jan,76,1,-1,0,unknown
27826,telephone,28,jan,43,1,-1,0,unknown
27827,cellular,28,jan,155,1,-1,0,unknown
27828,cellular,28,jan,342,1,-1,0,unknown
27829,cellular,28,jan,430,1,-1,0,unknown
27830,cellular,28,jan,176,1,189,1,failure
27831,telephone,28,jan,172,1,-1,0,unknown
27832,cellular,28,jan,244,1,-1,0,unknown
27833,cellular,28,jan,402,2,-1,0,unknown
27834,cellular,28,jan,301,1,-1,0,unknown
27835,cellular,28,jan,56,1,-1,0,unknown
27836,cellular,28,jan,146,1,-1,0,unknown
27837,cellular,28,jan,103,1,245,2,failure
27838,cellular,28,jan,355,1,-1,0,unknown
27839,cellular,28,jan,223,1,196,1,failure
27840,cellular,28,jan,203,1,-1,0,unknown
27841,cellular,28,jan,574,1,-1,0,unknown
27842,cellular,28,jan,111,1,-1,0,unknown
27843,cellular,28,jan,139,1,-1,0,unknown
27844,telephone,28,jan,28,1,-1,0,unknown
27845,cellular,28,jan,138,1,-1,0,unknown
27846,cellular,28,jan,561,1,-1,0,unknown
27847,cellular,28,jan,68,1,-1,0,unknown
27848,cellular,28,jan,131,1,-1,0,unknown
27849,cellular,28,jan,390,1,-1,0,unknown
27850,cellular,28,jan,97,2,-1,0,unknown
27851,cellular,28,jan,300,1,-1,0,unknown
27852,cellular,28,jan,142,1,-1,0,unknown
27853,cellular,28,jan,531,1,-1,0,unknown
27854,cellular,28,jan,558,1,-1,0,unknown
27855,cellular,28,jan,242,1,184,8,failure
27856,cellular,28,jan,132,1,-1,0,unknown
27857,cellular,28,jan,255,1,-1,0,unknown
27858,cellular,28,jan,156,1,-1,0,unknown
27859,telephone,28,jan,109,1,-1,0,unknown
27860,cellular,28,jan,314,1,-1,0,unknown
27861,cellular,28,jan,191,1,-1,0,unknown
27862,cellular,28,jan,80,1,-1,0,unknown
27863,cellular,28,jan,246,1,-1,0,unknown
27864,cellular,28,jan,461,2,204,2,failure
27865,cellular,28,jan,304,1,71,1,failure
27866,cellular,28,jan,256,1,-1,0,unknown
27867,cellular,28,jan,77,1,-1,0,unknown
27868,cellular,28,jan,100,1,-1,0,unknown
27869,cellular,28,jan,374,1,-1,0,unknown
27870,cellular,28,jan,71,1,223,9,other
27871,cellular,28,jan,52,1,-1,0,unknown
27872,telephone,28,jan,30,1,-1,0,unknown
27873,cellular,28,jan,412,1,-1,0,unknown
27874,cellular,28,jan,158,1,265,2,failure
27875,cellular,28,jan,97,1,-1,0,unknown
27876,cellular,28,jan,268,1,-1,0,unknown
27877,cellular,28,jan,625,1,-1,0,unknown
27878,cellular,28,jan,121,1,-1,0,unknown
27879,cellular,28,jan,273,1,-1,0,unknown
27880,cellular,28,jan,70,1,-1,0,unknown
27881,cellular,28,jan,333,1,-1,0,unknown
27882,telephone,28,jan,39,1,-1,0,unknown
27883,cellular,28,jan,287,1,-1,0,unknown
27884,cellular,28,jan,60,1,-1,0,unknown
27885,cellular,28,jan,872,1,-1,0,unknown
27886,cellular,28,jan,86,1,189,1,failure
27887,cellular,28,jan,214,1,183,2,failure
27888,cellular,28,jan,99,1,246,4,failure
27889,telephone,28,jan,44,1,-1,0,unknown
27890,cellular,28,jan,289,1,-1,0,unknown
27891,cellular,28,jan,48,1,181,5,failure
27892,cellular,28,jan,58,1,-1,0,unknown
27893,cellular,28,jan,53,1,-1,0,unknown
27894,cellular,28,jan,326,1,183,6,success
27895,cellular,28,jan,449,2,-1,0,unknown
27896,cellular,28,jan,255,2,-1,0,unknown
27897,cellular,28,jan,507,1,184,4,failure
27898,cellular,28,jan,51,1,-1,0,unknown
27899,cellular,28,jan,79,1,-1,0,unknown
27900,cellular,28,jan,192,1,-1,0,unknown
27901,cellular,28,jan,93,1,-1,0,unknown
27902,cellular,28,jan,144,1,197,2,failure
27903,cellular,28,jan,121,1,190,2,failure
27904,cellular,28,jan,221,2,182,5,failure
27905,cellular,28,jan,126,1,-1,0,unknown
27906,cellular,28,jan,130,1,-1,0,unknown
27907,cellular,28,jan,384,2,-1,0,unknown
27908,telephone,28,jan,120,2,154,16,failure
27909,cellular,28,jan,252,2,268,2,failure
27910,telephone,28,jan,63,1,-1,0,unknown
27911,cellular,28,jan,73,1,-1,0,unknown
27912,cellular,28,jan,250,2,-1,0,unknown
27913,cellular,28,jan,368,1,-1,0,unknown
27914,cellular,28,jan,273,2,-1,0,unknown
27915,cellular,28,jan,66,2,198,3,failure
27916,telephone,28,jan,852,2,-1,0,unknown
27917,cellular,28,jan,183,1,-1,0,unknown
27918,cellular,28,jan,214,1,-1,0,unknown
27919,cellular,28,jan,166,2,-1,0,unknown
27920,cellular,28,jan,207,1,-1,0,unknown
27921,cellular,28,jan,29,1,-1,0,unknown
27922,cellular,28,jan,280,1,-1,0,unknown
27923,cellular,28,jan,146,1,-1,0,unknown
27924,cellular,28,jan,131,1,-1,0,unknown
27925,cellular,28,jan,103,2,-1,0,unknown
27926,cellular,28,jan,326,1,-1,0,unknown
27927,telephone,28,jan,41,1,-1,0,unknown
27928,cellular,28,jan,107,1,163,5,other
27929,telephone,28,jan,37,1,-1,0,unknown
27930,cellular,28,jan,128,1,-1,0,unknown
27931,cellular,28,jan,596,1,-1,0,unknown
27932,cellular,28,jan,56,2,-1,0,unknown
27933,cellular,28,jan,59,1,-1,0,unknown
27934,cellular,28,jan,399,1,-1,0,unknown
27935,cellular,28,jan,222,2,191,1,failure
27936,cellular,28,jan,144,1,-1,0,unknown
27937,cellular,28,jan,114,1,-1,0,unknown
27938,cellular,28,jan,105,2,-1,0,unknown
27939,cellular,28,jan,120,2,-1,0,unknown
27940,cellular,28,jan,90,1,-1,0,unknown
27941,cellular,28,jan,132,1,-1,0,unknown
27942,cellular,28,jan,978,2,189,1,other
27943,cellular,28,jan,160,1,-1,0,unknown
27944,cellular,28,jan,935,2,-1,0,unknown
27945,cellular,28,jan,188,1,-1,0,unknown
27946,cellular,28,jan,203,1,-1,0,unknown
27947,cellular,28,jan,432,1,-1,0,unknown
27948,cellular,28,jan,52,1,-1,0,unknown
27949,cellular,28,jan,769,1,-1,0,unknown
27950,cellular,28,jan,196,1,-1,0,unknown
27951,telephone,28,jan,55,1,-1,0,unknown
27952,cellular,28,jan,142,1,-1,0,unknown
27953,cellular,28,jan,455,1,-1,0,unknown
27954,cellular,28,jan,211,1,-1,0,unknown
27955,cellular,28,jan,102,2,-1,0,unknown
27956,cellular,28,jan,155,1,-1,0,unknown
27957,cellular,28,jan,63,1,-1,0,unknown
27958,cellular,28,jan,290,2,153,3,failure
27959,cellular,28,jan,251,1,-1,0,unknown
27960,cellular,28,jan,445,1,223,1,failure
27961,cellular,28,jan,32,1,-1,0,unknown
27962,cellular,28,jan,216,1,-1,0,unknown
27963,telephone,28,jan,435,1,-1,0,unknown
27964,cellular,28,jan,364,1,-1,0,unknown
27965,telephone,28,jan,38,1,-1,0,unknown
27966,cellular,28,jan,100,2,-1,0,unknown
27967,cellular,28,jan,389,1,181,5,failure
27968,cellular,28,jan,929,1,-1,0,unknown
27969,cellular,28,jan,74,1,-1,0,unknown
27970,cellular,28,jan,74,1,176,2,failure
27971,cellular,28,jan,219,1,-1,0,unknown
27972,cellular,28,jan,169,2,-1,0,unknown
27973,cellular,28,jan,87,2,-1,0,unknown
27974,telephone,28,jan,229,1,184,7,success
27975,cellular,28,jan,1972,2,-1,0,unknown
27976,cellular,28,jan,60,1,250,1,other
27977,cellular,28,jan,218,2,177,1,failure
27978,cellular,28,jan,296,1,-1,0,unknown
27979,cellular,28,jan,458,2,-1,0,unknown
27980,cellular,28,jan,452,1,-1,0,unknown
27981,cellular,28,jan,146,1,-1,0,unknown
27982,cellular,28,jan,98,1,154,6,failure
27983,cellular,28,jan,117,2,-1,0,unknown
27984,cellular,28,jan,176,1,266,1,other
27985,cellular,28,jan,158,2,153,12,failure
27986,cellular,28,jan,741,1,-1,0,unknown
27987,cellular,28,jan,374,2,-1,0,unknown
27988,cellular,28,jan,92,1,-1,0,unknown
27989,cellular,28,jan,236,2,-1,0,unknown
27990,cellular,28,jan,191,2,-1,0,unknown
27991,cellular,28,jan,132,2,-1,0,unknown
27992,cellular,28,jan,301,2,-1,0,unknown
27993,cellular,28,jan,112,1,-1,0,unknown
27994,cellular,28,jan,175,1,-1,0,unknown
27995,cellular,28,jan,122,1,-1,0,unknown
27996,cellular,28,jan,536,2,-1,0,unknown
27997,cellular,28,jan,1745,2,-1,0,unknown
27998,cellular,28,jan,233,2,-1,0,unknown
27999,cellular,28,jan,38,1,-1,0,unknown
28000,cellular,28,jan,186,1,-1,0,unknown
28001,cellular,28,jan,1199,2,-1,0,unknown
28002,telephone,28,jan,170,2,240,1,other
28003,cellular,28,jan,230,2,-1,0,unknown
28004,cellular,28,jan,246,1,-1,0,unknown
28005,cellular,28,jan,198,3,-1,0,unknown
28006,cellular,28,jan,163,1,-1,0,unknown
28007,cellular,28,jan,90,1,204,1,failure
28008,cellular,28,jan,196,1,-1,0,unknown
28009,cellular,28,jan,119,1,268,1,other
28010,cellular,28,jan,136,1,-1,0,unknown
28011,cellular,28,jan,92,1,-1,0,unknown
28012,cellular,28,jan,287,2,-1,0,unknown
28013,cellular,28,jan,68,2,-1,0,unknown
28014,cellular,28,jan,208,1,-1,0,unknown
28015,cellular,28,jan,234,1,181,6,failure
28016,cellular,28,jan,135,1,-1,0,unknown
28017,cellular,28,jan,48,1,-1,0,unknown
28018,telephone,28,jan,88,2,-1,0,unknown
28019,cellular,28,jan,410,2,-1,0,unknown
28020,cellular,28,jan,210,2,-1,0,unknown
28021,cellular,28,jan,207,3,-1,0,unknown
28022,cellular,28,jan,139,2,-1,0,unknown
28023,cellular,28,jan,212,2,-1,0,unknown
28024,cellular,28,jan,290,2,184,2,failure
28025,cellular,28,jan,296,2,-1,0,unknown
28026,cellular,28,jan,148,2,258,2,failure
28027,cellular,28,jan,321,2,-1,0,unknown
28028,cellular,28,jan,241,3,-1,0,unknown
28029,cellular,28,jan,58,2,184,15,other
28030,telephone,28,jan,201,2,-1,0,unknown
28031,cellular,28,jan,411,2,156,8,other
28032,cellular,28,jan,271,2,-1,0,unknown
28033,cellular,28,jan,96,2,-1,0,unknown
28034,cellular,28,jan,1121,2,205,3,failure
28035,cellular,28,jan,64,3,-1,0,unknown
28036,telephone,28,jan,119,2,-1,0,unknown
28037,cellular,28,jan,942,2,-1,0,unknown
28038,cellular,28,jan,873,3,-1,0,unknown
28039,telephone,28,jan,183,2,-1,0,unknown
28040,cellular,28,jan,352,2,-1,0,unknown
28041,telephone,28,jan,227,3,187,1,other
28042,cellular,28,jan,965,3,-1,0,unknown
28043,cellular,28,jan,177,2,-1,0,unknown
28044,cellular,28,jan,692,2,247,3,failure
28045,cellular,28,jan,128,2,-1,0,unknown
28046,telephone,28,jan,42,3,-1,0,unknown
28047,telephone,28,jan,148,2,-1,0,unknown
28048,cellular,28,jan,391,2,191,1,failure
28049,cellular,28,jan,515,3,-1,0,unknown
28050,cellular,28,jan,198,3,-1,0,unknown
28051,cellular,28,jan,554,2,-1,0,unknown
28052,telephone,28,jan,157,3,-1,0,unknown
28053,telephone,28,jan,360,2,-1,0,unknown
28054,cellular,28,jan,503,2,-1,0,unknown
28055,cellular,28,jan,81,2,-1,0,unknown
28056,cellular,28,jan,294,3,-1,0,unknown
28057,cellular,28,jan,224,2,-1,0,unknown
28058,cellular,28,jan,156,2,-1,0,unknown
28059,cellular,28,jan,405,3,-1,0,unknown
28060,cellular,28,jan,699,2,-1,0,unknown
28061,cellular,28,jan,567,3,-1,0,unknown
28062,cellular,28,jan,168,2,205,1,failure
28063,telephone,28,jan,54,3,160,13,failure
28064,cellular,28,jan,2150,2,-1,0,unknown
28065,telephone,28,jan,85,2,-1,0,unknown
28066,cellular,28,jan,1451,2,-1,0,unknown
28067,cellular,28,jan,180,3,-1,0,unknown
28068,telephone,28,jan,123,2,-1,0,unknown
28069,cellular,28,jan,127,2,-1,0,unknown
28070,cellular,28,jan,253,2,-1,0,unknown
28071,cellular,28,jan,65,2,-1,0,unknown
28072,cellular,28,jan,262,2,268,2,other
28073,cellular,28,jan,320,2,-1,0,unknown
28074,telephone,28,jan,70,2,-1,0,unknown
28075,telephone,28,jan,74,2,-1,0,unknown
28076,cellular,28,jan,79,4,-1,0,unknown
28077,cellular,28,jan,150,2,-1,0,unknown
28078,cellular,28,jan,114,2,-1,0,unknown
28079,cellular,28,jan,119,2,-1,0,unknown
28080,cellular,28,jan,91,3,-1,0,unknown
28081,telephone,28,jan,283,4,-1,0,unknown
28082,telephone,28,jan,82,3,-1,0,unknown
28083,cellular,28,jan,61,2,-1,0,unknown
28084,cellular,28,jan,119,2,-1,0,unknown
28085,telephone,28,jan,100,2,-1,0,unknown
28086,telephone,28,jan,98,2,-1,0,unknown
28087,telephone,28,jan,526,4,258,3,other
28088,cellular,28,jan,229,2,-1,0,unknown
28089,telephone,28,jan,148,2,-1,0,unknown
28090,cellular,28,jan,144,2,-1,0,unknown
28091,cellular,28,jan,258,2,-1,0,unknown
28092,cellular,28,jan,290,3,-1,0,unknown
28093,cellular,28,jan,104,2,-1,0,unknown
28094,telephone,28,jan,653,3,-1,0,unknown
28095,telephone,28,jan,944,3,-1,0,unknown
28096,cellular,28,jan,205,3,-1,0,unknown
28097,cellular,28,jan,134,2,-1,0,unknown
28098,telephone,28,jan,968,2,-1,0,unknown
28099,telephone,28,jan,49,3,183,4,failure
28100,cellular,28,jan,201,3,-1,0,unknown
28101,cellular,28,jan,117,3,-1,0,unknown
28102,cellular,28,jan,404,3,-1,0,unknown
28103,telephone,28,jan,60,2,-1,0,unknown
28104,cellular,28,jan,246,2,-1,0,unknown
28105,cellular,28,jan,517,2,-1,0,unknown
28106,telephone,28,jan,82,2,254,2,failure
28107,cellular,28,jan,134,2,-1,0,unknown
28108,cellular,28,jan,757,2,-1,0,unknown
28109,telephone,28,jan,270,3,-1,0,unknown
28110,cellular,28,jan,330,2,-1,0,unknown
28111,telephone,28,jan,46,1,-1,0,unknown
28112,cellular,28,jan,221,4,-1,0,unknown
28113,cellular,28,jan,451,3,-1,0,unknown
28114,telephone,28,jan,258,4,-1,0,unknown
28115,telephone,28,jan,49,4,-1,0,unknown
28116,cellular,28,jan,233,1,-1,0,unknown
28117,cellular,28,jan,412,5,-1,0,unknown
28118,telephone,28,jan,122,3,-1,0,unknown
28119,cellular,28,jan,152,1,-1,0,unknown
28120,cellular,28,jan,335,3,-1,0,unknown
28121,cellular,28,jan,315,1,-1,0,unknown
28122,telephone,28,jan,518,1,-1,0,unknown
28123,telephone,29,jan,125,1,-1,0,unknown
28124,cellular,29,jan,145,1,223,5,failure
28125,cellular,29,jan,100,1,170,4,failure
28126,cellular,29,jan,180,1,-1,0,unknown
28127,cellular,29,jan,250,1,246,1,other
28128,cellular,29,jan,220,1,-1,0,unknown
28129,cellular,29,jan,297,1,-1,0,unknown
28130,telephone,29,jan,53,1,266,2,failure
28131,cellular,29,jan,89,1,-1,0,unknown
28132,cellular,29,jan,52,1,245,2,failure
28133,cellular,29,jan,366,1,-1,0,unknown
28134,cellular,29,jan,159,1,-1,0,unknown
28135,cellular,29,jan,89,1,-1,0,unknown
28136,cellular,29,jan,103,1,185,13,other
28137,cellular,29,jan,241,1,266,2,failure
28138,cellular,29,jan,407,1,-1,0,unknown
28139,cellular,29,jan,381,1,247,2,failure
28140,telephone,29,jan,123,1,185,7,failure
28141,cellular,29,jan,275,1,240,1,other
28142,cellular,29,jan,74,1,239,1,other
28143,telephone,29,jan,221,1,-1,0,unknown
28144,cellular,29,jan,104,1,-1,0,unknown
28145,cellular,29,jan,111,1,247,2,failure
28146,cellular,29,jan,225,1,-1,0,unknown
28147,telephone,29,jan,23,1,-1,0,unknown
28148,cellular,29,jan,139,1,-1,0,unknown
28149,cellular,29,jan,223,1,261,2,failure
28150,cellular,29,jan,121,1,259,3,failure
28151,cellular,29,jan,220,1,-1,0,unknown
28152,cellular,29,jan,391,1,241,1,failure
28153,cellular,29,jan,150,1,189,3,failure
28154,cellular,29,jan,90,1,-1,0,unknown
28155,cellular,29,jan,238,1,-1,0,unknown
28156,cellular,29,jan,42,1,-1,0,unknown
28157,cellular,29,jan,124,1,-1,0,unknown
28158,cellular,29,jan,89,1,260,2,failure
28159,cellular,29,jan,1424,1,-1,0,unknown
28160,cellular,29,jan,199,1,234,2,failure
28161,cellular,29,jan,374,1,-1,0,unknown
28162,cellular,29,jan,451,1,197,1,failure
28163,cellular,29,jan,395,1,-1,0,unknown
28164,cellular,29,jan,67,1,-1,0,unknown
28165,cellular,29,jan,354,1,197,1,failure
28166,cellular,29,jan,227,1,261,6,failure
28167,cellular,29,jan,167,2,198,1,failure
28168,cellular,29,jan,113,1,-1,0,unknown
28169,cellular,29,jan,192,1,-1,0,unknown
28170,cellular,29,jan,151,1,253,1,failure
28171,cellular,29,jan,168,1,-1,0,unknown
28172,cellular,29,jan,29,1,266,1,failure
28173,cellular,29,jan,246,1,226,3,failure
28174,cellular,29,jan,246,1,-1,0,unknown
28175,cellular,29,jan,365,1,-1,0,unknown
28176,cellular,29,jan,149,1,-1,0,unknown
28177,cellular,29,jan,128,1,192,1,failure
28178,cellular,29,jan,110,1,184,4,other
28179,cellular,29,jan,99,1,245,2,failure
28180,cellular,29,jan,385,1,-1,0,unknown
28181,cellular,29,jan,140,1,-1,0,unknown
28182,cellular,29,jan,139,1,171,5,failure
28183,cellular,29,jan,344,1,188,2,failure
28184,cellular,29,jan,240,1,182,8,other
28185,cellular,29,jan,259,1,259,9,failure
28186,cellular,29,jan,50,1,258,8,failure
28187,cellular,29,jan,444,1,196,1,failure
28188,cellular,29,jan,386,1,168,4,failure
28189,cellular,29,jan,503,1,-1,0,unknown
28190,cellular,29,jan,1181,1,-1,0,unknown
28191,cellular,29,jan,305,1,223,27,failure
28192,cellular,29,jan,45,2,-1,0,unknown
28193,cellular,29,jan,194,1,188,1,failure
28194,cellular,29,jan,489,1,-1,0,unknown
28195,cellular,29,jan,317,2,260,4,failure
28196,cellular,29,jan,85,1,195,5,other
28197,cellular,29,jan,1101,1,-1,0,unknown
28198,cellular,29,jan,173,1,164,4,other
28199,cellular,29,jan,151,1,-1,0,unknown
28200,cellular,29,jan,34,1,-1,0,unknown
28201,cellular,29,jan,187,1,-1,0,unknown
28202,cellular,29,jan,359,1,-1,0,unknown
28203,cellular,29,jan,203,1,-1,0,unknown
28204,cellular,29,jan,46,1,-1,0,unknown
28205,telephone,29,jan,121,1,244,2,failure
28206,cellular,29,jan,122,1,-1,0,unknown
28207,cellular,29,jan,107,1,245,2,other
28208,cellular,29,jan,117,1,-1,0,unknown
28209,cellular,29,jan,200,1,-1,0,unknown
28210,cellular,29,jan,103,1,-1,0,unknown
28211,cellular,29,jan,147,1,-1,0,unknown
28212,cellular,29,jan,679,1,-1,0,unknown
28213,cellular,29,jan,285,1,-1,0,unknown
28214,cellular,29,jan,217,2,239,1,other
28215,cellular,29,jan,127,1,-1,0,unknown
28216,cellular,29,jan,450,1,-1,0,unknown
28217,cellular,29,jan,58,1,266,1,failure
28218,cellular,29,jan,242,1,-1,0,unknown
28219,cellular,29,jan,55,1,195,3,failure
28220,cellular,29,jan,470,1,-1,0,unknown
28221,cellular,29,jan,67,1,247,1,failure
28222,cellular,29,jan,84,1,251,2,failure
28223,cellular,29,jan,84,3,183,3,failure
28224,cellular,29,jan,41,2,261,1,failure
28225,cellular,29,jan,83,1,-1,0,unknown
28226,cellular,29,jan,79,1,225,2,success
28227,cellular,29,jan,272,1,-1,0,unknown
28228,cellular,29,jan,305,2,261,2,failure
28229,telephone,29,jan,82,1,-1,0,unknown
28230,cellular,29,jan,71,1,-1,0,unknown
28231,cellular,29,jan,112,1,183,10,other
28232,cellular,29,jan,106,1,161,2,failure
28233,cellular,29,jan,89,1,-1,0,unknown
28234,cellular,29,jan,78,1,-1,0,unknown
28235,cellular,29,jan,620,1,-1,0,unknown
28236,cellular,29,jan,542,1,241,1,failure
28237,cellular,29,jan,801,1,-1,0,unknown
28238,cellular,29,jan,103,1,247,2,failure
28239,cellular,29,jan,750,1,-1,0,unknown
28240,telephone,29,jan,284,2,258,2,failure
28241,cellular,29,jan,636,1,-1,0,unknown
28242,cellular,29,jan,212,1,-1,0,unknown
28243,cellular,29,jan,1165,1,-1,0,unknown
28244,cellular,29,jan,1600,1,-1,0,unknown
28245,cellular,29,jan,73,1,-1,0,unknown
28246,cellular,29,jan,147,1,195,1,other
28247,cellular,29,jan,239,1,-1,0,unknown
28248,cellular,29,jan,89,1,-1,0,unknown
28249,cellular,29,jan,160,1,199,6,failure
28250,cellular,29,jan,50,1,195,2,failure
28251,cellular,29,jan,181,1,-1,0,unknown
28252,cellular,29,jan,372,1,-1,0,unknown
28253,cellular,29,jan,94,1,-1,0,unknown
28254,cellular,29,jan,79,1,-1,0,unknown
28255,cellular,29,jan,196,1,237,2,other
28256,cellular,29,jan,372,1,-1,0,unknown
28257,cellular,29,jan,197,1,-1,0,unknown
28258,telephone,29,jan,32,1,-1,0,unknown
28259,cellular,29,jan,331,1,-1,0,unknown
28260,cellular,29,jan,86,1,237,17,other
28261,cellular,29,jan,140,1,244,1,failure
28262,cellular,29,jan,71,1,245,1,failure
28263,cellular,29,jan,484,1,253,1,failure
28264,cellular,29,jan,95,1,-1,0,unknown
28265,cellular,29,jan,257,1,262,3,failure
28266,cellular,29,jan,91,2,-1,0,unknown
28267,cellular,29,jan,112,1,195,1,failure
28268,cellular,29,jan,339,2,-1,0,unknown
28269,cellular,29,jan,259,1,-1,0,unknown
28270,cellular,29,jan,166,2,-1,0,unknown
28271,cellular,29,jan,61,1,265,1,failure
28272,cellular,29,jan,103,1,-1,0,unknown
28273,cellular,29,jan,244,3,-1,0,unknown
28274,cellular,29,jan,1473,1,-1,0,unknown
28275,cellular,29,jan,141,1,-1,0,unknown
28276,cellular,29,jan,61,1,-1,0,unknown
28277,cellular,29,jan,373,1,-1,0,unknown
28278,cellular,29,jan,265,1,-1,0,unknown
28279,cellular,29,jan,263,2,192,3,other
28280,cellular,29,jan,55,1,-1,0,unknown
28281,cellular,29,jan,404,2,251,6,failure
28282,cellular,29,jan,188,1,185,5,failure
28283,cellular,29,jan,147,1,-1,0,unknown
28284,cellular,29,jan,696,1,-1,0,unknown
28285,cellular,29,jan,216,1,-1,0,unknown
28286,cellular,29,jan,282,1,248,2,other
28287,cellular,29,jan,227,1,-1,0,unknown
28288,cellular,29,jan,1026,1,259,2,failure
28289,cellular,29,jan,121,1,245,1,failure
28290,cellular,29,jan,570,2,-1,0,unknown
28291,cellular,29,jan,136,1,-1,0,unknown
28292,cellular,29,jan,181,1,-1,0,unknown
28293,cellular,29,jan,162,1,-1,0,unknown
28294,cellular,29,jan,326,1,244,2,failure
28295,cellular,29,jan,774,1,-1,0,unknown
28296,cellular,29,jan,301,1,-1,0,unknown
28297,cellular,29,jan,86,1,-1,0,unknown
28298,cellular,29,jan,392,1,-1,0,unknown
28299,cellular,29,jan,248,1,-1,0,unknown
28300,cellular,29,jan,169,1,-1,0,unknown
28301,cellular,29,jan,80,2,-1,0,unknown
28302,cellular,29,jan,73,1,-1,0,unknown
28303,cellular,29,jan,220,2,-1,0,unknown
28304,cellular,29,jan,169,1,-1,0,unknown
28305,cellular,29,jan,117,1,163,4,failure
28306,cellular,29,jan,69,1,241,4,failure
28307,cellular,29,jan,149,1,-1,0,unknown
28308,cellular,29,jan,75,1,247,1,failure
28309,cellular,29,jan,1249,3,-1,0,unknown
28310,cellular,29,jan,456,1,205,2,other
28311,cellular,29,jan,114,1,-1,0,unknown
28312,telephone,29,jan,48,1,265,1,failure
28313,cellular,29,jan,120,1,-1,0,unknown
28314,cellular,29,jan,96,1,-1,0,unknown
28315,cellular,29,jan,93,1,254,3,failure
28316,cellular,29,jan,79,1,-1,0,unknown
28317,cellular,29,jan,89,1,241,1,failure
28318,cellular,29,jan,168,1,-1,0,unknown
28319,cellular,29,jan,527,1,-1,0,unknown
28320,cellular,29,jan,300,1,-1,0,unknown
28321,cellular,29,jan,338,1,254,3,failure
28322,cellular,29,jan,320,1,185,5,other
28323,cellular,29,jan,114,1,-1,0,unknown
28324,cellular,29,jan,77,1,265,2,failure
28325,cellular,29,jan,51,1,258,1,failure
28326,cellular,29,jan,86,1,-1,0,unknown
28327,cellular,29,jan,324,1,-1,0,unknown
28328,cellular,29,jan,52,1,-1,0,unknown
28329,cellular,29,jan,492,1,-1,0,unknown
28330,cellular,29,jan,108,1,-1,0,unknown
28331,cellular,29,jan,87,1,-1,0,unknown
28332,cellular,29,jan,223,1,-1,0,unknown
28333,cellular,29,jan,24,1,-1,0,unknown
28334,cellular,29,jan,219,1,246,1,failure
28335,cellular,29,jan,379,1,192,1,failure
28336,cellular,29,jan,626,1,-1,0,unknown
28337,cellular,29,jan,93,1,-1,0,unknown
28338,cellular,29,jan,719,1,-1,0,unknown
28339,cellular,29,jan,216,1,-1,0,unknown
28340,cellular,29,jan,283,1,-1,0,unknown
28341,cellular,29,jan,87,2,-1,0,unknown
28342,cellular,29,jan,85,2,240,1,failure
28343,cellular,29,jan,158,2,-1,0,unknown
28344,cellular,29,jan,356,1,255,2,other
28345,cellular,29,jan,462,2,247,1,failure
28346,cellular,29,jan,394,1,-1,0,unknown
28347,cellular,29,jan,36,1,188,4,failure
28348,cellular,29,jan,507,1,220,2,success
28349,cellular,29,jan,129,1,265,1,failure
28350,cellular,29,jan,96,1,-1,0,unknown
28351,cellular,29,jan,309,1,197,13,other
28352,cellular,29,jan,184,2,-1,0,unknown
28353,cellular,29,jan,762,1,-1,0,unknown
28354,cellular,29,jan,100,1,-1,0,unknown
28355,cellular,29,jan,197,1,-1,0,unknown
28356,cellular,29,jan,55,2,-1,0,unknown
28357,cellular,29,jan,177,1,-1,0,unknown
28358,cellular,29,jan,966,1,-1,0,unknown
28359,cellular,29,jan,197,2,244,3,failure
28360,cellular,29,jan,602,2,-1,0,unknown
28361,cellular,29,jan,118,1,-1,0,unknown
28362,cellular,29,jan,103,1,-1,0,unknown
28363,cellular,29,jan,136,1,262,3,failure
28364,cellular,29,jan,125,1,-1,0,unknown
28365,cellular,29,jan,553,2,-1,0,unknown
28366,cellular,29,jan,83,1,262,1,failure
28367,cellular,29,jan,578,1,-1,0,unknown
28368,cellular,29,jan,157,1,-1,0,unknown
28369,cellular,29,jan,249,1,259,4,failure
28370,cellular,29,jan,685,1,-1,0,unknown
28371,cellular,29,jan,99,1,227,3,failure
28372,cellular,29,jan,39,1,-1,0,unknown
28373,cellular,29,jan,141,1,245,3,failure
28374,cellular,29,jan,113,1,-1,0,unknown
28375,cellular,29,jan,128,1,-1,0,unknown
28376,cellular,29,jan,66,2,262,2,failure
28377,cellular,29,jan,266,1,-1,0,unknown
28378,cellular,29,jan,79,1,-1,0,unknown
28379,cellular,29,jan,113,1,188,1,other
28380,cellular,29,jan,278,2,-1,0,unknown
28381,cellular,29,jan,380,2,-1,0,unknown
28382,cellular,29,jan,177,1,-1,0,unknown
28383,cellular,29,jan,55,2,-1,0,unknown
28384,cellular,29,jan,432,1,182,9,other
28385,cellular,29,jan,211,2,245,6,failure
28386,cellular,29,jan,261,1,182,23,other
28387,cellular,29,jan,136,1,-1,0,unknown
28388,cellular,29,jan,200,2,-1,0,unknown
28389,cellular,29,jan,128,1,-1,0,unknown
28390,cellular,29,jan,89,2,-1,0,unknown
28391,cellular,29,jan,41,1,184,7,failure
28392,cellular,29,jan,287,1,-1,0,unknown
28393,cellular,29,jan,57,1,191,1,failure
28394,cellular,29,jan,155,1,-1,0,unknown
28395,cellular,29,jan,133,1,226,2,failure
28396,cellular,29,jan,57,1,-1,0,unknown
28397,cellular,29,jan,261,1,-1,0,unknown
28398,cellular,29,jan,222,1,-1,0,unknown
28399,cellular,29,jan,133,1,-1,0,unknown
28400,cellular,29,jan,421,1,-1,0,unknown
28401,cellular,29,jan,273,1,-1,0,unknown
28402,cellular,29,jan,99,2,251,7,other
28403,cellular,29,jan,58,1,-1,0,unknown
28404,cellular,29,jan,348,1,-1,0,unknown
28405,cellular,29,jan,90,1,-1,0,unknown
28406,cellular,29,jan,330,2,-1,0,unknown
28407,cellular,29,jan,138,1,188,5,failure
28408,cellular,29,jan,203,1,261,3,failure
28409,cellular,29,jan,24,3,-1,0,unknown
28410,cellular,29,jan,194,1,-1,0,unknown
28411,cellular,29,jan,133,2,185,3,failure
28412,cellular,29,jan,94,1,259,2,failure
28413,cellular,29,jan,219,2,259,5,failure
28414,cellular,29,jan,155,1,261,2,failure
28415,cellular,29,jan,189,1,248,6,other
28416,cellular,29,jan,108,2,-1,0,unknown
28417,cellular,29,jan,127,2,-1,0,unknown
28418,cellular,29,jan,81,1,240,2,failure
28419,cellular,29,jan,184,2,-1,0,unknown
28420,cellular,29,jan,128,1,206,7,other
28421,cellular,29,jan,188,1,261,2,failure
28422,cellular,29,jan,186,1,-1,0,unknown
28423,cellular,29,jan,344,1,-1,0,unknown
28424,cellular,29,jan,549,2,-1,0,unknown
28425,cellular,29,jan,348,1,-1,0,unknown
28426,cellular,29,jan,44,1,-1,0,unknown
28427,cellular,29,jan,270,1,-1,0,unknown
28428,cellular,29,jan,158,2,247,1,failure
28429,cellular,29,jan,267,1,-1,0,unknown
28430,telephone,29,jan,208,1,247,2,failure
28431,cellular,29,jan,72,1,261,1,failure
28432,cellular,29,jan,199,1,-1,0,unknown
28433,cellular,29,jan,27,1,-1,0,unknown
28434,cellular,29,jan,91,1,223,3,failure
28435,cellular,29,jan,291,1,244,4,failure
28436,cellular,29,jan,69,1,-1,0,unknown
28437,cellular,29,jan,571,1,-1,0,unknown
28438,cellular,29,jan,82,2,-1,0,unknown
28439,cellular,29,jan,50,2,-1,0,unknown
28440,cellular,29,jan,171,1,-1,0,unknown
28441,cellular,29,jan,179,1,-1,0,unknown
28442,cellular,29,jan,170,1,-1,0,unknown
28443,cellular,29,jan,645,1,-1,0,unknown
28444,cellular,29,jan,229,1,-1,0,unknown
28445,cellular,29,jan,165,1,-1,0,unknown
28446,cellular,29,jan,137,1,-1,0,unknown
28447,cellular,29,jan,243,1,-1,0,unknown
28448,cellular,29,jan,205,1,-1,0,unknown
28449,cellular,29,jan,537,1,-1,0,unknown
28450,telephone,29,jan,31,3,-1,0,unknown
28451,cellular,29,jan,226,2,-1,0,unknown
28452,cellular,29,jan,124,1,-1,0,unknown
28453,cellular,29,jan,866,2,-1,0,unknown
28454,cellular,29,jan,71,1,-1,0,unknown
28455,cellular,29,jan,79,2,265,2,failure
28456,cellular,29,jan,189,1,-1,0,unknown
28457,cellular,29,jan,162,1,-1,0,unknown
28458,cellular,29,jan,821,1,-1,0,unknown
28459,cellular,29,jan,253,1,-1,0,unknown
28460,cellular,29,jan,237,1,-1,0,unknown
28461,cellular,29,jan,100,1,-1,0,unknown
28462,cellular,29,jan,316,1,-1,0,unknown
28463,cellular,29,jan,126,1,-1,0,unknown
28464,cellular,29,jan,159,1,-1,0,unknown
28465,cellular,29,jan,172,1,-1,0,unknown
28466,cellular,29,jan,268,1,-1,0,unknown
28467,cellular,29,jan,133,1,-1,0,unknown
28468,cellular,29,jan,51,1,-1,0,unknown
28469,cellular,29,jan,25,1,-1,0,unknown
28470,cellular,29,jan,224,2,-1,0,unknown
28471,cellular,29,jan,177,1,-1,0,unknown
28472,cellular,29,jan,130,1,-1,0,unknown
28473,cellular,29,jan,369,2,-1,0,unknown
28474,cellular,29,jan,184,1,-1,0,unknown
28475,cellular,29,jan,227,1,246,5,failure
28476,telephone,29,jan,153,1,-1,0,unknown
28477,cellular,29,jan,134,1,196,1,failure
28478,cellular,29,jan,364,2,-1,0,unknown
28479,cellular,29,jan,94,1,205,2,failure
28480,cellular,29,jan,194,1,247,1,failure
28481,cellular,29,jan,383,2,-1,0,unknown
28482,cellular,29,jan,624,2,-1,0,unknown
28483,cellular,29,jan,83,2,-1,0,unknown
28484,cellular,29,jan,435,2,-1,0,unknown
28485,cellular,29,jan,692,2,-1,0,unknown
28486,cellular,29,jan,124,3,-1,0,unknown
28487,cellular,29,jan,265,2,-1,0,unknown
28488,cellular,29,jan,522,2,245,4,failure
28489,cellular,29,jan,161,2,265,1,failure
28490,cellular,29,jan,111,2,196,1,failure
28491,cellular,29,jan,208,3,-1,0,unknown
28492,cellular,29,jan,445,2,-1,0,unknown
28493,cellular,29,jan,706,2,-1,0,unknown
28494,cellular,29,jan,41,2,266,2,failure
28495,cellular,29,jan,338,2,-1,0,unknown
28496,cellular,29,jan,114,2,192,2,other
28497,cellular,29,jan,125,2,154,7,failure
28498,cellular,29,jan,57,2,248,38,failure
28499,cellular,29,jan,243,4,161,2,failure
28500,cellular,29,jan,236,2,247,2,failure
28501,cellular,29,jan,83,2,-1,0,unknown
28502,cellular,29,jan,228,2,262,3,failure
28503,telephone,29,jan,475,2,-1,0,unknown
28504,cellular,29,jan,100,2,247,1,failure
28505,cellular,29,jan,376,2,-1,0,unknown
28506,cellular,29,jan,148,2,-1,0,unknown
28507,cellular,29,jan,452,2,253,2,failure
28508,cellular,29,jan,214,3,226,7,failure
28509,cellular,29,jan,194,2,205,2,failure
28510,cellular,29,jan,304,2,-1,0,unknown
28511,cellular,29,jan,236,2,-1,0,unknown
28512,cellular,29,jan,367,3,-1,0,unknown
28513,cellular,29,jan,107,3,-1,0,unknown
28514,cellular,29,jan,70,2,-1,0,unknown
28515,cellular,29,jan,111,2,-1,0,unknown
28516,cellular,29,jan,76,2,-1,0,unknown
28517,cellular,29,jan,119,2,251,5,failure
28518,cellular,29,jan,356,2,-1,0,unknown
28519,cellular,29,jan,120,2,160,2,failure
28520,cellular,29,jan,103,2,-1,0,unknown
28521,cellular,29,jan,243,2,-1,0,unknown
28522,cellular,29,jan,52,2,227,1,failure
28523,cellular,29,jan,389,2,-1,0,unknown
28524,cellular,29,jan,24,3,-1,0,unknown
28525,cellular,29,jan,129,2,-1,0,unknown
28526,cellular,29,jan,145,2,-1,0,unknown
28527,cellular,29,jan,138,2,183,11,failure
28528,cellular,29,jan,207,2,-1,0,unknown
28529,cellular,29,jan,135,2,184,5,failure
28530,cellular,29,jan,207,2,247,2,failure
28531,cellular,29,jan,166,2,-1,0,unknown
28532,cellular,29,jan,43,2,-1,0,unknown
28533,cellular,29,jan,187,2,185,8,failure
28534,cellular,29,jan,142,2,-1,0,unknown
28535,cellular,29,jan,169,3,246,1,failure
28536,cellular,29,jan,284,2,196,2,failure
28537,cellular,29,jan,328,2,-1,0,unknown
28538,cellular,29,jan,163,2,-1,0,unknown
28539,cellular,29,jan,528,3,-1,0,unknown
28540,cellular,29,jan,623,2,-1,0,unknown
28541,cellular,29,jan,624,2,-1,0,unknown
28542,cellular,29,jan,251,2,-1,0,unknown
28543,cellular,29,jan,375,2,-1,0,unknown
28544,cellular,29,jan,329,2,240,8,other
28545,cellular,29,jan,323,2,259,3,success
28546,cellular,29,jan,309,2,-1,0,unknown
28547,cellular,29,jan,464,2,258,1,other
28548,cellular,29,jan,322,2,-1,0,unknown
28549,cellular,29,jan,202,2,-1,0,unknown
28550,cellular,29,jan,462,2,234,5,failure
28551,cellular,29,jan,1917,2,-1,0,unknown
28552,cellular,29,jan,207,2,-1,0,unknown
28553,cellular,29,jan,202,2,-1,0,unknown
28554,cellular,29,jan,90,2,245,3,failure
28555,cellular,29,jan,56,2,223,5,failure
28556,cellular,29,jan,309,3,-1,0,unknown
28557,telephone,29,jan,393,2,-1,0,unknown
28558,cellular,29,jan,293,2,162,4,failure
28559,cellular,29,jan,163,2,-1,0,unknown
28560,cellular,29,jan,418,2,-1,0,unknown
28561,cellular,29,jan,309,2,224,1,other
28562,cellular,29,jan,146,2,-1,0,unknown
28563,cellular,29,jan,155,2,245,3,failure
28564,cellular,29,jan,92,2,-1,0,unknown
28565,cellular,29,jan,213,2,261,1,other
28566,cellular,29,jan,414,2,192,3,failure
28567,cellular,29,jan,344,3,-1,0,unknown
28568,cellular,29,jan,190,2,-1,0,unknown
28569,cellular,29,jan,78,2,-1,0,unknown
28570,cellular,29,jan,113,2,-1,0,unknown
28571,cellular,29,jan,636,2,-1,0,unknown
28572,cellular,29,jan,207,2,-1,0,unknown
28573,cellular,29,jan,132,2,-1,0,unknown
28574,cellular,29,jan,78,3,197,1,failure
28575,cellular,29,jan,153,2,-1,0,unknown
28576,cellular,29,jan,293,2,160,2,other
28577,cellular,29,jan,123,2,205,2,success
28578,cellular,29,jan,49,3,255,2,other
28579,cellular,29,jan,246,2,-1,0,unknown
28580,cellular,29,jan,362,2,-1,0,unknown
28581,cellular,29,jan,290,4,-1,0,unknown
28582,cellular,29,jan,78,2,-1,0,unknown
28583,cellular,29,jan,123,2,-1,0,unknown
28584,cellular,29,jan,157,3,182,29,failure
28585,cellular,29,jan,276,2,-1,0,unknown
28586,telephone,29,jan,191,2,-1,0,unknown
28587,cellular,29,jan,182,2,-1,0,unknown
28588,cellular,29,jan,337,2,-1,0,unknown
28589,cellular,29,jan,503,2,224,18,other
28590,cellular,29,jan,188,3,-1,0,unknown
28591,cellular,29,jan,489,3,182,24,other
28592,cellular,29,jan,88,3,244,5,failure
28593,cellular,29,jan,468,2,-1,0,unknown
28594,cellular,29,jan,249,3,-1,0,unknown
28595,cellular,29,jan,121,3,-1,0,unknown
28596,cellular,29,jan,127,2,255,1,other
28597,cellular,29,jan,298,3,-1,0,unknown
28598,cellular,29,jan,305,2,-1,0,unknown
28599,cellular,29,jan,224,2,-1,0,unknown
28600,cellular,29,jan,1139,2,255,1,other
28601,telephone,29,jan,267,2,-1,0,unknown
28602,cellular,29,jan,162,2,258,1,other
28603,cellular,29,jan,483,2,266,1,failure
28604,cellular,29,jan,623,2,-1,0,unknown
28605,cellular,29,jan,62,3,-1,0,unknown
28606,cellular,29,jan,131,2,206,6,other
28607,cellular,29,jan,190,3,-1,0,unknown
28608,telephone,29,jan,143,3,-1,0,unknown
28609,telephone,29,jan,389,3,-1,0,unknown
28610,cellular,29,jan,151,2,-1,0,unknown
28611,cellular,29,jan,168,3,246,2,failure
28612,cellular,29,jan,617,2,-1,0,unknown
28613,cellular,29,jan,73,2,-1,0,unknown
28614,cellular,29,jan,191,3,227,2,failure
28615,cellular,29,jan,202,3,-1,0,unknown
28616,cellular,29,jan,524,2,-1,0,unknown
28617,cellular,29,jan,126,2,238,8,other
28618,cellular,29,jan,236,2,-1,0,unknown
28619,cellular,29,jan,389,2,254,3,failure
28620,cellular,29,jan,138,2,164,4,other
28621,cellular,29,jan,585,2,246,1,failure
28622,cellular,29,jan,161,3,188,9,failure
28623,cellular,29,jan,185,2,246,1,failure
28624,cellular,29,jan,263,3,239,1,failure
28625,cellular,29,jan,914,2,-1,0,unknown
28626,cellular,29,jan,215,3,-1,0,unknown
28627,telephone,29,jan,528,3,-1,0,unknown
28628,cellular,29,jan,325,2,260,2,failure
28629,cellular,29,jan,603,2,-1,0,unknown
28630,telephone,29,jan,283,4,195,7,failure
28631,cellular,29,jan,168,3,-1,0,unknown
28632,cellular,29,jan,612,5,-1,0,unknown
28633,cellular,29,jan,213,4,-1,0,unknown
28634,cellular,29,jan,251,3,265,4,failure
28635,cellular,29,jan,653,3,-1,0,unknown
28636,cellular,29,jan,750,3,-1,0,unknown
28637,cellular,29,jan,235,3,262,5,failure
28638,cellular,29,jan,593,4,-1,0,unknown
28639,telephone,29,jan,152,2,254,1,failure
28640,cellular,29,jan,355,3,258,3,failure
28641,cellular,29,jan,147,2,-1,0,unknown
28642,cellular,29,jan,150,2,247,2,failure
28643,cellular,29,jan,94,2,-1,0,unknown
28644,cellular,29,jan,232,3,-1,0,unknown
28645,cellular,29,jan,253,2,192,3,success
28646,cellular,29,jan,309,3,-1,0,unknown
28647,cellular,29,jan,383,2,206,1,other
28648,cellular,29,jan,144,3,-1,0,unknown
28649,cellular,29,jan,264,2,-1,0,unknown
28650,cellular,29,jan,346,2,-1,0,unknown
28651,telephone,29,jan,267,3,183,25,other
28652,telephone,29,jan,243,4,-1,0,unknown
28653,cellular,29,jan,61,2,-1,0,unknown
28654,cellular,29,jan,118,5,196,1,other
28655,cellular,29,jan,290,2,-1,0,unknown
28656,cellular,29,jan,213,3,190,2,failure
28657,cellular,30,jan,258,2,-1,0,unknown
28658,cellular,30,jan,107,2,-1,0,unknown
28659,cellular,30,jan,177,3,192,3,other
28660,cellular,30,jan,651,2,-1,0,unknown
28661,cellular,30,jan,475,3,-1,0,unknown
28662,cellular,30,jan,134,1,-1,0,unknown
28663,telephone,30,jan,521,3,158,7,other
28664,cellular,30,jan,458,3,-1,0,unknown
28665,cellular,30,jan,180,1,-1,0,unknown
28666,telephone,30,jan,99,1,259,1,failure
28667,cellular,30,jan,229,1,-1,0,unknown
28668,cellular,30,jan,334,1,-1,0,unknown
28669,cellular,30,jan,81,1,-1,0,unknown
28670,cellular,30,jan,144,1,266,2,failure
28671,cellular,30,jan,164,1,-1,0,unknown
28672,cellular,30,jan,64,1,-1,0,unknown
28673,cellular,30,jan,403,1,-1,0,unknown
28674,cellular,30,jan,163,1,254,1,failure
28675,telephone,30,jan,41,1,249,2,other
28676,cellular,30,jan,103,1,-1,0,unknown
28677,cellular,30,jan,139,1,-1,0,unknown
28678,cellular,30,jan,859,1,235,1,other
28679,cellular,30,jan,445,1,189,1,failure
28680,telephone,30,jan,124,4,-1,0,unknown
28681,cellular,30,jan,379,1,-1,0,unknown
28682,telephone,30,jan,66,1,241,1,other
28683,cellular,30,jan,419,1,-1,0,unknown
28684,cellular,30,jan,339,3,-1,0,unknown
28685,cellular,30,jan,795,1,-1,0,unknown
28686,cellular,30,jan,194,1,-1,0,unknown
28687,cellular,30,jan,121,1,240,2,failure
28688,cellular,30,jan,150,1,-1,0,unknown
28689,cellular,30,jan,1451,1,-1,0,unknown
28690,cellular,30,jan,158,1,-1,0,unknown
28691,cellular,30,jan,428,1,-1,0,unknown
28692,cellular,30,jan,397,1,-1,0,unknown
28693,cellular,30,jan,169,3,-1,0,unknown
28694,cellular,30,jan,346,1,-1,0,unknown
28695,cellular,30,jan,205,1,-1,0,unknown
28696,cellular,30,jan,2770,1,-1,0,unknown
28697,cellular,30,jan,339,2,-1,0,unknown
28698,cellular,30,jan,217,2,-1,0,unknown
28699,cellular,30,jan,433,2,228,1,failure
28700,cellular,30,jan,195,2,-1,0,unknown
28701,cellular,30,jan,126,5,259,7,failure
28702,cellular,30,jan,554,2,-1,0,unknown
28703,cellular,30,jan,499,5,248,1,failure
28704,cellular,30,jan,327,4,-1,0,unknown
28705,cellular,30,jan,413,3,-1,0,unknown
28706,cellular,30,jan,162,3,205,3,failure
28707,cellular,30,jan,146,2,262,2,failure
28708,cellular,30,jan,196,2,189,2,failure
28709,cellular,30,jan,236,1,260,1,failure
28710,cellular,30,jan,771,1,-1,0,unknown
28711,cellular,30,jan,844,3,-1,0,unknown
28712,cellular,30,jan,350,3,248,1,failure
28713,cellular,30,jan,263,2,191,1,other
28714,cellular,30,jan,109,3,-1,0,unknown
28715,cellular,30,jan,78,2,-1,0,unknown
28716,cellular,30,jan,46,1,-1,0,unknown
28717,cellular,30,jan,119,3,-1,0,unknown
28718,cellular,30,jan,200,1,259,1,failure
28719,cellular,30,jan,122,1,-1,0,unknown
28720,cellular,30,jan,128,2,-1,0,unknown
28721,cellular,30,jan,499,1,247,1,failure
28722,cellular,30,jan,532,2,-1,0,unknown
28723,cellular,30,jan,206,3,-1,0,unknown
28724,cellular,30,jan,182,3,-1,0,unknown
28725,cellular,30,jan,183,2,241,1,other
28726,cellular,30,jan,274,4,-1,0,unknown
28727,cellular,30,jan,385,3,197,1,other
28728,cellular,30,jan,726,2,-1,0,unknown
28729,cellular,30,jan,258,2,263,3,failure
28730,telephone,30,jan,568,2,-1,0,unknown
28731,cellular,30,jan,164,5,-1,0,unknown
28732,cellular,30,jan,114,2,-1,0,unknown
28733,cellular,30,jan,374,4,-1,0,unknown
28734,cellular,30,jan,462,2,-1,0,unknown
28735,cellular,30,jan,74,1,-1,0,unknown
28736,telephone,30,jan,258,5,248,2,failure
28737,cellular,30,jan,533,1,-1,0,unknown
28738,cellular,30,jan,540,1,2,2,other
28739,cellular,30,jan,169,1,2,2,other
28740,cellular,30,jan,220,3,-1,0,unknown
28741,cellular,30,jan,193,3,-1,0,unknown
28742,cellular,30,jan,102,1,-1,0,unknown
28743,cellular,30,jan,67,1,-1,0,unknown
28744,cellular,30,jan,91,1,2,1,other
28745,cellular,30,jan,199,1,205,1,failure
28746,cellular,30,jan,299,1,2,5,other
28747,cellular,30,jan,80,1,2,2,other
28748,cellular,30,jan,164,1,-1,0,unknown
28749,cellular,30,jan,54,1,-1,0,unknown
28750,cellular,30,jan,141,1,-1,0,unknown
28751,cellular,30,jan,931,1,-1,0,unknown
28752,cellular,30,jan,240,1,-1,0,unknown
28753,cellular,30,jan,427,1,-1,0,unknown
28754,cellular,30,jan,93,1,2,1,other
28755,cellular,30,jan,143,1,2,3,other
28756,cellular,30,jan,545,1,-1,0,unknown
28757,cellular,30,jan,61,1,-1,0,unknown
28758,cellular,30,jan,138,1,270,2,failure
28759,cellular,30,jan,227,1,189,1,failure
28760,cellular,30,jan,219,1,2,1,other
28761,cellular,30,jan,125,1,2,1,other
28762,telephone,30,jan,63,1,2,5,other
28763,cellular,30,jan,168,1,-1,0,unknown
28764,cellular,30,jan,89,1,-1,0,unknown
28765,cellular,30,jan,861,1,2,1,other
28766,cellular,30,jan,86,1,-1,0,unknown
28767,cellular,30,jan,436,1,270,2,failure
28768,cellular,30,jan,158,3,206,2,other
28769,cellular,30,jan,868,1,-1,0,unknown
28770,cellular,30,jan,410,2,196,2,other
28771,cellular,30,jan,203,2,2,3,other
28772,cellular,30,jan,255,2,2,4,other
28773,cellular,30,jan,153,1,2,6,other
28774,cellular,30,jan,193,1,-1,0,unknown
28775,cellular,30,jan,23,6,232,3,other
28776,cellular,30,jan,226,2,-1,0,unknown
28777,cellular,30,jan,267,4,-1,0,unknown
28778,cellular,30,jan,11,4,-1,0,unknown
28779,cellular,30,jan,197,1,2,3,other
28780,cellular,30,jan,177,4,248,2,failure
28781,cellular,30,jan,130,1,2,1,other
28782,cellular,30,jan,650,2,-1,0,unknown
28783,cellular,30,jan,159,1,191,4,failure
28784,cellular,30,jan,68,2,-1,0,unknown
28785,cellular,30,jan,1296,2,-1,0,unknown
28786,cellular,30,jan,10,1,2,1,other
28787,cellular,30,jan,87,1,-1,0,unknown
28788,cellular,30,jan,90,1,-1,0,unknown
28789,cellular,30,jan,89,1,-1,0,unknown
28790,cellular,30,jan,643,1,-1,0,unknown
28791,cellular,30,jan,16,1,2,3,other
28792,cellular,30,jan,166,1,-1,0,unknown
28793,cellular,30,jan,49,1,-1,0,unknown
28794,cellular,30,jan,588,1,-1,0,unknown
28795,cellular,30,jan,344,2,-1,0,unknown
28796,cellular,30,jan,592,1,-1,0,unknown
28797,cellular,30,jan,283,1,-1,0,unknown
28798,cellular,30,jan,437,1,-1,0,unknown
28799,cellular,30,jan,208,2,-1,0,unknown
28800,cellular,30,jan,99,1,-1,0,unknown
28801,cellular,30,jan,706,1,252,1,failure
28802,cellular,30,jan,320,2,-1,0,unknown
28803,cellular,30,jan,113,1,-1,0,unknown
28804,cellular,30,jan,81,1,-1,0,unknown
28805,cellular,30,jan,114,4,-1,0,unknown
28806,cellular,30,jan,241,1,-1,0,unknown
28807,cellular,30,jan,103,2,-1,0,unknown
28808,cellular,30,jan,366,4,-1,0,unknown
28809,cellular,30,jan,210,2,-1,0,unknown
28810,cellular,30,jan,189,1,-1,0,unknown
28811,cellular,30,jan,198,2,266,2,failure
28812,cellular,30,jan,131,1,241,1,failure
28813,cellular,30,jan,645,4,-1,0,unknown
28814,cellular,30,jan,76,2,207,1,failure
28815,cellular,30,jan,424,1,-1,0,unknown
28816,cellular,30,jan,922,5,-1,0,unknown
28817,cellular,30,jan,175,2,2,1,other
28818,cellular,30,jan,194,3,-1,0,unknown
28819,cellular,30,jan,140,1,2,3,other
28820,cellular,30,jan,77,1,2,2,other
28821,cellular,30,jan,337,4,-1,0,unknown
28822,cellular,30,jan,456,3,197,2,failure
28823,cellular,30,jan,143,1,-1,0,unknown
28824,cellular,30,jan,144,5,248,2,failure
28825,cellular,30,jan,90,5,172,1,failure
28826,cellular,30,jan,230,1,-1,0,unknown
28827,cellular,30,jan,150,1,252,1,failure
28828,cellular,30,jan,188,1,-1,0,unknown
28829,cellular,30,jan,427,1,-1,0,unknown
28830,telephone,30,jan,345,1,-1,0,unknown
28831,cellular,30,jan,491,1,-1,0,unknown
28832,cellular,30,jan,108,2,2,5,other
28833,cellular,30,jan,151,2,2,1,other
28834,cellular,30,jan,473,2,-1,0,unknown
28835,cellular,30,jan,44,1,200,4,failure
28836,cellular,30,jan,510,2,-1,0,unknown
28837,cellular,30,jan,272,1,270,1,other
28838,cellular,30,jan,81,1,-1,0,unknown
28839,cellular,30,jan,632,3,228,14,other
28840,cellular,30,jan,321,1,-1,0,unknown
28841,cellular,30,jan,103,1,252,1,failure
28842,cellular,30,jan,166,1,262,1,other
28843,telephone,30,jan,479,1,-1,0,unknown
28844,cellular,30,jan,209,2,197,2,other
28845,cellular,30,jan,520,3,-1,0,unknown
28846,cellular,30,jan,86,1,-1,0,unknown
28847,cellular,30,jan,320,2,-1,0,unknown
28848,telephone,30,jan,199,2,2,17,other
28849,cellular,30,jan,410,2,-1,0,unknown
28850,cellular,30,jan,250,2,2,1,other
28851,cellular,30,jan,134,2,169,2,other
28852,cellular,30,jan,445,5,-1,0,unknown
28853,cellular,30,jan,197,4,-1,0,unknown
28854,cellular,30,jan,188,2,-1,0,unknown
28855,cellular,30,jan,402,2,2,2,other
28856,cellular,30,jan,82,2,-1,0,unknown
28857,cellular,30,jan,308,2,-1,0,unknown
28858,cellular,30,jan,210,3,-1,0,unknown
28859,cellular,30,jan,638,4,266,1,failure
28860,cellular,30,jan,157,2,-1,0,unknown
28861,cellular,30,jan,84,4,252,1,other
28862,telephone,30,jan,1431,2,-1,0,unknown
28863,cellular,30,jan,113,3,-1,0,unknown
28864,cellular,30,jan,626,3,-1,0,unknown
28865,cellular,30,jan,281,2,269,3,failure
28866,telephone,30,jan,276,3,-1,0,unknown
28867,cellular,30,jan,405,2,-1,0,unknown
28868,telephone,30,jan,173,2,2,3,other
28869,cellular,30,jan,90,2,232,1,failure
28870,cellular,30,jan,52,2,-1,0,unknown
28871,cellular,30,jan,206,5,239,3,failure
28872,cellular,30,jan,3025,2,-1,0,unknown
28873,cellular,30,jan,118,3,270,2,failure
28874,cellular,30,jan,154,6,263,3,failure
28875,cellular,30,jan,82,2,-1,0,unknown
28876,cellular,30,jan,60,2,2,1,other
28877,telephone,30,jan,237,2,-1,0,unknown
28878,telephone,30,jan,262,2,-1,0,unknown
28879,cellular,30,jan,127,2,233,8,other
28880,cellular,30,jan,417,4,-1,0,unknown
28881,cellular,30,jan,1776,2,-1,0,unknown
28882,cellular,30,jan,323,4,-1,0,unknown
28883,cellular,30,jan,511,2,-1,0,unknown
28884,telephone,30,jan,370,4,-1,0,unknown
28885,cellular,30,jan,89,4,235,2,failure
28886,cellular,30,jan,68,3,256,51,failure
28887,telephone,30,jan,89,3,-1,0,unknown
28888,telephone,30,jan,118,5,-1,0,unknown
28889,cellular,30,jan,249,3,245,3,failure
28890,cellular,30,jan,353,2,228,4,other
28891,cellular,30,jan,431,2,-1,0,unknown
28892,cellular,30,jan,85,2,-1,0,unknown
28893,telephone,30,jan,162,3,2,7,other
28894,cellular,30,jan,61,2,2,1,other
28895,telephone,30,jan,103,3,-1,0,unknown
28896,cellular,30,jan,73,3,256,3,other
28897,cellular,30,jan,1169,4,-1,0,unknown
28898,cellular,30,jan,267,6,-1,0,unknown
28899,cellular,30,jan,130,2,2,2,other
28900,cellular,30,jan,166,3,2,2,other
28901,cellular,30,jan,808,2,-1,0,unknown
28902,telephone,30,jan,399,2,2,1,other
28903,cellular,30,jan,707,2,2,1,other
28904,cellular,30,jan,1136,2,-1,0,unknown
28905,cellular,2,feb,78,5,-1,0,unknown
28906,cellular,2,feb,169,1,-1,0,unknown
28907,cellular,2,feb,84,2,174,4,failure
28908,cellular,2,feb,49,6,-1,0,unknown
28909,cellular,2,feb,241,1,-1,0,unknown
28910,telephone,2,feb,30,5,-1,0,unknown
28911,cellular,2,feb,118,1,-1,0,unknown
28912,cellular,2,feb,225,1,-1,0,unknown
28913,cellular,2,feb,82,3,-1,0,unknown
28914,telephone,2,feb,29,4,-1,0,unknown
28915,cellular,2,feb,75,1,-1,0,unknown
28916,cellular,2,feb,94,1,5,2,other
28917,cellular,2,feb,120,1,-1,0,unknown
28918,cellular,2,feb,94,1,-1,0,unknown
28919,cellular,2,feb,105,1,-1,0,unknown
28920,cellular,2,feb,84,1,-1,0,unknown
28921,cellular,2,feb,37,1,-1,0,unknown
28922,cellular,2,feb,67,1,-1,0,unknown
28923,cellular,2,feb,151,1,-1,0,unknown
28924,cellular,2,feb,326,1,-1,0,unknown
28925,cellular,2,feb,88,1,273,1,failure
28926,cellular,2,feb,210,1,272,2,failure
28927,cellular,2,feb,103,1,-1,0,unknown
28928,cellular,2,feb,99,1,-1,0,unknown
28929,cellular,2,feb,246,1,259,2,failure
28930,cellular,2,feb,222,1,-1,0,unknown
28931,cellular,2,feb,215,1,242,2,failure
28932,cellular,2,feb,110,1,-1,0,unknown
28933,cellular,2,feb,19,6,-1,0,unknown
28934,cellular,2,feb,608,1,-1,0,unknown
28935,telephone,2,feb,803,1,-1,0,unknown
28936,cellular,2,feb,181,1,264,3,failure
28937,cellular,2,feb,535,1,-1,0,unknown
28938,cellular,2,feb,299,1,-1,0,unknown
28939,cellular,2,feb,346,1,180,3,failure
28940,telephone,2,feb,18,1,-1,0,unknown
28941,cellular,2,feb,781,1,-1,0,unknown
28942,cellular,2,feb,152,1,-1,0,unknown
28943,cellular,2,feb,112,1,273,1,failure
28944,cellular,2,feb,282,1,-1,0,unknown
28945,cellular,2,feb,674,1,-1,0,unknown
28946,cellular,2,feb,135,1,-1,0,unknown
28947,cellular,2,feb,75,1,-1,0,unknown
28948,cellular,2,feb,393,1,245,4,failure
28949,cellular,2,feb,281,1,-1,0,unknown
28950,cellular,2,feb,101,1,-1,0,unknown
28951,cellular,2,feb,91,1,-1,0,unknown
28952,cellular,2,feb,81,1,-1,0,unknown
28953,telephone,2,feb,168,1,-1,0,unknown
28954,cellular,2,feb,280,1,-1,0,unknown
28955,cellular,2,feb,327,1,-1,0,unknown
28956,cellular,2,feb,75,1,208,1,failure
28957,cellular,2,feb,147,1,-1,0,unknown
28958,cellular,2,feb,928,1,-1,0,unknown
28959,cellular,2,feb,159,1,-1,0,unknown
28960,cellular,2,feb,121,1,-1,0,unknown
28961,cellular,2,feb,97,1,-1,0,unknown
28962,cellular,2,feb,167,1,263,3,other
28963,cellular,2,feb,151,1,214,2,failure
28964,cellular,2,feb,150,1,-1,0,unknown
28965,cellular,2,feb,265,1,-1,0,unknown
28966,cellular,2,feb,133,3,5,2,other
28967,cellular,2,feb,110,2,222,2,failure
28968,cellular,2,feb,138,2,-1,0,unknown
28969,cellular,2,feb,125,1,-1,0,unknown
28970,cellular,2,feb,96,1,271,2,other
28971,cellular,2,feb,550,1,-1,0,unknown
28972,cellular,2,feb,62,1,-1,0,unknown
28973,cellular,2,feb,133,1,272,1,failure
28974,cellular,2,feb,63,1,-1,0,unknown
28975,cellular,2,feb,113,2,249,2,failure
28976,cellular,2,feb,54,1,255,2,failure
28977,cellular,2,feb,1086,1,-1,0,unknown
28978,cellular,2,feb,50,1,-1,0,unknown
28979,cellular,2,feb,269,1,206,2,failure
28980,cellular,2,feb,122,1,-1,0,unknown
28981,cellular,2,feb,749,1,-1,0,unknown
28982,cellular,2,feb,174,1,208,1,failure
28983,cellular,2,feb,731,1,193,3,failure
28984,cellular,2,feb,174,1,-1,0,unknown
28985,cellular,2,feb,115,1,-1,0,unknown
28986,cellular,2,feb,326,5,-1,0,unknown
28987,cellular,2,feb,72,1,203,3,failure
28988,cellular,2,feb,217,1,221,1,failure
28989,cellular,2,feb,270,1,-1,0,unknown
28990,cellular,2,feb,67,1,-1,0,unknown
28991,cellular,2,feb,251,1,242,2,failure
28992,cellular,2,feb,88,1,208,1,other
28993,cellular,2,feb,20,1,-1,0,unknown
28994,cellular,2,feb,699,1,272,1,failure
28995,cellular,2,feb,371,1,-1,0,unknown
28996,cellular,2,feb,226,2,-1,0,unknown
28997,telephone,2,feb,492,1,-1,0,unknown
28998,cellular,2,feb,125,1,249,2,failure
28999,cellular,2,feb,175,2,-1,0,unknown
29000,cellular,2,feb,141,1,5,1,failure
29001,cellular,2,feb,177,1,199,2,failure
29002,cellular,2,feb,229,1,-1,0,unknown
29003,cellular,2,feb,72,1,-1,0,unknown
29004,cellular,2,feb,243,1,-1,0,unknown
29005,cellular,2,feb,244,1,271,4,failure
29006,cellular,2,feb,221,1,-1,0,unknown
29007,cellular,2,feb,73,1,-1,0,unknown
29008,cellular,2,feb,389,1,-1,0,unknown
29009,cellular,2,feb,124,2,5,1,other
29010,cellular,2,feb,215,2,-1,0,unknown
29011,cellular,2,feb,211,1,-1,0,unknown
29012,cellular,2,feb,98,1,207,1,failure
29013,cellular,2,feb,144,1,-1,0,unknown
29014,cellular,2,feb,113,2,-1,0,unknown
29015,cellular,2,feb,214,1,-1,0,unknown
29016,cellular,2,feb,446,2,273,1,failure
29017,cellular,2,feb,267,1,-1,0,unknown
29018,cellular,2,feb,83,1,-1,0,unknown
29019,cellular,2,feb,171,1,-1,0,unknown
29020,cellular,2,feb,272,1,-1,0,unknown
29021,cellular,2,feb,130,1,-1,0,unknown
29022,cellular,2,feb,124,1,-1,0,unknown
29023,cellular,2,feb,381,1,-1,0,unknown
29024,cellular,2,feb,588,1,-1,0,unknown
29025,cellular,2,feb,49,1,-1,0,unknown
29026,cellular,2,feb,60,1,-1,0,unknown
29027,cellular,2,feb,138,1,-1,0,unknown
29028,cellular,2,feb,182,1,-1,0,unknown
29029,cellular,2,feb,70,3,265,4,other
29030,cellular,2,feb,158,1,-1,0,unknown
29031,cellular,2,feb,247,1,241,3,failure
29032,cellular,2,feb,221,1,206,2,failure
29033,cellular,2,feb,70,1,250,1,failure
29034,cellular,2,feb,1013,1,-1,0,unknown
29035,cellular,2,feb,107,1,-1,0,unknown
29036,telephone,2,feb,935,1,-1,0,unknown
29037,cellular,2,feb,93,1,235,1,failure
29038,cellular,2,feb,226,1,202,4,failure
29039,cellular,2,feb,276,1,269,1,success
29040,cellular,2,feb,95,1,216,2,failure
29041,cellular,2,feb,96,1,-1,0,unknown
29042,cellular,2,feb,229,1,-1,0,unknown
29043,cellular,2,feb,73,1,252,1,failure
29044,cellular,2,feb,212,1,249,2,other
29045,cellular,2,feb,185,1,252,2,failure
29046,cellular,2,feb,264,1,201,2,success
29047,cellular,2,feb,109,1,186,3,failure
29048,cellular,2,feb,210,1,-1,0,unknown
29049,cellular,2,feb,149,1,-1,0,unknown
29050,cellular,2,feb,134,1,266,7,failure
29051,cellular,2,feb,475,1,-1,0,unknown
29052,cellular,2,feb,166,1,258,1,failure
29053,cellular,2,feb,200,5,175,2,failure
29054,cellular,2,feb,342,1,-1,0,unknown
29055,cellular,2,feb,111,1,-1,0,unknown
29056,telephone,2,feb,197,1,-1,0,unknown
29057,cellular,2,feb,41,1,-1,0,unknown
29058,cellular,2,feb,63,1,257,2,failure
29059,cellular,2,feb,210,1,-1,0,unknown
29060,cellular,2,feb,495,1,258,2,failure
29061,cellular,2,feb,244,1,229,5,other
29062,cellular,2,feb,105,1,-1,0,unknown
29063,cellular,2,feb,165,1,-1,0,unknown
29064,cellular,2,feb,430,1,-1,0,unknown
29065,cellular,2,feb,90,1,252,2,failure
29066,cellular,2,feb,238,1,214,1,failure
29067,cellular,2,feb,224,1,269,1,failure
29068,telephone,2,feb,51,1,-1,0,unknown
29069,cellular,2,feb,200,1,271,1,failure
29070,cellular,2,feb,271,7,-1,0,unknown
29071,cellular,2,feb,315,2,208,1,failure
29072,cellular,2,feb,619,1,272,1,failure
29073,cellular,2,feb,343,1,210,3,success
29074,cellular,2,feb,50,1,-1,0,unknown
29075,cellular,2,feb,148,1,188,3,failure
29076,cellular,2,feb,134,1,271,2,failure
29077,cellular,2,feb,65,1,-1,0,unknown
29078,cellular,2,feb,67,1,195,5,other
29079,cellular,2,feb,201,1,-1,0,unknown
29080,cellular,2,feb,66,1,264,2,failure
29081,cellular,2,feb,86,1,161,5,other
29082,cellular,2,feb,141,1,-1,0,unknown
29083,cellular,2,feb,45,1,-1,0,unknown
29084,cellular,2,feb,64,1,-1,0,unknown
29085,cellular,2,feb,134,1,252,1,failure
29086,cellular,2,feb,90,1,-1,0,unknown
29087,cellular,2,feb,212,1,-1,0,unknown
29088,cellular,2,feb,7,6,-1,0,unknown
29089,cellular,2,feb,241,1,262,3,other
29090,telephone,2,feb,447,1,-1,0,unknown
29091,cellular,2,feb,216,1,-1,0,unknown
29092,cellular,2,feb,90,1,262,1,failure
29093,telephone,2,feb,161,3,5,3,other
29094,cellular,2,feb,197,1,241,2,other
29095,cellular,2,feb,71,1,266,4,failure
29096,telephone,2,feb,45,1,217,2,failure
29097,cellular,2,feb,126,1,-1,0,unknown
29098,cellular,2,feb,151,1,-1,0,unknown
29099,cellular,2,feb,165,1,188,4,failure
29100,cellular,2,feb,302,1,-1,0,unknown
29101,cellular,2,feb,855,1,-1,0,unknown
29102,telephone,2,feb,38,1,-1,0,unknown
29103,cellular,2,feb,60,1,271,1,failure
29104,cellular,2,feb,133,2,-1,0,unknown
29105,cellular,2,feb,75,2,-1,0,unknown
29106,cellular,2,feb,504,1,-1,0,unknown
29107,cellular,2,feb,154,2,-1,0,unknown
29108,telephone,2,feb,186,1,-1,0,unknown
29109,cellular,2,feb,92,1,-1,0,unknown
29110,cellular,2,feb,216,2,-1,0,unknown
29111,cellular,2,feb,100,1,-1,0,unknown
29112,cellular,2,feb,237,1,-1,0,unknown
29113,cellular,2,feb,100,1,-1,0,unknown
29114,cellular,2,feb,242,1,264,1,failure
29115,cellular,2,feb,69,1,270,2,failure
29116,cellular,2,feb,142,6,195,3,failure
29117,cellular,2,feb,282,1,-1,0,unknown
29118,cellular,2,feb,204,1,-1,0,unknown
29119,cellular,2,feb,137,1,-1,0,unknown
29120,telephone,2,feb,237,2,-1,0,unknown
29121,cellular,2,feb,192,1,-1,0,unknown
29122,cellular,2,feb,110,3,-1,0,unknown
29123,cellular,2,feb,362,1,-1,0,unknown
29124,cellular,2,feb,20,7,-1,0,unknown
29125,cellular,2,feb,124,1,-1,0,unknown
29126,cellular,2,feb,127,1,-1,0,unknown
29127,telephone,2,feb,268,1,-1,0,unknown
29128,cellular,2,feb,199,1,-1,0,unknown
29129,cellular,2,feb,56,1,-1,0,unknown
29130,cellular,2,feb,324,1,-1,0,unknown
29131,cellular,2,feb,180,1,-1,0,unknown
29132,cellular,2,feb,188,1,206,2,other
29133,cellular,2,feb,655,2,-1,0,unknown
29134,cellular,2,feb,280,1,75,1,failure
29135,cellular,2,feb,75,1,206,1,failure
29136,cellular,2,feb,145,1,199,1,failure
29137,telephone,2,feb,182,1,-1,0,unknown
29138,cellular,2,feb,95,1,-1,0,unknown
29139,cellular,2,feb,346,2,-1,0,unknown
29140,cellular,2,feb,437,1,-1,0,unknown
29141,telephone,2,feb,20,1,-1,0,unknown
29142,cellular,2,feb,173,1,-1,0,unknown
29143,cellular,2,feb,164,1,250,2,failure
29144,cellular,2,feb,170,1,-1,0,unknown
29145,cellular,2,feb,84,2,-1,0,unknown
29146,cellular,2,feb,109,1,252,2,other
29147,cellular,2,feb,108,2,-1,0,unknown
29148,cellular,2,feb,408,1,-1,0,unknown
29149,cellular,2,feb,39,1,-1,0,unknown
29150,cellular,2,feb,123,1,258,1,failure
29151,telephone,2,feb,161,1,-1,0,unknown
29152,cellular,2,feb,366,1,-1,0,unknown
29153,cellular,2,feb,114,1,208,1,failure
29154,cellular,2,feb,62,1,179,3,failure
29155,cellular,2,feb,83,1,-1,0,unknown
29156,cellular,2,feb,96,1,266,1,failure
29157,cellular,2,feb,173,1,-1,0,unknown
29158,telephone,2,feb,912,1,-1,0,unknown
29159,cellular,2,feb,75,1,264,10,other
29160,cellular,2,feb,43,1,-1,0,unknown
29161,cellular,2,feb,131,1,-1,0,unknown
29162,cellular,2,feb,136,1,-1,0,unknown
29163,telephone,2,feb,211,2,-1,0,unknown
29164,cellular,2,feb,361,1,-1,0,unknown
29165,cellular,2,feb,491,1,-1,0,unknown
29166,cellular,2,feb,71,1,-1,0,unknown
29167,cellular,2,feb,177,1,-1,0,unknown
29168,cellular,2,feb,166,1,216,1,other
29169,cellular,2,feb,173,1,258,2,failure
29170,cellular,2,feb,360,1,-1,0,unknown
29171,cellular,2,feb,56,1,-1,0,unknown
29172,cellular,2,feb,275,1,258,1,other
29173,cellular,2,feb,157,1,-1,0,unknown
29174,cellular,2,feb,236,2,252,1,other
29175,telephone,2,feb,122,3,-1,0,unknown
29176,cellular,2,feb,279,2,269,2,other
29177,cellular,2,feb,299,2,-1,0,unknown
29178,cellular,2,feb,268,2,196,2,failure
29179,cellular,2,feb,165,1,-1,0,unknown
29180,cellular,2,feb,190,4,264,4,failure
29181,cellular,2,feb,157,2,252,1,failure
29182,cellular,2,feb,349,2,262,275,other
29183,cellular,2,feb,124,1,178,4,success
29184,cellular,2,feb,261,1,265,3,failure
29185,telephone,2,feb,20,8,-1,0,unknown
29186,cellular,2,feb,97,1,-1,0,unknown
29187,cellular,2,feb,231,2,271,1,failure
29188,telephone,2,feb,319,1,213,1,failure
29189,cellular,2,feb,113,2,-1,0,unknown
29190,cellular,2,feb,138,1,-1,0,unknown
29191,cellular,2,feb,297,1,-1,0,unknown
29192,cellular,2,feb,124,3,-1,0,unknown
29193,cellular,2,feb,218,1,-1,0,unknown
29194,cellular,2,feb,531,1,208,1,success
29195,cellular,2,feb,194,1,-1,0,unknown
29196,cellular,2,feb,142,1,189,4,failure
29197,cellular,2,feb,504,1,-1,0,unknown
29198,cellular,2,feb,97,3,-1,0,unknown
29199,cellular,2,feb,158,1,-1,0,unknown
29200,cellular,2,feb,734,1,-1,0,unknown
29201,cellular,2,feb,154,2,-1,0,unknown
29202,cellular,2,feb,415,1,-1,0,unknown
29203,cellular,2,feb,155,2,-1,0,unknown
29204,cellular,2,feb,144,1,-1,0,unknown
29205,cellular,2,feb,180,5,-1,0,unknown
29206,cellular,2,feb,521,2,193,2,other
29207,cellular,2,feb,78,1,-1,0,unknown
29208,cellular,2,feb,161,1,-1,0,unknown
29209,cellular,2,feb,68,1,-1,0,unknown
29210,cellular,2,feb,319,2,-1,0,unknown
29211,cellular,2,feb,171,2,193,2,other
29212,cellular,2,feb,64,2,-1,0,unknown
29213,cellular,2,feb,126,2,-1,0,unknown
29214,cellular,2,feb,111,1,-1,0,unknown
29215,cellular,2,feb,215,1,-1,0,unknown
29216,cellular,2,feb,111,1,-1,0,unknown
29217,cellular,2,feb,406,1,-1,0,unknown
29218,cellular,2,feb,559,1,189,4,failure
29219,cellular,2,feb,279,1,-1,0,unknown
29220,cellular,2,feb,289,1,-1,0,unknown
29221,telephone,2,feb,324,1,-1,0,unknown
29222,cellular,2,feb,114,1,263,3,other
29223,cellular,2,feb,64,2,-1,0,unknown
29224,cellular,2,feb,854,1,-1,0,unknown
29225,cellular,2,feb,70,2,-1,0,unknown
29226,cellular,2,feb,36,1,-1,0,unknown
29227,cellular,2,feb,134,1,271,2,failure
29228,telephone,2,feb,39,1,-1,0,unknown
29229,cellular,2,feb,626,1,-1,0,unknown
29230,cellular,2,feb,87,2,265,3,other
29231,cellular,2,feb,194,1,-1,0,unknown
29232,cellular,2,feb,277,1,-1,0,unknown
29233,cellular,2,feb,236,1,-1,0,unknown
29234,cellular,2,feb,154,2,264,1,other
29235,cellular,2,feb,195,1,-1,0,unknown
29236,cellular,2,feb,115,3,264,2,failure
29237,cellular,2,feb,421,1,-1,0,unknown
29238,cellular,2,feb,214,1,-1,0,unknown
29239,cellular,2,feb,156,5,-1,0,unknown
29240,cellular,2,feb,570,2,-1,0,unknown
29241,cellular,2,feb,252,1,-1,0,unknown
29242,cellular,2,feb,156,3,-1,0,unknown
29243,cellular,2,feb,406,1,-1,0,unknown
29244,cellular,2,feb,938,1,-1,0,unknown
29245,telephone,2,feb,45,1,-1,0,unknown
29246,cellular,2,feb,153,1,-1,0,unknown
29247,cellular,2,feb,115,2,187,2,failure
29248,cellular,2,feb,337,1,-1,0,unknown
29249,cellular,2,feb,521,1,-1,0,unknown
29250,cellular,2,feb,95,3,-1,0,unknown
29251,cellular,2,feb,429,2,-1,0,unknown
29252,cellular,2,feb,114,1,-1,0,unknown
29253,cellular,2,feb,19,6,-1,0,unknown
29254,cellular,2,feb,198,2,-1,0,unknown
29255,cellular,2,feb,87,1,263,1,failure
29256,cellular,2,feb,159,1,187,3,failure
29257,cellular,2,feb,178,1,-1,0,unknown
29258,cellular,2,feb,221,2,272,1,failure
29259,cellular,2,feb,228,2,-1,0,unknown
29260,cellular,2,feb,544,1,269,2,failure
29261,cellular,2,feb,294,1,-1,0,unknown
29262,cellular,2,feb,247,2,269,3,failure
29263,cellular,2,feb,149,1,-1,0,unknown
29264,cellular,2,feb,260,5,195,4,failure
29265,cellular,2,feb,670,3,-1,0,unknown
29266,cellular,2,feb,465,2,-1,0,unknown
29267,telephone,2,feb,1790,2,-1,0,unknown
29268,cellular,2,feb,141,1,75,1,failure
29269,cellular,2,feb,237,1,-1,0,unknown
29270,cellular,2,feb,157,1,-1,0,unknown
29271,cellular,2,feb,102,2,-1,0,unknown
29272,cellular,2,feb,285,1,-1,0,unknown
29273,cellular,2,feb,736,1,-1,0,unknown
29274,cellular,2,feb,154,2,-1,0,unknown
29275,cellular,2,feb,120,2,272,1,failure
29276,cellular,2,feb,150,2,189,2,failure
29277,cellular,2,feb,219,5,-1,0,unknown
29278,cellular,2,feb,236,2,217,4,failure
29279,cellular,2,feb,421,3,238,9,other
29280,cellular,2,feb,249,1,-1,0,unknown
29281,cellular,2,feb,95,2,241,3,other
29282,cellular,2,feb,83,1,-1,0,unknown
29283,cellular,2,feb,245,2,-1,0,unknown
29284,cellular,2,feb,204,2,257,2,other
29285,cellular,2,feb,116,2,230,2,failure
29286,cellular,2,feb,82,2,-1,0,unknown
29287,cellular,2,feb,175,2,-1,0,unknown
29288,cellular,2,feb,258,1,73,1,failure
29289,cellular,2,feb,158,2,207,1,other
29290,cellular,2,feb,119,2,175,2,failure
29291,cellular,2,feb,402,1,-1,0,unknown
29292,cellular,2,feb,223,1,76,4,failure
29293,cellular,2,feb,280,1,-1,0,unknown
29294,cellular,2,feb,88,1,-1,0,unknown
29295,cellular,2,feb,96,1,-1,0,unknown
29296,telephone,2,feb,463,2,-1,0,unknown
29297,cellular,2,feb,62,1,-1,0,unknown
29298,cellular,2,feb,220,3,-1,0,unknown
29299,cellular,2,feb,170,1,-1,0,unknown
29300,cellular,2,feb,99,3,227,14,failure
29301,cellular,2,feb,202,2,-1,0,unknown
29302,cellular,2,feb,117,7,-1,0,unknown
29303,cellular,2,feb,223,2,200,7,other
29304,cellular,2,feb,164,2,272,2,failure
29305,telephone,2,feb,51,2,-1,0,unknown
29306,cellular,2,feb,457,2,-1,0,unknown
29307,cellular,2,feb,131,2,-1,0,unknown
29308,cellular,2,feb,237,2,-1,0,unknown
29309,cellular,2,feb,445,2,-1,0,unknown
29310,cellular,2,feb,751,2,76,4,failure
29311,cellular,2,feb,105,2,263,1,failure
29312,cellular,2,feb,413,2,242,3,failure
29313,telephone,2,feb,1420,3,-1,0,unknown
29314,cellular,2,feb,620,2,-1,0,unknown
29315,cellular,2,feb,340,3,264,2,failure
29316,cellular,2,feb,168,1,-1,0,unknown
29317,cellular,2,feb,871,4,-1,0,unknown
29318,cellular,2,feb,299,2,-1,0,unknown
29319,cellular,2,feb,161,2,-1,0,unknown
29320,cellular,2,feb,139,3,73,2,success
29321,cellular,2,feb,79,2,187,2,failure
29322,cellular,2,feb,283,2,-1,0,unknown
29323,cellular,2,feb,361,2,258,1,other
29324,cellular,2,feb,579,2,-1,0,unknown
29325,cellular,2,feb,914,2,-1,0,unknown
29326,cellular,2,feb,77,3,-1,0,unknown
29327,cellular,2,feb,1425,2,-1,0,unknown
29328,cellular,2,feb,266,2,-1,0,unknown
29329,cellular,2,feb,269,2,-1,0,unknown
29330,telephone,2,feb,77,2,-1,0,unknown
29331,telephone,2,feb,436,3,-1,0,unknown
29332,cellular,2,feb,194,2,-1,0,unknown
29333,cellular,2,feb,844,2,252,1,failure
29334,cellular,2,feb,1223,2,-1,0,unknown
29335,telephone,2,feb,35,1,-1,0,unknown
29336,telephone,2,feb,318,2,-1,0,unknown
29337,cellular,2,feb,182,2,-1,0,unknown
29338,cellular,2,feb,83,2,-1,0,unknown
29339,cellular,2,feb,249,3,-1,0,unknown
29340,cellular,2,feb,1110,2,-1,0,unknown
29341,telephone,2,feb,1028,2,207,1,other
29342,cellular,2,feb,2256,2,-1,0,unknown
29343,cellular,2,feb,467,2,-1,0,unknown
29344,cellular,2,feb,69,3,-1,0,unknown
29345,cellular,2,feb,160,4,-1,0,unknown
29346,cellular,2,feb,223,2,272,1,failure
29347,cellular,2,feb,142,2,-1,0,unknown
29348,cellular,2,feb,684,2,-1,0,unknown
29349,cellular,2,feb,199,2,-1,0,unknown
29350,cellular,2,feb,112,2,-1,0,unknown
29351,cellular,2,feb,127,3,5,5,other
29352,cellular,2,feb,219,2,244,1,failure
29353,telephone,2,feb,59,3,5,2,other
29354,cellular,2,feb,138,3,5,1,other
29355,cellular,2,feb,42,7,228,1,other
29356,cellular,2,feb,427,4,-1,0,unknown
29357,cellular,2,feb,438,4,-1,0,unknown
29358,cellular,2,feb,344,2,-1,0,unknown
29359,cellular,2,feb,21,3,-1,0,unknown
29360,cellular,2,feb,141,4,201,1,other
29361,cellular,2,feb,485,2,-1,0,unknown
29362,cellular,2,feb,171,2,5,1,other
29363,cellular,2,feb,118,2,-1,0,unknown
29364,cellular,2,feb,347,2,-1,0,unknown
29365,cellular,2,feb,24,7,250,1,failure
29366,cellular,2,feb,440,2,-1,0,unknown
29367,cellular,2,feb,316,3,-1,0,unknown
29368,cellular,2,feb,102,2,-1,0,unknown
29369,cellular,2,feb,192,2,208,1,failure
29370,cellular,2,feb,248,2,-1,0,unknown
29371,cellular,2,feb,102,2,-1,0,unknown
29372,cellular,2,feb,115,3,245,8,failure
29373,cellular,2,feb,98,2,271,1,failure
29374,cellular,2,feb,96,2,208,1,failure
29375,cellular,2,feb,12,3,-1,0,unknown
29376,cellular,2,feb,981,5,269,2,failure
29377,cellular,2,feb,123,2,-1,0,unknown
29378,cellular,2,feb,56,2,-1,0,unknown
29379,telephone,2,feb,233,2,-1,0,unknown
29380,cellular,2,feb,69,2,-1,0,unknown
29381,cellular,2,feb,91,2,-1,0,unknown
29382,telephone,2,feb,468,2,-1,0,unknown
29383,cellular,2,feb,218,3,-1,0,unknown
29384,cellular,2,feb,168,2,245,1,other
29385,cellular,2,feb,141,2,-1,0,unknown
29386,cellular,2,feb,135,2,-1,0,unknown
29387,cellular,2,feb,698,2,271,2,other
29388,cellular,2,feb,153,4,244,13,failure
29389,cellular,2,feb,116,3,-1,0,unknown
29390,cellular,2,feb,83,3,-1,0,unknown
29391,cellular,2,feb,263,2,-1,0,unknown
29392,cellular,2,feb,186,4,-1,0,unknown
29393,cellular,2,feb,156,2,-1,0,unknown
29394,cellular,2,feb,167,1,187,2,failure
29395,cellular,2,feb,159,2,271,1,failure
29396,cellular,2,feb,845,2,-1,0,unknown
29397,cellular,2,feb,289,2,174,4,other
29398,cellular,2,feb,81,3,269,3,other
29399,cellular,2,feb,556,2,-1,0,unknown
29400,telephone,2,feb,111,2,208,1,failure
29401,cellular,2,feb,161,3,73,1,other
29402,cellular,2,feb,76,3,5,3,other
29403,cellular,2,feb,189,1,-1,0,unknown
29404,cellular,2,feb,147,2,252,3,other
29405,cellular,2,feb,164,2,262,2,failure
29406,telephone,2,feb,70,2,-1,0,unknown
29407,cellular,2,feb,300,2,-1,0,unknown
29408,cellular,2,feb,405,1,-1,0,unknown
29409,cellular,3,feb,106,2,259,1,failure
29410,cellular,3,feb,11,6,-1,0,unknown
29411,cellular,3,feb,62,2,203,5,failure
29412,cellular,3,feb,298,2,231,1,failure
29413,cellular,3,feb,225,2,-1,0,unknown
29414,cellular,3,feb,117,2,221,4,failure
29415,cellular,3,feb,7,8,-1,0,unknown
29416,cellular,3,feb,198,2,267,1,other
29417,cellular,3,feb,182,2,-1,0,unknown
29418,cellular,3,feb,11,7,-1,0,unknown
29419,cellular,3,feb,231,2,259,1,failure
29420,cellular,3,feb,124,2,271,2,failure
29421,cellular,3,feb,43,4,-1,0,unknown
29422,cellular,3,feb,149,1,-1,0,unknown
29423,cellular,3,feb,133,1,-1,0,unknown
29424,cellular,3,feb,35,7,265,5,other
29425,cellular,3,feb,624,1,-1,0,unknown
29426,cellular,3,feb,136,3,-1,0,unknown
29427,telephone,3,feb,221,2,-1,0,unknown
29428,cellular,3,feb,207,1,-1,0,unknown
29429,cellular,3,feb,383,1,-1,0,unknown
29430,cellular,3,feb,211,1,-1,0,unknown
29431,cellular,3,feb,114,1,-1,0,unknown
29432,cellular,3,feb,142,2,-1,0,unknown
29433,cellular,3,feb,203,3,-1,0,unknown
29434,cellular,3,feb,155,1,-1,0,unknown
29435,cellular,3,feb,267,4,-1,0,unknown
29436,cellular,3,feb,177,2,211,3,failure
29437,cellular,3,feb,438,1,-1,0,unknown
29438,cellular,3,feb,110,1,-1,0,unknown
29439,cellular,3,feb,63,2,-1,0,unknown
29440,cellular,3,feb,137,3,264,4,other
29441,cellular,3,feb,146,1,263,5,success
29442,cellular,3,feb,47,2,222,3,other
29443,cellular,3,feb,625,4,-1,0,unknown
29444,cellular,3,feb,236,2,272,1,failure
29445,cellular,3,feb,116,3,265,3,failure
29446,cellular,3,feb,77,3,202,9,failure
29447,cellular,3,feb,165,3,-1,0,unknown
29448,cellular,3,feb,297,1,-1,0,unknown
29449,cellular,3,feb,369,1,-1,0,unknown
29450,cellular,3,feb,300,3,195,8,other
29451,cellular,3,feb,114,2,-1,0,unknown
29452,telephone,3,feb,362,2,-1,0,unknown
29453,cellular,3,feb,107,3,-1,0,unknown
29454,cellular,3,feb,189,1,-1,0,unknown
29455,cellular,3,feb,158,5,-1,0,unknown
29456,cellular,3,feb,149,3,215,1,failure
29457,cellular,3,feb,116,2,253,1,failure
29458,cellular,3,feb,330,2,-1,0,unknown
29459,cellular,3,feb,84,3,265,2,failure
29460,cellular,3,feb,419,2,271,2,failure
29461,cellular,3,feb,211,1,-1,0,unknown
29462,cellular,3,feb,341,2,-1,0,unknown
29463,cellular,3,feb,169,2,-1,0,unknown
29464,cellular,3,feb,360,1,-1,0,unknown
29465,cellular,3,feb,330,3,190,6,failure
29466,cellular,3,feb,165,1,-1,0,unknown
29467,cellular,3,feb,326,3,-1,0,unknown
29468,cellular,3,feb,329,1,-1,0,unknown
29469,cellular,3,feb,191,1,-1,0,unknown
29470,cellular,3,feb,193,3,271,4,failure
29471,cellular,3,feb,71,1,-1,0,unknown
29472,cellular,3,feb,216,1,-1,0,unknown
29473,cellular,3,feb,321,1,-1,0,unknown
29474,cellular,3,feb,368,1,-1,0,unknown
29475,cellular,3,feb,256,1,190,3,failure
29476,cellular,3,feb,80,1,273,1,failure
29477,cellular,3,feb,294,1,265,1,other
29478,cellular,3,feb,197,1,270,2,failure
29479,cellular,3,feb,161,1,256,1,failure
29480,cellular,3,feb,118,1,-1,0,unknown
29481,cellular,3,feb,197,1,250,23,failure
29482,telephone,3,feb,56,1,-1,0,unknown
29483,cellular,3,feb,269,1,-1,0,unknown
29484,cellular,3,feb,124,1,-1,0,unknown
29485,cellular,3,feb,201,1,-1,0,unknown
29486,cellular,3,feb,115,1,-1,0,unknown
29487,cellular,3,feb,317,1,-1,0,unknown
29488,cellular,3,feb,298,1,-1,0,unknown
29489,cellular,3,feb,138,1,-1,0,unknown
29490,cellular,3,feb,213,2,-1,0,unknown
29491,cellular,3,feb,128,1,-1,0,unknown
29492,cellular,3,feb,678,1,-1,0,unknown
29493,cellular,3,feb,251,1,-1,0,unknown
29494,telephone,3,feb,166,2,173,3,failure
29495,cellular,3,feb,280,2,-1,0,unknown
29496,cellular,3,feb,197,1,-1,0,unknown
29497,cellular,3,feb,151,1,-1,0,unknown
29498,cellular,3,feb,362,1,-1,0,unknown
29499,cellular,3,feb,996,1,-1,0,unknown
29500,cellular,3,feb,650,1,-1,0,unknown
29501,cellular,3,feb,906,1,-1,0,unknown
29502,telephone,3,feb,45,1,-1,0,unknown
29503,cellular,3,feb,589,1,-1,0,unknown
29504,cellular,3,feb,92,1,-1,0,unknown
29505,cellular,3,feb,261,1,195,4,failure
29506,cellular,3,feb,561,1,201,1,failure
29507,cellular,3,feb,330,3,-1,0,unknown
29508,cellular,3,feb,224,1,-1,0,unknown
29509,cellular,3,feb,145,1,-1,0,unknown
29510,cellular,3,feb,152,2,160,5,other
29511,telephone,3,feb,251,1,-1,0,unknown
29512,cellular,3,feb,117,1,-1,0,unknown
29513,cellular,3,feb,104,1,-1,0,unknown
29514,cellular,3,feb,24,9,-1,0,unknown
29515,cellular,3,feb,157,1,-1,0,unknown
29516,cellular,3,feb,343,2,-1,0,unknown
29517,cellular,3,feb,239,1,-1,0,unknown
29518,cellular,3,feb,84,1,-1,0,unknown
29519,cellular,3,feb,69,1,252,4,failure
29520,cellular,3,feb,132,1,-1,0,unknown
29521,cellular,3,feb,136,1,-1,0,unknown
29522,cellular,3,feb,1393,1,-1,0,unknown
29523,cellular,3,feb,261,1,-1,0,unknown
29524,cellular,3,feb,1635,1,-1,0,unknown
29525,cellular,3,feb,213,3,-1,0,unknown
29526,cellular,3,feb,258,4,-1,0,unknown
29527,cellular,3,feb,142,1,-1,0,unknown
29528,cellular,3,feb,178,1,-1,0,unknown
29529,cellular,3,feb,22,4,-1,0,unknown
29530,cellular,3,feb,16,7,-1,0,unknown
29531,cellular,3,feb,133,3,77,2,failure
29532,cellular,3,feb,54,2,270,1,failure
29533,cellular,3,feb,419,3,-1,0,unknown
29534,telephone,3,feb,143,4,272,1,failure
29535,cellular,3,feb,373,1,236,2,failure
29536,cellular,3,feb,858,1,-1,0,unknown
29537,cellular,3,feb,188,3,270,5,failure
29538,telephone,3,feb,296,1,-1,0,unknown
29539,cellular,3,feb,192,1,-1,0,unknown
29540,cellular,3,feb,168,2,-1,0,unknown
29541,cellular,3,feb,14,6,196,2,other
29542,cellular,3,feb,64,1,-1,0,unknown
29543,cellular,3,feb,1528,2,-1,0,unknown
29544,cellular,3,feb,53,3,-1,0,unknown
29545,cellular,3,feb,343,1,264,4,failure
29546,cellular,3,feb,337,4,-1,0,unknown
29547,cellular,3,feb,542,1,-1,0,unknown
29548,cellular,3,feb,124,2,180,2,failure
29549,cellular,3,feb,166,3,-1,0,unknown
29550,cellular,3,feb,155,4,-1,0,unknown
29551,cellular,3,feb,248,2,-1,0,unknown
29552,cellular,3,feb,406,3,-1,0,unknown
29553,cellular,3,feb,841,3,-1,0,unknown
29554,cellular,3,feb,246,1,-1,0,unknown
29555,cellular,3,feb,14,6,-1,0,unknown
29556,cellular,3,feb,18,6,201,7,other
29557,cellular,3,feb,84,4,267,4,failure
29558,cellular,3,feb,252,6,-1,0,unknown
29559,cellular,3,feb,19,6,-1,0,unknown
29560,cellular,3,feb,363,2,-1,0,unknown
29561,cellular,3,feb,182,5,-1,0,unknown
29562,cellular,3,feb,66,3,-1,0,unknown
29563,cellular,3,feb,22,6,-1,0,unknown
29564,cellular,3,feb,80,1,256,1,failure
29565,cellular,3,feb,246,1,-1,0,unknown
29566,cellular,3,feb,31,6,-1,0,unknown
29567,cellular,3,feb,158,4,201,6,failure
29568,cellular,3,feb,224,1,-1,0,unknown
29569,cellular,3,feb,387,1,-1,0,unknown
29570,cellular,3,feb,82,6,251,4,other
29571,cellular,3,feb,428,1,-1,0,unknown
29572,cellular,3,feb,276,2,-1,0,unknown
29573,cellular,3,feb,125,1,-1,0,unknown
29574,cellular,3,feb,121,5,256,1,failure
29575,cellular,3,feb,148,2,-1,0,unknown
29576,cellular,3,feb,39,1,-1,0,unknown
29577,cellular,3,feb,298,1,-1,0,unknown
29578,cellular,3,feb,306,2,-1,0,unknown
29579,cellular,3,feb,369,2,-1,0,unknown
29580,cellular,3,feb,150,4,-1,0,unknown
29581,cellular,3,feb,150,2,-1,0,unknown
29582,cellular,3,feb,282,1,-1,0,unknown
29583,cellular,3,feb,83,3,-1,0,unknown
29584,cellular,3,feb,86,2,-1,0,unknown
29585,cellular,3,feb,143,2,-1,0,unknown
29586,cellular,3,feb,206,3,-1,0,unknown
29587,cellular,3,feb,303,2,-1,0,unknown
29588,telephone,3,feb,26,2,197,1,failure
29589,cellular,3,feb,91,2,159,14,failure
29590,cellular,3,feb,266,1,-1,0,unknown
29591,cellular,3,feb,446,1,-1,0,unknown
29592,cellular,3,feb,18,7,-1,0,unknown
29593,cellular,3,feb,17,6,-1,0,unknown
29594,cellular,3,feb,144,2,271,2,failure
29595,cellular,3,feb,254,1,-1,0,unknown
29596,cellular,3,feb,13,5,-1,0,unknown
29597,cellular,3,feb,65,2,-1,0,unknown
29598,cellular,3,feb,389,3,-1,0,unknown
29599,cellular,3,feb,211,2,-1,0,unknown
29600,cellular,3,feb,67,3,-1,0,unknown
29601,cellular,3,feb,88,5,251,3,failure
29602,cellular,3,feb,425,1,82,1,failure
29603,cellular,3,feb,128,2,-1,0,unknown
29604,cellular,3,feb,790,1,249,1,failure
29605,cellular,3,feb,178,1,-1,0,unknown
29606,cellular,3,feb,372,1,-1,0,unknown
29607,cellular,3,feb,225,4,-1,0,unknown
29608,cellular,3,feb,565,2,-1,0,unknown
29609,cellular,3,feb,294,3,-1,0,unknown
29610,telephone,3,feb,32,1,-1,0,unknown
29611,cellular,3,feb,99,3,-1,0,unknown
29612,cellular,3,feb,289,2,-1,0,unknown
29613,cellular,3,feb,182,2,90,1,success
29614,cellular,3,feb,114,1,-1,0,unknown
29615,cellular,3,feb,239,1,-1,0,unknown
29616,cellular,3,feb,321,3,270,2,other
29617,cellular,3,feb,205,3,214,1,failure
29618,cellular,3,feb,124,1,-1,0,unknown
29619,cellular,3,feb,109,3,-1,0,unknown
29620,cellular,3,feb,94,4,271,4,failure
29621,cellular,3,feb,280,2,-1,0,unknown
29622,cellular,3,feb,22,6,196,6,failure
29623,cellular,3,feb,10,6,-1,0,unknown
29624,cellular,3,feb,168,3,-1,0,unknown
29625,cellular,3,feb,110,2,6,1,other
29626,telephone,3,feb,125,3,-1,0,unknown
29627,cellular,3,feb,392,2,-1,0,unknown
29628,cellular,3,feb,222,3,-1,0,unknown
29629,cellular,3,feb,613,2,-1,0,unknown
29630,cellular,3,feb,489,2,271,2,success
29631,cellular,3,feb,100,3,201,2,failure
29632,cellular,3,feb,264,2,-1,0,unknown
29633,cellular,3,feb,443,2,-1,0,unknown
29634,cellular,3,feb,184,3,-1,0,unknown
29635,cellular,3,feb,515,3,6,13,other
29636,cellular,3,feb,667,2,-1,0,unknown
29637,cellular,3,feb,148,3,211,5,failure
29638,cellular,3,feb,181,3,-1,0,unknown
29639,cellular,3,feb,180,3,200,10,other
29640,cellular,3,feb,130,2,-1,0,unknown
29641,cellular,3,feb,449,3,-1,0,unknown
29642,cellular,3,feb,265,4,-1,0,unknown
29643,cellular,3,feb,216,4,271,5,failure
29644,cellular,3,feb,237,3,-1,0,unknown
29645,cellular,3,feb,498,2,-1,0,unknown
29646,cellular,3,feb,481,2,-1,0,unknown
29647,cellular,3,feb,248,2,-1,0,unknown
29648,telephone,3,feb,137,2,253,2,other
29649,cellular,3,feb,301,2,-1,0,unknown
29650,cellular,3,feb,586,3,-1,0,unknown
29651,cellular,3,feb,247,3,-1,0,unknown
29652,cellular,3,feb,43,5,263,2,failure
29653,cellular,3,feb,475,3,-1,0,unknown
29654,cellular,3,feb,1404,4,-1,0,unknown
29655,cellular,3,feb,176,2,-1,0,unknown
29656,cellular,3,feb,50,5,-1,0,unknown
29657,cellular,3,feb,126,3,-1,0,unknown
29658,telephone,3,feb,1776,2,-1,0,unknown
29659,cellular,3,feb,351,3,-1,0,unknown
29660,cellular,3,feb,188,4,209,1,failure
29661,cellular,3,feb,193,3,265,2,failure
29662,cellular,3,feb,537,4,-1,0,unknown
29663,cellular,3,feb,178,3,161,5,other
29664,cellular,3,feb,18,5,6,3,other
29665,telephone,3,feb,264,2,-1,0,unknown
29666,cellular,3,feb,165,5,6,3,other
29667,telephone,3,feb,702,3,264,9,failure
29668,telephone,3,feb,354,5,-1,0,unknown
29669,cellular,3,feb,2053,4,-1,0,unknown
29670,cellular,3,feb,538,2,188,4,failure
29671,cellular,3,feb,341,3,202,7,other
29672,cellular,3,feb,225,3,270,2,failure
29673,cellular,3,feb,24,2,-1,0,unknown
29674,cellular,3,feb,198,5,244,6,failure
29675,cellular,3,feb,22,3,-1,0,unknown
29676,cellular,3,feb,91,3,264,2,other
29677,telephone,3,feb,140,6,6,6,other
29678,cellular,3,feb,251,4,187,11,other
29679,telephone,3,feb,124,3,252,3,failure
29680,cellular,3,feb,288,3,-1,0,unknown
29681,telephone,3,feb,258,2,-1,0,unknown
29682,cellular,3,feb,137,5,211,3,other
29683,cellular,3,feb,119,4,-1,0,unknown
29684,cellular,3,feb,167,4,187,5,other
29685,cellular,3,feb,140,3,-1,0,unknown
29686,cellular,3,feb,20,5,-1,0,unknown
29687,telephone,3,feb,124,4,204,4,failure
29688,cellular,3,feb,392,3,-1,0,unknown
29689,cellular,3,feb,69,4,252,4,failure
29690,cellular,3,feb,230,3,-1,0,unknown
29691,cellular,3,feb,54,3,-1,0,unknown
29692,telephone,3,feb,288,2,215,1,other
29693,cellular,3,feb,109,4,267,6,failure
29694,cellular,3,feb,426,3,-1,0,unknown
29695,telephone,3,feb,678,2,252,1,other
29696,telephone,3,feb,258,2,-1,0,unknown
29697,cellular,3,feb,678,4,209,1,failure
29698,telephone,3,feb,221,2,-1,0,unknown
29699,cellular,3,feb,267,4,270,3,other
29700,telephone,3,feb,134,6,-1,0,unknown
29701,telephone,3,feb,225,4,6,3,other
29702,cellular,3,feb,245,4,-1,0,unknown
29703,cellular,3,feb,401,4,-1,0,unknown
29704,telephone,3,feb,226,2,-1,0,unknown
29705,cellular,3,feb,195,6,251,2,failure
29706,cellular,3,feb,439,3,-1,0,unknown
29707,cellular,3,feb,195,4,251,4,failure
29708,cellular,3,feb,231,3,-1,0,unknown
29709,cellular,3,feb,417,2,-1,0,unknown
29710,cellular,3,feb,380,5,217,5,other
29711,cellular,3,feb,112,3,270,2,failure
29712,telephone,3,feb,41,6,264,2,failure
29713,telephone,3,feb,87,4,6,1,other
29714,cellular,3,feb,8,4,-1,0,unknown
29715,cellular,3,feb,235,2,169,12,failure
29716,cellular,3,feb,191,2,-1,0,unknown
29717,telephone,3,feb,45,3,-1,0,unknown
29718,cellular,3,feb,159,2,-1,0,unknown
29719,telephone,3,feb,371,3,-1,0,unknown
29720,cellular,3,feb,693,7,204,3,failure
29721,telephone,3,feb,112,1,-1,0,unknown
29722,cellular,3,feb,541,1,-1,0,unknown
29723,telephone,4,feb,82,3,-1,0,unknown
29724,cellular,4,feb,181,1,257,1,failure
29725,cellular,4,feb,189,1,-1,0,unknown
29726,cellular,4,feb,224,1,-1,0,unknown
29727,cellular,4,feb,93,1,-1,0,unknown
29728,cellular,4,feb,228,1,-1,0,unknown
29729,telephone,4,feb,140,1,-1,0,unknown
29730,cellular,4,feb,231,1,210,1,failure
29731,cellular,4,feb,79,1,-1,0,unknown
29732,cellular,4,feb,124,1,273,1,other
29733,cellular,4,feb,197,1,-1,0,unknown
29734,cellular,4,feb,82,3,-1,0,unknown
29735,cellular,4,feb,99,1,-1,0,unknown
29736,cellular,4,feb,101,1,-1,0,unknown
29737,cellular,4,feb,119,1,251,1,failure
29738,cellular,4,feb,387,1,251,1,failure
29739,cellular,4,feb,291,1,-1,0,unknown
29740,cellular,4,feb,47,1,265,6,other
29741,cellular,4,feb,75,1,273,1,failure
29742,cellular,4,feb,1086,1,-1,0,unknown
29743,cellular,4,feb,138,1,272,2,other
29744,cellular,4,feb,112,1,244,3,failure
29745,cellular,4,feb,264,1,-1,0,unknown
29746,cellular,4,feb,236,1,-1,0,unknown
29747,cellular,4,feb,1294,2,-1,0,unknown
29748,cellular,4,feb,144,1,274,2,other
29749,cellular,4,feb,131,1,-1,0,unknown
29750,cellular,4,feb,224,2,-1,0,unknown
29751,cellular,4,feb,102,1,-1,0,unknown
29752,telephone,4,feb,82,1,244,1,failure
29753,cellular,4,feb,112,1,-1,0,unknown
29754,cellular,4,feb,93,1,-1,0,unknown
29755,cellular,4,feb,233,3,-1,0,unknown
29756,cellular,4,feb,326,1,-1,0,unknown
29757,cellular,4,feb,78,2,-1,0,unknown
29758,cellular,4,feb,352,1,216,2,other
29759,cellular,4,feb,20,5,-1,0,unknown
29760,cellular,4,feb,135,1,-1,0,unknown
29761,cellular,4,feb,211,1,-1,0,unknown
29762,cellular,4,feb,197,1,274,1,failure
29763,cellular,4,feb,139,5,-1,0,unknown
29764,cellular,4,feb,281,5,-1,0,unknown
29765,telephone,4,feb,72,2,247,1,other
29766,cellular,4,feb,183,1,189,16,other
29767,cellular,4,feb,429,2,-1,0,unknown
29768,cellular,4,feb,137,1,189,2,failure
29769,cellular,4,feb,220,1,246,4,failure
29770,cellular,4,feb,219,1,-1,0,unknown
29771,cellular,4,feb,22,1,-1,0,unknown
29772,telephone,4,feb,111,1,-1,0,unknown
29773,cellular,4,feb,66,1,-1,0,unknown
29774,cellular,4,feb,93,2,274,2,failure
29775,cellular,4,feb,235,1,244,1,failure
29776,telephone,4,feb,176,3,-1,0,unknown
29777,cellular,4,feb,175,1,-1,0,unknown
29778,cellular,4,feb,69,1,1,1,success
29779,cellular,4,feb,110,1,208,2,failure
29780,telephone,4,feb,75,1,-1,0,unknown
29781,cellular,4,feb,56,1,274,2,failure
29782,cellular,4,feb,546,3,196,4,failure
29783,cellular,4,feb,207,4,-1,0,unknown
29784,cellular,4,feb,180,1,274,3,failure
29785,telephone,4,feb,86,1,259,3,other
29786,cellular,4,feb,226,1,-1,0,unknown
29787,cellular,4,feb,775,1,-1,0,unknown
29788,cellular,4,feb,171,1,-1,0,unknown
29789,cellular,4,feb,215,1,222,1,other
29790,cellular,4,feb,52,3,-1,0,unknown
29791,cellular,4,feb,886,2,-1,0,unknown
29792,cellular,4,feb,489,1,-1,0,unknown
29793,cellular,4,feb,79,2,-1,0,unknown
29794,cellular,4,feb,54,1,-1,0,unknown
29795,cellular,4,feb,154,2,-1,0,unknown
29796,cellular,4,feb,143,1,-1,0,unknown
29797,cellular,4,feb,257,1,-1,0,unknown
29798,cellular,4,feb,47,2,-1,0,unknown
29799,cellular,4,feb,273,1,-1,0,unknown
29800,cellular,4,feb,258,1,-1,0,unknown
29801,cellular,4,feb,81,2,-1,0,unknown
29802,cellular,4,feb,130,2,-1,0,unknown
29803,cellular,4,feb,118,4,272,3,failure
29804,cellular,4,feb,502,1,-1,0,unknown
29805,cellular,4,feb,132,1,-1,0,unknown
29806,cellular,4,feb,131,1,230,1,other
29807,cellular,4,feb,220,1,-1,0,unknown
29808,telephone,4,feb,192,2,-1,0,unknown
29809,cellular,4,feb,227,2,-1,0,unknown
29810,cellular,4,feb,219,2,245,1,failure
29811,cellular,4,feb,264,1,-1,0,unknown
29812,cellular,4,feb,71,1,205,3,failure
29813,cellular,4,feb,213,1,251,1,failure
29814,cellular,4,feb,191,1,-1,0,unknown
29815,cellular,4,feb,265,1,-1,0,unknown
29816,cellular,4,feb,61,1,-1,0,unknown
29817,cellular,4,feb,62,1,-1,0,unknown
29818,cellular,4,feb,177,1,197,9,failure
29819,cellular,4,feb,227,2,-1,0,unknown
29820,cellular,4,feb,106,1,-1,0,unknown
29821,cellular,4,feb,64,1,-1,0,unknown
29822,cellular,4,feb,192,2,-1,0,unknown
29823,cellular,4,feb,692,1,-1,0,unknown
29824,cellular,4,feb,16,6,268,4,failure
29825,cellular,4,feb,42,5,-1,0,unknown
29826,cellular,4,feb,270,1,-1,0,unknown
29827,cellular,4,feb,199,1,-1,0,unknown
29828,cellular,4,feb,426,2,-1,0,unknown
29829,telephone,4,feb,125,1,-1,0,unknown
29830,telephone,4,feb,48,1,-1,0,unknown
29831,cellular,4,feb,291,1,-1,0,unknown
29832,cellular,4,feb,736,1,-1,0,unknown
29833,cellular,4,feb,75,1,190,6,failure
29834,cellular,4,feb,66,2,-1,0,unknown
29835,cellular,4,feb,145,2,260,4,failure
29836,cellular,4,feb,275,1,-1,0,unknown
29837,cellular,4,feb,199,2,-1,0,unknown
29838,cellular,4,feb,515,1,-1,0,unknown
29839,cellular,4,feb,94,1,-1,0,unknown
29840,cellular,4,feb,258,6,-1,0,unknown
29841,cellular,4,feb,380,1,-1,0,unknown
29842,telephone,4,feb,52,1,-1,0,unknown
29843,cellular,4,feb,52,2,260,1,failure
29844,telephone,4,feb,1416,1,-1,0,unknown
29845,cellular,4,feb,72,6,274,4,failure
29846,cellular,4,feb,193,2,-1,0,unknown
29847,cellular,4,feb,128,1,274,1,failure
29848,cellular,4,feb,56,1,271,1,other
29849,cellular,4,feb,718,2,189,2,success
29850,cellular,4,feb,316,1,-1,0,unknown
29851,cellular,4,feb,166,2,-1,0,unknown
29852,cellular,4,feb,428,1,-1,0,unknown
29853,cellular,4,feb,80,2,-1,0,unknown
29854,cellular,4,feb,89,1,209,1,failure
29855,cellular,4,feb,78,2,-1,0,unknown
29856,cellular,4,feb,118,1,-1,0,unknown
29857,cellular,4,feb,80,2,-1,0,unknown
29858,cellular,4,feb,313,2,-1,0,unknown
29859,cellular,4,feb,112,3,-1,0,unknown
29860,cellular,4,feb,79,1,-1,0,unknown
29861,cellular,4,feb,305,1,-1,0,unknown
29862,cellular,4,feb,53,1,-1,0,unknown
29863,cellular,4,feb,154,2,-1,0,unknown
29864,cellular,4,feb,193,1,-1,0,unknown
29865,cellular,4,feb,136,3,-1,0,unknown
29866,cellular,4,feb,715,1,-1,0,unknown
29867,cellular,4,feb,127,1,273,1,failure
29868,cellular,4,feb,193,2,237,20,other
29869,cellular,4,feb,196,1,-1,0,unknown
29870,cellular,4,feb,605,1,-1,0,unknown
29871,cellular,4,feb,405,1,-1,0,unknown
29872,cellular,4,feb,25,1,-1,0,unknown
29873,cellular,4,feb,57,1,-1,0,unknown
29874,cellular,4,feb,138,1,-1,0,unknown
29875,cellular,4,feb,73,3,-1,0,unknown
29876,cellular,4,feb,232,1,-1,0,unknown
29877,cellular,4,feb,83,1,-1,0,unknown
29878,cellular,4,feb,211,1,-1,0,unknown
29879,cellular,4,feb,98,1,266,3,failure
29880,cellular,4,feb,62,1,-1,0,unknown
29881,cellular,4,feb,41,2,274,3,failure
29882,cellular,4,feb,1078,1,-1,0,unknown
29883,cellular,4,feb,101,2,250,4,failure
29884,cellular,4,feb,253,1,-1,0,unknown
29885,cellular,4,feb,74,1,-1,0,unknown
29886,cellular,4,feb,77,1,-1,0,unknown
29887,cellular,4,feb,108,1,-1,0,unknown
29888,cellular,4,feb,56,1,-1,0,unknown
29889,cellular,4,feb,110,1,264,4,failure
29890,telephone,4,feb,46,1,-1,0,unknown
29891,cellular,4,feb,7,5,-1,0,unknown
29892,cellular,4,feb,93,1,-1,0,unknown
29893,cellular,4,feb,283,1,-1,0,unknown
29894,telephone,4,feb,50,1,208,1,other
29895,cellular,4,feb,1579,1,246,4,failure
29896,cellular,4,feb,146,1,-1,0,unknown
29897,cellular,4,feb,250,1,-1,0,unknown
29898,cellular,4,feb,572,2,238,7,other
29899,cellular,4,feb,142,1,-1,0,unknown
29900,cellular,4,feb,120,1,-1,0,unknown
29901,cellular,4,feb,57,1,247,1,other
29902,cellular,4,feb,180,1,-1,0,unknown
29903,cellular,4,feb,149,1,250,1,failure
29904,cellular,4,feb,306,1,-1,0,unknown
29905,cellular,4,feb,307,1,-1,0,unknown
29906,cellular,4,feb,510,1,198,4,failure
29907,cellular,4,feb,357,1,-1,0,unknown
29908,cellular,4,feb,266,2,-1,0,unknown
29909,cellular,4,feb,239,1,196,8,failure
29910,cellular,4,feb,99,1,-1,0,unknown
29911,cellular,4,feb,101,1,-1,0,unknown
29912,cellular,4,feb,254,2,-1,0,unknown
29913,cellular,4,feb,101,1,-1,0,unknown
29914,cellular,4,feb,72,1,-1,0,unknown
29915,cellular,4,feb,134,1,-1,0,unknown
29916,cellular,4,feb,293,1,-1,0,unknown
29917,cellular,4,feb,112,2,204,2,other
29918,cellular,4,feb,398,1,-1,0,unknown
29919,cellular,4,feb,42,1,-1,0,unknown
29920,cellular,4,feb,112,4,-1,0,unknown
29921,cellular,4,feb,72,2,-1,0,unknown
29922,cellular,4,feb,358,2,-1,0,unknown
29923,cellular,4,feb,331,1,-1,0,unknown
29924,cellular,4,feb,324,1,-1,0,unknown
29925,cellular,4,feb,147,1,-1,0,unknown
29926,cellular,4,feb,71,1,243,1,failure
29927,cellular,4,feb,41,1,251,5,failure
29928,cellular,4,feb,6,9,7,1,other
29929,cellular,4,feb,71,1,243,3,failure
29930,telephone,4,feb,43,1,-1,0,unknown
29931,cellular,4,feb,222,1,-1,0,unknown
29932,telephone,4,feb,156,1,267,1,failure
29933,cellular,4,feb,97,1,-1,0,unknown
29934,cellular,4,feb,1164,1,203,1,failure
29935,cellular,4,feb,334,1,-1,0,unknown
29936,cellular,4,feb,156,1,-1,0,unknown
29937,cellular,4,feb,519,1,-1,0,unknown
29938,telephone,4,feb,197,1,-1,0,unknown
29939,cellular,4,feb,101,1,-1,0,unknown
29940,cellular,4,feb,277,1,-1,0,unknown
29941,cellular,4,feb,267,1,-1,0,unknown
29942,cellular,4,feb,618,2,274,2,failure
29943,cellular,4,feb,220,1,-1,0,unknown
29944,cellular,4,feb,133,4,-1,0,unknown
29945,cellular,4,feb,80,1,-1,0,unknown
29946,cellular,4,feb,974,1,-1,0,unknown
29947,cellular,4,feb,56,3,-1,0,unknown
29948,cellular,4,feb,301,1,-1,0,unknown
29949,cellular,4,feb,246,1,-1,0,unknown
29950,cellular,4,feb,11,6,252,4,other
29951,cellular,4,feb,102,2,77,1,failure
29952,cellular,4,feb,348,2,-1,0,unknown
29953,cellular,4,feb,358,2,-1,0,unknown
29954,cellular,4,feb,430,2,272,3,other
29955,cellular,4,feb,604,1,204,2,failure
29956,telephone,4,feb,25,1,-1,0,unknown
29957,cellular,4,feb,358,2,-1,0,unknown
29958,cellular,4,feb,147,1,253,7,other
29959,cellular,4,feb,101,2,-1,0,unknown
29960,cellular,4,feb,287,1,201,2,failure
29961,cellular,4,feb,136,4,-1,0,unknown
29962,cellular,4,feb,214,2,-1,0,unknown
29963,telephone,4,feb,157,1,-1,0,unknown
29964,cellular,4,feb,117,1,-1,0,unknown
29965,cellular,4,feb,346,2,191,3,failure
29966,cellular,4,feb,62,1,-1,0,unknown
29967,cellular,4,feb,154,4,-1,0,unknown
29968,cellular,4,feb,467,1,-1,0,unknown
29969,cellular,4,feb,108,4,272,2,failure
29970,cellular,4,feb,137,2,-1,0,unknown
29971,cellular,4,feb,111,1,204,2,other
29972,cellular,4,feb,292,2,-1,0,unknown
29973,cellular,4,feb,69,1,-1,0,unknown
29974,cellular,4,feb,58,1,264,1,failure
29975,cellular,4,feb,138,1,-1,0,unknown
29976,cellular,4,feb,371,1,-1,0,unknown
29977,cellular,4,feb,161,4,212,3,failure
29978,cellular,4,feb,471,2,-1,0,unknown
29979,cellular,4,feb,1052,2,-1,0,unknown
29980,cellular,4,feb,190,2,-1,0,unknown
29981,cellular,4,feb,210,2,253,1,failure
29982,cellular,4,feb,1226,1,-1,0,unknown
29983,telephone,4,feb,63,1,-1,0,unknown
29984,cellular,4,feb,268,1,-1,0,unknown
29985,cellular,4,feb,206,1,-1,0,unknown
29986,cellular,4,feb,173,1,-1,0,unknown
29987,cellular,4,feb,128,1,-1,0,unknown
29988,cellular,4,feb,154,1,-1,0,unknown
29989,cellular,4,feb,117,1,253,1,failure
29990,cellular,4,feb,532,2,-1,0,unknown
29991,cellular,4,feb,306,1,-1,0,unknown
29992,cellular,4,feb,114,1,-1,0,unknown
29993,cellular,4,feb,141,2,-1,0,unknown
29994,cellular,4,feb,112,4,201,3,failure
29995,cellular,4,feb,207,3,-1,0,unknown
29996,cellular,4,feb,238,1,-1,0,unknown
29997,cellular,4,feb,191,1,-1,0,unknown
29998,cellular,4,feb,126,1,-1,0,unknown
29999,cellular,4,feb,459,1,272,1,failure
30000,cellular,4,feb,671,2,-1,0,unknown
30001,cellular,4,feb,209,1,-1,0,unknown
30002,cellular,4,feb,419,1,-1,0,unknown
30003,cellular,4,feb,587,2,-1,0,unknown
30004,cellular,4,feb,23,5,7,2,other
30005,cellular,4,feb,696,2,-1,0,unknown
30006,cellular,4,feb,253,3,215,2,other
30007,cellular,4,feb,139,1,-1,0,unknown
30008,cellular,4,feb,113,1,-1,0,unknown
30009,cellular,4,feb,377,1,-1,0,unknown
30010,cellular,4,feb,343,1,-1,0,unknown
30011,cellular,4,feb,872,1,-1,0,unknown
30012,cellular,4,feb,429,1,201,1,failure
30013,cellular,4,feb,44,1,-1,0,unknown
30014,cellular,4,feb,204,1,-1,0,unknown
30015,cellular,4,feb,283,2,273,2,failure
30016,cellular,4,feb,219,4,205,2,failure
30017,cellular,4,feb,123,1,271,1,failure
30018,cellular,4,feb,95,1,-1,0,unknown
30019,cellular,4,feb,279,1,-1,0,unknown
30020,cellular,4,feb,218,2,-1,0,unknown
30021,cellular,4,feb,765,2,-1,0,unknown
30022,cellular,4,feb,235,2,-1,0,unknown
30023,cellular,4,feb,131,2,-1,0,unknown
30024,cellular,4,feb,311,4,-1,0,unknown
30025,cellular,4,feb,166,2,-1,0,unknown
30026,cellular,4,feb,418,2,-1,0,unknown
30027,cellular,4,feb,132,6,267,5,failure
30028,cellular,4,feb,15,5,-1,0,unknown
30029,cellular,4,feb,126,1,-1,0,unknown
30030,cellular,4,feb,494,2,198,7,failure
30031,cellular,4,feb,171,2,-1,0,unknown
30032,cellular,4,feb,152,2,-1,0,unknown
30033,cellular,4,feb,9,7,163,24,other
30034,cellular,4,feb,102,2,-1,0,unknown
30035,cellular,4,feb,37,5,-1,0,unknown
30036,cellular,4,feb,137,2,-1,0,unknown
30037,cellular,4,feb,23,3,-1,0,unknown
30038,cellular,4,feb,146,3,244,1,other
30039,cellular,4,feb,56,2,250,1,other
30040,cellular,4,feb,200,3,-1,0,unknown
30041,cellular,4,feb,351,2,-1,0,unknown
30042,cellular,4,feb,134,2,272,2,failure
30043,cellular,4,feb,167,2,-1,0,unknown
30044,cellular,4,feb,71,3,-1,0,unknown
30045,cellular,4,feb,542,2,-1,0,unknown
30046,cellular,4,feb,291,2,-1,0,unknown
30047,cellular,4,feb,772,2,-1,0,unknown
30048,cellular,4,feb,318,3,-1,0,unknown
30049,cellular,4,feb,170,2,-1,0,unknown
30050,cellular,4,feb,362,2,169,2,failure
30051,cellular,4,feb,628,2,267,2,failure
30052,cellular,4,feb,260,2,-1,0,unknown
30053,cellular,4,feb,765,2,-1,0,unknown
30054,telephone,4,feb,271,3,-1,0,unknown
30055,cellular,4,feb,331,2,209,1,failure
30056,cellular,4,feb,160,2,212,2,other
30057,cellular,4,feb,1060,3,-1,0,unknown
30058,cellular,4,feb,730,2,-1,0,unknown
30059,cellular,4,feb,379,2,-1,0,unknown
30060,cellular,4,feb,390,2,-1,0,unknown
30061,telephone,4,feb,102,2,-1,0,unknown
30062,cellular,4,feb,97,4,196,5,failure
30063,cellular,4,feb,348,2,-1,0,unknown
30064,cellular,4,feb,369,2,-1,0,unknown
30065,cellular,4,feb,390,2,-1,0,unknown
30066,cellular,4,feb,184,2,-1,0,unknown
30067,cellular,4,feb,279,3,-1,0,unknown
30068,cellular,4,feb,394,2,-1,0,unknown
30069,cellular,4,feb,255,2,-1,0,unknown
30070,cellular,4,feb,376,2,229,3,other
30071,cellular,4,feb,217,2,-1,0,unknown
30072,cellular,4,feb,179,3,-1,0,unknown
30073,cellular,4,feb,539,8,204,5,failure
30074,telephone,4,feb,1261,3,-1,0,unknown
30075,cellular,4,feb,195,2,271,3,failure
30076,cellular,4,feb,969,2,-1,0,unknown
30077,cellular,4,feb,149,2,-1,0,unknown
30078,cellular,4,feb,70,4,7,7,other
30079,cellular,4,feb,185,2,247,3,other
30080,cellular,4,feb,177,3,-1,0,unknown
30081,cellular,4,feb,215,3,253,4,failure
30082,cellular,4,feb,147,2,260,1,failure
30083,cellular,4,feb,140,4,252,1,failure
30084,telephone,4,feb,49,2,-1,0,unknown
30085,cellular,4,feb,153,2,-1,0,unknown
30086,cellular,4,feb,891,2,177,7,failure
30087,telephone,4,feb,30,2,-1,0,unknown
30088,cellular,4,feb,206,3,223,1,other
30089,cellular,4,feb,449,2,-1,0,unknown
30090,cellular,4,feb,517,4,-1,0,unknown
30091,cellular,4,feb,976,2,-1,0,unknown
30092,cellular,4,feb,19,3,175,2,other
30093,cellular,4,feb,336,6,-1,0,unknown
30094,cellular,4,feb,85,2,231,2,other
30095,cellular,4,feb,304,2,229,2,failure
30096,cellular,4,feb,279,3,266,1,failure
30097,cellular,4,feb,505,2,260,1,other
30098,cellular,4,feb,603,2,259,1,failure
30099,cellular,4,feb,279,2,-1,0,unknown
30100,cellular,4,feb,206,2,188,6,failure
30101,cellular,4,feb,331,2,-1,0,unknown
30102,cellular,4,feb,270,2,-1,0,unknown
30103,cellular,4,feb,38,8,-1,0,unknown
30104,cellular,4,feb,453,2,273,2,failure
30105,cellular,4,feb,945,2,-1,0,unknown
30106,telephone,4,feb,403,2,-1,0,unknown
30107,cellular,4,feb,68,2,-1,0,unknown
30108,cellular,4,feb,174,3,-1,0,unknown
30109,telephone,4,feb,45,5,265,13,failure
30110,cellular,4,feb,82,2,246,6,failure
30111,cellular,4,feb,139,2,-1,0,unknown
30112,cellular,4,feb,279,5,-1,0,unknown
30113,cellular,4,feb,406,2,-1,0,unknown
30114,telephone,4,feb,43,5,-1,0,unknown
30115,cellular,4,feb,108,2,195,6,failure
30116,cellular,4,feb,87,2,-1,0,unknown
30117,telephone,4,feb,58,3,-1,0,unknown
30118,telephone,4,feb,239,7,-1,0,unknown
30119,telephone,4,feb,136,7,268,2,other
30120,cellular,4,feb,275,3,-1,0,unknown
30121,cellular,4,feb,207,3,272,3,other
30122,cellular,4,feb,147,2,264,4,other
30123,cellular,4,feb,157,4,268,2,failure
30124,telephone,4,feb,151,2,-1,0,unknown
30125,cellular,4,feb,388,3,272,1,other
30126,cellular,4,feb,108,2,265,3,other
30127,cellular,4,feb,192,2,272,1,failure
30128,telephone,4,feb,56,4,7,6,other
30129,cellular,4,feb,99,3,-1,0,unknown
30130,telephone,4,feb,170,2,212,2,failure
30131,cellular,4,feb,1290,2,-1,0,unknown
30132,cellular,4,feb,33,2,-1,0,unknown
30133,cellular,4,feb,19,10,7,5,other
30134,cellular,4,feb,419,2,-1,0,unknown
30135,cellular,4,feb,89,2,-1,0,unknown
30136,cellular,4,feb,146,3,-1,0,unknown
30137,cellular,4,feb,447,2,196,8,other
30138,cellular,4,feb,214,2,259,2,failure
30139,cellular,4,feb,319,5,-1,0,unknown
30140,cellular,4,feb,1381,4,-1,0,unknown
30141,cellular,4,feb,1121,2,-1,0,unknown
30142,cellular,4,feb,820,3,-1,0,unknown
30143,cellular,4,feb,76,2,204,3,other
30144,cellular,4,feb,197,2,-1,0,unknown
30145,cellular,4,feb,35,3,253,4,failure
30146,telephone,4,feb,185,1,-1,0,unknown
30147,cellular,4,feb,361,8,-1,0,unknown
30148,telephone,4,feb,413,6,-1,0,unknown
30149,cellular,4,feb,1213,3,-1,0,unknown
30150,cellular,4,feb,156,2,-1,0,unknown
30151,cellular,4,feb,244,2,-1,0,unknown
30152,cellular,4,feb,239,2,-1,0,unknown
30153,cellular,4,feb,184,2,-1,0,unknown
30154,cellular,4,feb,2775,2,-1,0,unknown
30155,cellular,5,feb,15,8,-1,0,unknown
30156,cellular,5,feb,79,2,269,3,other
30157,cellular,5,feb,19,11,-1,0,unknown
30158,telephone,5,feb,13,8,238,9,other
30159,telephone,5,feb,36,9,8,13,other
30160,cellular,5,feb,67,2,202,1,failure
30161,cellular,5,feb,450,3,-1,0,unknown
30162,telephone,5,feb,13,6,-1,0,unknown
30163,cellular,5,feb,273,3,-1,0,unknown
30164,cellular,5,feb,293,6,-1,0,unknown
30165,telephone,5,feb,126,3,258,15,other
30166,cellular,5,feb,382,4,-1,0,unknown
30167,telephone,5,feb,305,4,-1,0,unknown
30168,telephone,5,feb,114,3,-1,0,unknown
30169,cellular,5,feb,8,6,-1,0,unknown
30170,cellular,5,feb,7,7,255,11,failure
30171,cellular,5,feb,16,10,-1,0,unknown
30172,cellular,5,feb,14,9,-1,0,unknown
30173,cellular,5,feb,141,3,-1,0,unknown
30174,cellular,5,feb,674,3,202,3,failure
30175,cellular,5,feb,313,7,-1,0,unknown
30176,telephone,5,feb,128,3,-1,0,unknown
30177,telephone,5,feb,708,8,-1,0,unknown
30178,cellular,5,feb,43,2,-1,0,unknown
30179,cellular,5,feb,96,2,-1,0,unknown
30180,telephone,5,feb,398,4,189,12,success
30181,cellular,5,feb,239,2,-1,0,unknown
30182,cellular,5,feb,173,1,-1,0,unknown
30183,cellular,5,feb,173,1,-1,0,unknown
30184,cellular,5,feb,232,1,211,1,failure
30185,cellular,5,feb,90,1,-1,0,unknown
30186,cellular,5,feb,159,1,-1,0,unknown
30187,cellular,5,feb,175,5,253,1,other
30188,telephone,5,feb,41,7,-1,0,unknown
30189,telephone,5,feb,8,7,189,18,other
30190,cellular,5,feb,412,1,-1,0,unknown
30191,cellular,5,feb,676,1,-1,0,unknown
30192,cellular,5,feb,345,1,-1,0,unknown
30193,cellular,5,feb,301,1,-1,0,unknown
30194,cellular,5,feb,11,6,-1,0,unknown
30195,cellular,5,feb,101,1,-1,0,unknown
30196,cellular,5,feb,17,10,-1,0,unknown
30197,cellular,5,feb,519,1,212,2,other
30198,cellular,5,feb,16,9,253,1,failure
30199,cellular,5,feb,195,4,233,2,other
30200,cellular,5,feb,103,1,248,1,failure
30201,cellular,5,feb,177,1,252,1,failure
30202,cellular,5,feb,283,1,260,1,failure
30203,cellular,5,feb,11,5,-1,0,unknown
30204,cellular,5,feb,136,1,252,2,failure
30205,cellular,5,feb,462,1,-1,0,unknown
30206,cellular,5,feb,508,4,266,4,other
30207,cellular,5,feb,46,1,-1,0,unknown
30208,cellular,5,feb,150,1,262,9,failure
30209,cellular,5,feb,342,1,252,1,other
30210,cellular,5,feb,159,1,-1,0,unknown
30211,cellular,5,feb,701,1,-1,0,unknown
30212,cellular,5,feb,221,1,241,1,failure
30213,cellular,5,feb,101,3,-1,0,unknown
30214,telephone,5,feb,44,1,-1,0,unknown
30215,cellular,5,feb,699,1,-1,0,unknown
30216,cellular,5,feb,105,1,253,4,failure
30217,cellular,5,feb,433,1,199,2,failure
30218,cellular,5,feb,129,4,-1,0,unknown
30219,cellular,5,feb,94,1,-1,0,unknown
30220,cellular,5,feb,7,10,-1,0,unknown
30221,cellular,5,feb,167,1,-1,0,unknown
30222,telephone,5,feb,39,1,-1,0,unknown
30223,cellular,5,feb,197,1,199,3,failure
30224,cellular,5,feb,633,1,-1,0,unknown
30225,cellular,5,feb,229,1,-1,0,unknown
30226,cellular,5,feb,81,1,-1,0,unknown
30227,cellular,5,feb,8,1,254,5,failure
30228,cellular,5,feb,43,1,261,3,failure
30229,cellular,5,feb,466,3,-1,0,unknown
30230,cellular,5,feb,162,2,-1,0,unknown
30231,cellular,5,feb,269,1,-1,0,unknown
30232,cellular,5,feb,103,1,-1,0,unknown
30233,cellular,5,feb,308,1,213,1,other
30234,cellular,5,feb,115,1,-1,0,unknown
30235,cellular,5,feb,259,1,260,3,failure
30236,cellular,5,feb,187,1,-1,0,unknown
30237,cellular,5,feb,588,2,175,2,failure
30238,cellular,5,feb,11,5,-1,0,unknown
30239,telephone,5,feb,882,2,-1,0,unknown
30240,cellular,5,feb,19,8,-1,0,unknown
30241,cellular,5,feb,11,6,231,9,failure
30242,cellular,5,feb,205,1,245,2,failure
30243,cellular,5,feb,160,2,-1,0,unknown
30244,cellular,5,feb,10,6,-1,0,unknown
30245,cellular,5,feb,642,1,167,2,failure
30246,cellular,5,feb,232,1,-1,0,unknown
30247,cellular,5,feb,132,1,-1,0,unknown
30248,cellular,5,feb,18,6,-1,0,unknown
30249,cellular,5,feb,446,1,-1,0,unknown
30250,cellular,5,feb,434,1,-1,0,unknown
30251,cellular,5,feb,62,1,-1,0,unknown
30252,cellular,5,feb,8,7,-1,0,unknown
30253,cellular,5,feb,271,2,233,3,other
30254,cellular,5,feb,77,1,-1,0,unknown
30255,cellular,5,feb,393,1,-1,0,unknown
30256,cellular,5,feb,116,1,192,8,other
30257,cellular,5,feb,150,1,-1,0,unknown
30258,cellular,5,feb,139,1,-1,0,unknown
30259,cellular,5,feb,119,1,195,8,success
30260,cellular,5,feb,140,1,-1,0,unknown
30261,cellular,5,feb,230,1,-1,0,unknown
30262,cellular,5,feb,605,1,-1,0,unknown
30263,cellular,5,feb,384,1,2,2,failure
30264,cellular,5,feb,531,2,-1,0,unknown
30265,cellular,5,feb,48,2,-1,0,unknown
30266,cellular,5,feb,105,1,-1,0,unknown
30267,cellular,5,feb,176,1,-1,0,unknown
30268,cellular,5,feb,97,1,-1,0,unknown
30269,cellular,5,feb,8,6,-1,0,unknown
30270,cellular,5,feb,98,1,-1,0,unknown
30271,cellular,5,feb,188,1,247,4,other
30272,cellular,5,feb,173,1,-1,0,unknown
30273,cellular,5,feb,131,1,265,1,failure
30274,cellular,5,feb,52,1,253,2,failure
30275,cellular,5,feb,169,2,-1,0,unknown
30276,cellular,5,feb,232,1,253,2,failure
30277,cellular,5,feb,16,5,-1,0,unknown
30278,cellular,5,feb,2,1,-1,0,unknown
30279,telephone,5,feb,37,1,-1,0,unknown
30280,cellular,5,feb,150,1,-1,0,unknown
30281,cellular,5,feb,33,1,-1,0,unknown
30282,cellular,5,feb,210,1,-1,0,unknown
30283,cellular,5,feb,160,1,-1,0,unknown
30284,cellular,5,feb,85,7,196,3,failure
30285,cellular,5,feb,221,1,-1,0,unknown
30286,cellular,5,feb,33,4,8,3,other
30287,cellular,5,feb,358,1,-1,0,unknown
30288,cellular,5,feb,109,4,-1,0,unknown
30289,cellular,5,feb,253,1,-1,0,unknown
30290,cellular,5,feb,336,1,-1,0,unknown
30291,cellular,5,feb,253,1,-1,0,unknown
30292,cellular,5,feb,360,1,-1,0,unknown
30293,cellular,5,feb,917,1,-1,0,unknown
30294,cellular,5,feb,257,1,-1,0,unknown
30295,cellular,5,feb,141,4,-1,0,unknown
30296,telephone,5,feb,508,1,-1,0,unknown
30297,cellular,5,feb,307,2,-1,0,unknown
30298,cellular,5,feb,136,1,-1,0,unknown
30299,cellular,5,feb,305,2,-1,0,unknown
30300,cellular,5,feb,810,1,268,1,failure
30301,cellular,5,feb,306,5,-1,0,unknown
30302,cellular,5,feb,343,4,-1,0,unknown
30303,cellular,5,feb,251,1,-1,0,unknown
30304,cellular,5,feb,361,1,253,2,failure
30305,cellular,5,feb,161,1,-1,0,unknown
30306,cellular,5,feb,410,1,-1,0,unknown
30307,cellular,5,feb,9,8,-1,0,unknown
30308,cellular,5,feb,286,1,-1,0,unknown
30309,cellular,5,feb,202,1,267,2,failure
30310,cellular,5,feb,210,1,-1,0,unknown
30311,cellular,5,feb,245,2,-1,0,unknown
30312,cellular,5,feb,255,1,234,2,other
30313,cellular,5,feb,401,2,272,1,other
30314,cellular,5,feb,185,1,-1,0,unknown
30315,cellular,5,feb,263,1,-1,0,unknown
30316,cellular,5,feb,58,1,-1,0,unknown
30317,cellular,5,feb,225,1,268,1,failure
30318,cellular,5,feb,143,2,-1,0,unknown
30319,cellular,5,feb,114,3,-1,0,unknown
30320,cellular,5,feb,133,1,-1,0,unknown
30321,cellular,5,feb,140,1,-1,0,unknown
30322,telephone,5,feb,11,5,-1,0,unknown
30323,cellular,5,feb,81,3,273,3,failure
30324,cellular,5,feb,1916,2,189,29,other
30325,cellular,5,feb,388,1,-1,0,unknown
30326,cellular,5,feb,563,1,-1,0,unknown
30327,cellular,5,feb,48,1,-1,0,unknown
30328,cellular,5,feb,346,1,-1,0,unknown
30329,cellular,5,feb,128,1,-1,0,unknown
30330,cellular,5,feb,604,1,-1,0,unknown
30331,cellular,5,feb,335,1,-1,0,unknown
30332,cellular,5,feb,75,2,-1,0,unknown
30333,cellular,5,feb,161,2,258,1,failure
30334,cellular,5,feb,8,8,-1,0,unknown
30335,cellular,5,feb,205,2,253,2,success
30336,cellular,5,feb,248,4,189,13,other
30337,cellular,5,feb,7,5,-1,0,unknown
30338,cellular,5,feb,82,1,-1,0,unknown
30339,cellular,5,feb,143,1,-1,0,unknown
30340,cellular,5,feb,208,1,-1,0,unknown
30341,cellular,5,feb,134,2,203,1,success
30342,cellular,5,feb,139,1,-1,0,unknown
30343,cellular,5,feb,110,1,-1,0,unknown
30344,cellular,5,feb,1837,1,-1,0,unknown
30345,cellular,5,feb,130,1,-1,0,unknown
30346,cellular,5,feb,227,1,-1,0,unknown
30347,cellular,5,feb,79,1,-1,0,unknown
30348,cellular,5,feb,52,1,8,7,other
30349,cellular,5,feb,92,1,-1,0,unknown
30350,cellular,5,feb,577,1,-1,0,unknown
30351,cellular,5,feb,578,1,-1,0,unknown
30352,cellular,5,feb,135,1,8,1,other
30353,cellular,5,feb,696,2,-1,0,unknown
30354,cellular,5,feb,130,4,275,3,failure
30355,cellular,5,feb,43,1,-1,0,unknown
30356,cellular,5,feb,71,1,-1,0,unknown
30357,cellular,5,feb,630,3,-1,0,unknown
30358,telephone,5,feb,305,4,-1,0,unknown
30359,cellular,5,feb,75,1,8,2,other
30360,cellular,5,feb,45,5,-1,0,unknown
30361,cellular,5,feb,96,6,-1,0,unknown
30362,cellular,5,feb,96,2,-1,0,unknown
30363,cellular,5,feb,443,1,-1,0,unknown
30364,cellular,5,feb,656,1,-1,0,unknown
30365,cellular,5,feb,47,2,-1,0,unknown
30366,cellular,5,feb,611,2,-1,0,unknown
30367,cellular,5,feb,173,1,-1,0,unknown
30368,cellular,5,feb,355,2,-1,0,unknown
30369,cellular,5,feb,69,2,8,1,other
30370,cellular,5,feb,133,5,8,2,other
30371,cellular,5,feb,537,2,196,4,other
30372,cellular,5,feb,103,1,265,2,other
30373,cellular,5,feb,686,2,267,1,other
30374,cellular,5,feb,187,1,8,1,other
30375,cellular,5,feb,437,1,-1,0,unknown
30376,cellular,5,feb,576,1,-1,0,unknown
30377,cellular,5,feb,156,1,-1,0,unknown
30378,cellular,5,feb,134,1,8,2,other
30379,cellular,5,feb,134,1,8,1,other
30380,cellular,5,feb,1118,1,8,1,other
30381,cellular,5,feb,196,2,-1,0,unknown
30382,telephone,5,feb,251,1,-1,0,unknown
30383,cellular,5,feb,288,1,-1,0,unknown
30384,cellular,5,feb,93,1,8,1,other
30385,cellular,5,feb,435,3,-1,0,unknown
30386,cellular,5,feb,29,7,-1,0,unknown
30387,cellular,5,feb,304,1,-1,0,unknown
30388,cellular,5,feb,148,1,8,2,other
30389,cellular,5,feb,102,1,170,2,failure
30390,cellular,5,feb,166,1,8,2,other
30391,cellular,5,feb,231,1,-1,0,unknown
30392,cellular,5,feb,217,1,-1,0,unknown
30393,cellular,5,feb,214,1,-1,0,unknown
30394,cellular,5,feb,55,1,8,1,other
30395,cellular,5,feb,269,3,234,2,other
30396,cellular,5,feb,151,1,-1,0,unknown
30397,cellular,5,feb,148,2,-1,0,unknown
30398,cellular,5,feb,245,2,8,1,other
30399,cellular,5,feb,355,1,-1,0,unknown
30400,cellular,5,feb,345,1,-1,0,unknown
30401,cellular,5,feb,121,3,-1,0,unknown
30402,cellular,5,feb,196,1,-1,0,unknown
30403,cellular,5,feb,39,1,-1,0,unknown
30404,cellular,5,feb,124,2,-1,0,unknown
30405,cellular,5,feb,47,1,198,5,other
30406,cellular,5,feb,71,1,258,1,failure
30407,cellular,5,feb,1056,1,-1,0,unknown
30408,cellular,5,feb,76,2,-1,0,unknown
30409,cellular,5,feb,61,1,275,1,failure
30410,cellular,5,feb,113,1,-1,0,unknown
30411,cellular,5,feb,41,1,253,3,failure
30412,cellular,5,feb,502,2,-1,0,unknown
30413,cellular,5,feb,237,1,-1,0,unknown
30414,cellular,5,feb,158,3,-1,0,unknown
30415,cellular,5,feb,98,1,210,1,other
30416,cellular,5,feb,266,1,196,1,failure
30417,cellular,5,feb,76,1,209,2,failure
30418,cellular,5,feb,70,4,-1,0,unknown
30419,cellular,5,feb,272,1,-1,0,unknown
30420,cellular,5,feb,121,1,-1,0,unknown
30421,cellular,5,feb,277,1,169,2,failure
30422,cellular,5,feb,144,2,-1,0,unknown
30423,cellular,5,feb,177,2,-1,0,unknown
30424,cellular,5,feb,128,1,-1,0,unknown
30425,telephone,5,feb,33,1,-1,0,unknown
30426,cellular,5,feb,620,1,196,1,other
30427,cellular,5,feb,92,1,-1,0,unknown
30428,cellular,5,feb,100,1,-1,0,unknown
30429,cellular,5,feb,105,1,-1,0,unknown
30430,telephone,5,feb,58,1,269,2,failure
30431,cellular,5,feb,110,1,-1,0,unknown
30432,cellular,5,feb,102,1,-1,0,unknown
30433,cellular,5,feb,72,1,274,2,failure
30434,telephone,5,feb,89,1,274,1,failure
30435,cellular,5,feb,125,1,-1,0,unknown
30436,cellular,5,feb,255,1,-1,0,unknown
30437,cellular,5,feb,109,4,274,2,failure
30438,cellular,5,feb,74,2,-1,0,unknown
30439,cellular,5,feb,388,1,-1,0,unknown
30440,telephone,5,feb,744,3,-1,0,unknown
30441,cellular,5,feb,445,1,267,1,failure
30442,cellular,5,feb,393,1,261,1,other
30443,cellular,5,feb,208,1,275,2,failure
30444,cellular,5,feb,118,2,232,4,other
30445,cellular,5,feb,108,4,175,3,failure
30446,telephone,5,feb,98,1,-1,0,unknown
30447,cellular,5,feb,617,4,251,2,failure
30448,cellular,5,feb,22,7,266,4,other
30449,cellular,5,feb,71,2,-1,0,unknown
30450,cellular,5,feb,217,1,-1,0,unknown
30451,cellular,5,feb,528,2,196,1,failure
30452,cellular,5,feb,342,2,260,2,failure
30453,cellular,5,feb,449,2,-1,0,unknown
30454,cellular,5,feb,215,1,80,1,other
30455,cellular,5,feb,1823,1,205,1,failure
30456,telephone,5,feb,17,6,-1,0,unknown
30457,cellular,5,feb,142,4,-1,0,unknown
30458,cellular,5,feb,177,3,211,1,success
30459,cellular,5,feb,26,8,267,1,other
30460,cellular,5,feb,787,1,-1,0,unknown
30461,cellular,5,feb,418,2,-1,0,unknown
30462,cellular,5,feb,192,4,-1,0,unknown
30463,cellular,5,feb,137,2,-1,0,unknown
30464,cellular,5,feb,449,4,-1,0,unknown
30465,cellular,5,feb,53,1,-1,0,unknown
30466,cellular,5,feb,605,2,-1,0,unknown
30467,cellular,5,feb,116,4,-1,0,unknown
30468,cellular,5,feb,147,2,216,4,failure
30469,cellular,5,feb,1017,4,-1,0,unknown
30470,cellular,5,feb,518,2,8,1,other
30471,cellular,5,feb,339,2,-1,0,unknown
30472,cellular,5,feb,82,4,-1,0,unknown
30473,cellular,5,feb,127,2,-1,0,unknown
30474,cellular,5,feb,111,5,-1,0,unknown
30475,cellular,5,feb,80,2,-1,0,unknown
30476,cellular,5,feb,85,2,8,2,other
30477,telephone,5,feb,195,2,-1,0,unknown
30478,cellular,5,feb,134,12,-1,0,unknown
30479,cellular,5,feb,153,2,177,2,failure
30480,cellular,5,feb,214,2,-1,0,unknown
30481,cellular,5,feb,1661,2,-1,0,unknown
30482,cellular,5,feb,15,5,261,1,other
30483,cellular,5,feb,347,2,-1,0,unknown
30484,cellular,5,feb,97,1,198,1,failure
30485,cellular,5,feb,351,1,-1,0,unknown
30486,cellular,5,feb,693,2,-1,0,unknown
30487,cellular,5,feb,605,3,-1,0,unknown
30488,telephone,5,feb,125,7,-1,0,unknown
30489,cellular,5,feb,532,2,-1,0,unknown
30490,cellular,5,feb,80,2,-1,0,unknown
30491,cellular,5,feb,1063,2,-1,0,unknown
30492,cellular,5,feb,425,2,189,27,other
30493,cellular,5,feb,230,2,-1,0,unknown
30494,cellular,5,feb,152,2,-1,0,unknown
30495,cellular,5,feb,120,2,224,1,failure
30496,cellular,5,feb,122,5,-1,0,unknown
30497,cellular,5,feb,590,5,-1,0,unknown
30498,cellular,5,feb,110,2,-1,0,unknown
30499,cellular,5,feb,415,2,272,2,failure
30500,cellular,5,feb,401,2,8,3,other
30501,cellular,5,feb,226,7,-1,0,unknown
30502,telephone,5,feb,276,5,-1,0,unknown
30503,cellular,5,feb,280,2,-1,0,unknown
30504,cellular,5,feb,606,2,202,1,other
30505,cellular,5,feb,148,2,-1,0,unknown
30506,cellular,5,feb,326,2,-1,0,unknown
30507,cellular,5,feb,776,3,-1,0,unknown
30508,cellular,5,feb,1138,2,-1,0,unknown
30509,cellular,5,feb,80,7,80,15,failure
30510,cellular,5,feb,653,3,8,2,other
30511,cellular,5,feb,175,2,8,1,other
30512,cellular,5,feb,192,2,8,1,other
30513,cellular,5,feb,569,2,-1,0,unknown
30514,cellular,5,feb,219,3,-1,0,unknown
30515,cellular,5,feb,213,2,276,1,failure
30516,cellular,5,feb,764,2,-1,0,unknown
30517,cellular,5,feb,254,3,260,1,failure
30518,cellular,5,feb,127,2,258,4,failure
30519,cellular,5,feb,363,6,-1,0,unknown
30520,telephone,5,feb,155,2,-1,0,unknown
30521,cellular,5,feb,89,2,252,2,failure
30522,telephone,5,feb,295,6,-1,0,unknown
30523,telephone,5,feb,131,3,-1,0,unknown
30524,cellular,5,feb,985,6,-1,0,unknown
30525,cellular,5,feb,138,3,206,8,other
30526,cellular,5,feb,124,2,-1,0,unknown
30527,cellular,5,feb,171,5,230,1,failure
30528,telephone,5,feb,1307,2,-1,0,unknown
30529,cellular,5,feb,59,2,-1,0,unknown
30530,cellular,5,feb,136,10,-1,0,unknown
30531,cellular,5,feb,124,3,-1,0,unknown
30532,telephone,5,feb,895,3,-1,0,unknown
30533,cellular,5,feb,263,8,-1,0,unknown
30534,cellular,5,feb,250,3,-1,0,unknown
30535,cellular,5,feb,95,4,-1,0,unknown
30536,cellular,5,feb,206,3,-1,0,unknown
30537,cellular,5,feb,509,2,-1,0,unknown
30538,cellular,5,feb,344,5,-1,0,unknown
30539,cellular,5,feb,1960,3,-1,0,unknown
30540,cellular,5,feb,485,3,-1,0,unknown
30541,cellular,5,feb,76,3,-1,0,unknown
30542,cellular,5,feb,675,4,-1,0,unknown
30543,cellular,5,feb,238,3,-1,0,unknown
30544,cellular,5,feb,163,3,276,2,failure
30545,cellular,5,feb,155,3,254,1,other
30546,cellular,5,feb,251,3,-1,0,unknown
30547,cellular,5,feb,178,7,-1,0,unknown
30548,cellular,5,feb,550,4,-1,0,unknown
30549,cellular,5,feb,916,3,-1,0,unknown
30550,cellular,5,feb,267,2,-1,0,unknown
30551,cellular,5,feb,434,2,-1,0,unknown
30552,cellular,5,feb,319,2,-1,0,unknown
30553,cellular,5,feb,255,6,-1,0,unknown
30554,cellular,5,feb,559,5,-1,0,unknown
30555,cellular,5,feb,193,2,199,4,failure
30556,cellular,5,feb,273,3,212,4,failure
30557,cellular,5,feb,236,2,-1,0,unknown
30558,cellular,5,feb,60,2,272,2,failure
30559,cellular,5,feb,728,4,253,1,failure
30560,telephone,5,feb,191,5,190,5,other
30561,cellular,5,feb,1130,3,251,2,success
30562,cellular,5,feb,450,2,-1,0,unknown
30563,cellular,5,feb,427,3,-1,0,unknown
30564,cellular,5,feb,163,3,-1,0,unknown
30565,cellular,5,feb,230,2,-1,0,unknown
30566,cellular,5,feb,319,2,-1,0,unknown
30567,cellular,5,feb,176,2,8,10,other
30568,cellular,5,feb,193,4,-1,0,unknown
30569,telephone,6,feb,53,2,-1,0,unknown
30570,telephone,6,feb,48,5,-1,0,unknown
30571,cellular,6,feb,178,2,273,1,failure
30572,cellular,6,feb,14,8,-1,0,unknown
30573,cellular,6,feb,13,8,9,2,other
30574,cellular,6,feb,124,4,213,2,failure
30575,telephone,6,feb,112,2,-1,0,unknown
30576,cellular,6,feb,14,8,-1,0,unknown
30577,cellular,6,feb,135,7,-1,0,unknown
30578,telephone,6,feb,18,6,-1,0,unknown
30579,cellular,6,feb,156,2,-1,0,unknown
30580,telephone,6,feb,8,6,-1,0,unknown
30581,cellular,6,feb,204,2,214,1,failure
30582,cellular,6,feb,36,4,-1,0,unknown
30583,cellular,6,feb,15,3,9,3,other
30584,telephone,6,feb,381,6,213,9,failure
30585,telephone,6,feb,135,2,9,7,other
30586,cellular,6,feb,15,9,-1,0,unknown
30587,telephone,6,feb,13,5,-1,0,unknown
30588,cellular,6,feb,98,2,-1,0,unknown
30589,cellular,6,feb,101,2,-1,0,unknown
30590,telephone,6,feb,35,3,-1,0,unknown
30591,cellular,6,feb,495,1,-1,0,unknown
30592,cellular,6,feb,645,2,-1,0,unknown
30593,cellular,6,feb,12,5,268,6,other
30594,cellular,6,feb,1019,2,-1,0,unknown
30595,cellular,6,feb,470,2,9,2,other
30596,cellular,6,feb,252,3,-1,0,unknown
30597,cellular,6,feb,15,6,190,27,other
30598,cellular,6,feb,289,2,-1,0,unknown
30599,cellular,6,feb,90,6,256,14,failure
30600,telephone,6,feb,188,1,-1,0,unknown
30601,cellular,6,feb,12,7,-1,0,unknown
30602,cellular,6,feb,155,6,245,5,other
30603,telephone,6,feb,43,4,-1,0,unknown
30604,cellular,6,feb,17,5,-1,0,unknown
30605,telephone,6,feb,287,6,-1,0,unknown
30606,cellular,6,feb,217,1,-1,0,unknown
30607,cellular,6,feb,298,6,275,2,failure
30608,cellular,6,feb,310,4,200,1,failure
30609,cellular,6,feb,13,8,9,3,other
30610,cellular,6,feb,205,7,-1,0,unknown
30611,telephone,6,feb,117,6,-1,0,unknown
30612,cellular,6,feb,202,3,9,5,other
30613,cellular,6,feb,90,1,-1,0,unknown
30614,cellular,6,feb,38,1,212,1,other
30615,cellular,6,feb,101,1,-1,0,unknown
30616,cellular,6,feb,168,1,-1,0,unknown
30617,cellular,6,feb,158,1,92,1,success
30618,cellular,6,feb,170,1,-1,0,unknown
30619,cellular,6,feb,386,3,-1,0,unknown
30620,cellular,6,feb,200,1,253,1,failure
30621,cellular,6,feb,409,1,-1,0,unknown
30622,cellular,6,feb,36,1,-1,0,unknown
30623,cellular,6,feb,521,1,-1,0,unknown
30624,telephone,6,feb,40,1,-1,0,unknown
30625,cellular,6,feb,168,1,254,2,failure
30626,cellular,6,feb,45,1,-1,0,unknown
30627,cellular,6,feb,751,1,-1,0,unknown
30628,telephone,6,feb,341,3,-1,0,unknown
30629,cellular,6,feb,99,1,-1,0,unknown
30630,cellular,6,feb,129,1,-1,0,unknown
30631,telephone,6,feb,136,1,274,2,failure
30632,cellular,6,feb,402,1,-1,0,unknown
30633,cellular,6,feb,206,1,-1,0,unknown
30634,cellular,6,feb,170,1,-1,0,unknown
30635,cellular,6,feb,218,1,-1,0,unknown
30636,cellular,6,feb,12,8,268,9,other
30637,cellular,6,feb,163,1,182,2,failure
30638,cellular,6,feb,401,1,-1,0,unknown
30639,cellular,6,feb,91,2,-1,0,unknown
30640,cellular,6,feb,350,1,-1,0,unknown
30641,cellular,6,feb,146,1,-1,0,unknown
30642,cellular,6,feb,25,1,-1,0,unknown
30643,cellular,6,feb,439,2,-1,0,unknown
30644,cellular,6,feb,141,1,-1,0,unknown
30645,cellular,6,feb,119,1,214,1,failure
30646,cellular,6,feb,150,1,-1,0,unknown
30647,cellular,6,feb,83,1,-1,0,unknown
30648,cellular,6,feb,168,1,212,2,failure
30649,cellular,6,feb,69,3,-1,0,unknown
30650,cellular,6,feb,459,1,-1,0,unknown
30651,cellular,6,feb,193,1,-1,0,unknown
30652,cellular,6,feb,384,5,-1,0,unknown
30653,cellular,6,feb,93,1,-1,0,unknown
30654,cellular,6,feb,192,2,-1,0,unknown
30655,cellular,6,feb,184,1,-1,0,unknown
30656,cellular,6,feb,139,1,-1,0,unknown
30657,cellular,6,feb,311,1,-1,0,unknown
30658,cellular,6,feb,58,2,-1,0,unknown
30659,cellular,6,feb,161,1,-1,0,unknown
30660,cellular,6,feb,146,4,-1,0,unknown
30661,cellular,6,feb,174,2,-1,0,unknown
30662,cellular,6,feb,297,1,252,1,failure
30663,cellular,6,feb,258,2,-1,0,unknown
30664,cellular,6,feb,79,2,-1,0,unknown
30665,telephone,6,feb,137,1,-1,0,unknown
30666,cellular,6,feb,117,1,245,3,failure
30667,cellular,6,feb,365,1,9,1,other
30668,cellular,6,feb,179,1,-1,0,unknown
30669,cellular,6,feb,178,1,-1,0,unknown
30670,cellular,6,feb,132,1,-1,0,unknown
30671,cellular,6,feb,9,8,212,4,other
30672,cellular,6,feb,25,1,-1,0,unknown
30673,cellular,6,feb,119,1,-1,0,unknown
30674,cellular,6,feb,121,3,254,2,failure
30675,cellular,6,feb,40,1,-1,0,unknown
30676,telephone,6,feb,254,1,-1,0,unknown
30677,cellular,6,feb,290,1,-1,0,unknown
30678,telephone,6,feb,41,2,204,1,failure
30679,cellular,6,feb,1658,1,262,1,failure
30680,cellular,6,feb,74,2,-1,0,unknown
30681,cellular,6,feb,120,1,275,1,failure
30682,cellular,6,feb,496,2,-1,0,unknown
30683,cellular,6,feb,36,1,-1,0,unknown
30684,cellular,6,feb,145,1,-1,0,unknown
30685,telephone,6,feb,146,4,-1,0,unknown
30686,cellular,6,feb,506,1,-1,0,unknown
30687,cellular,6,feb,91,3,213,1,success
30688,telephone,6,feb,23,2,-1,0,unknown
30689,cellular,6,feb,72,6,273,1,other
30690,telephone,6,feb,81,3,-1,0,unknown
30691,cellular,6,feb,67,2,207,2,failure
30692,cellular,6,feb,860,2,-1,0,unknown
30693,cellular,6,feb,174,2,-1,0,unknown
30694,telephone,6,feb,24,5,276,1,other
30695,cellular,6,feb,213,2,-1,0,unknown
30696,telephone,6,feb,110,1,-1,0,unknown
30697,cellular,6,feb,10,5,-1,0,unknown
30698,telephone,6,feb,156,2,-1,0,unknown
30699,cellular,6,feb,198,3,-1,0,unknown
30700,cellular,6,feb,620,4,200,4,success
30701,cellular,6,feb,38,1,-1,0,unknown
30702,cellular,6,feb,101,3,-1,0,unknown
30703,cellular,6,feb,39,2,-1,0,unknown
30704,cellular,6,feb,15,10,207,3,failure
30705,cellular,6,feb,80,2,268,1,failure
30706,cellular,6,feb,514,2,-1,0,unknown
30707,cellular,6,feb,115,1,-1,0,unknown
30708,cellular,6,feb,68,3,254,2,failure
30709,telephone,6,feb,138,4,9,2,other
30710,cellular,6,feb,89,5,273,2,failure
30711,cellular,6,feb,135,2,-1,0,unknown
30712,cellular,6,feb,213,4,-1,0,unknown
30713,cellular,6,feb,166,2,-1,0,unknown
30714,cellular,6,feb,748,3,-1,0,unknown
30715,telephone,6,feb,279,8,-1,0,unknown
30716,cellular,6,feb,339,4,-1,0,unknown
30717,cellular,6,feb,526,4,-1,0,unknown
30718,cellular,6,feb,156,1,-1,0,unknown
30719,cellular,6,feb,214,5,-1,0,unknown
30720,cellular,6,feb,1423,3,-1,0,unknown
30721,cellular,6,feb,154,2,197,6,failure
30722,cellular,6,feb,256,2,-1,0,unknown
30723,cellular,6,feb,232,4,253,1,failure
30724,cellular,6,feb,69,2,261,1,other
30725,cellular,6,feb,123,3,-1,0,unknown
30726,cellular,6,feb,108,2,-1,0,unknown
30727,cellular,6,feb,150,3,270,2,failure
30728,cellular,6,feb,163,2,-1,0,unknown
30729,cellular,6,feb,172,2,-1,0,unknown
30730,cellular,6,feb,142,2,-1,0,unknown
30731,cellular,6,feb,115,2,234,1,failure
30732,cellular,6,feb,984,2,-1,0,unknown
30733,cellular,6,feb,8,5,-1,0,unknown
30734,cellular,6,feb,220,5,-1,0,unknown
30735,cellular,6,feb,357,12,-1,0,unknown
30736,cellular,6,feb,12,7,217,1,failure
30737,cellular,6,feb,518,3,212,5,failure
30738,cellular,6,feb,433,2,-1,0,unknown
30739,cellular,6,feb,105,2,252,1,failure
30740,telephone,6,feb,44,9,-1,0,unknown
30741,cellular,6,feb,138,2,-1,0,unknown
30742,cellular,6,feb,144,5,-1,0,unknown
30743,telephone,6,feb,11,3,-1,0,unknown
30744,cellular,6,feb,42,2,206,5,failure
30745,cellular,6,feb,217,2,-1,0,unknown
30746,telephone,6,feb,139,8,273,7,failure
30747,cellular,6,feb,3102,3,-1,0,unknown
30748,cellular,6,feb,1160,2,192,4,failure
30749,cellular,6,feb,7,6,-1,0,unknown
30750,cellular,6,feb,210,16,-1,0,unknown
30751,cellular,6,feb,187,2,246,1,failure
30752,cellular,6,feb,285,6,-1,0,unknown
30753,cellular,6,feb,354,5,-1,0,unknown
30754,cellular,6,feb,198,2,-1,0,unknown
30755,cellular,6,feb,241,2,-1,0,unknown
30756,cellular,6,feb,257,2,-1,0,unknown
30757,cellular,6,feb,270,3,-1,0,unknown
30758,cellular,6,feb,68,8,-1,0,unknown
30759,cellular,6,feb,199,3,-1,0,unknown
30760,cellular,6,feb,280,6,-1,0,unknown
30761,cellular,6,feb,278,4,-1,0,unknown
30762,cellular,6,feb,288,2,-1,0,unknown
30763,cellular,6,feb,148,7,227,5,failure
30764,cellular,6,feb,665,2,-1,0,unknown
30765,cellular,6,feb,8,10,-1,0,unknown
30766,cellular,6,feb,10,7,-1,0,unknown
30767,cellular,6,feb,47,3,263,4,failure
30768,cellular,6,feb,107,2,-1,0,unknown
30769,telephone,6,feb,150,2,205,6,failure
30770,cellular,6,feb,249,3,-1,0,unknown
30771,cellular,6,feb,437,2,-1,0,unknown
30772,telephone,6,feb,124,2,9,2,other
30773,cellular,6,feb,527,2,-1,0,unknown
30774,cellular,6,feb,59,3,-1,0,unknown
30775,cellular,6,feb,71,2,274,1,failure
30776,cellular,6,feb,129,4,211,3,other
30777,telephone,6,feb,193,5,-1,0,unknown
30778,cellular,6,feb,1192,3,-1,0,unknown
30779,telephone,6,feb,24,5,-1,0,unknown
30780,cellular,6,feb,427,3,-1,0,unknown
30781,cellular,6,feb,108,4,-1,0,unknown
30782,cellular,6,feb,148,2,-1,0,unknown
30783,cellular,6,feb,129,2,197,1,failure
30784,cellular,6,feb,290,2,-1,0,unknown
30785,cellular,6,feb,74,3,-1,0,unknown
30786,cellular,6,feb,13,6,-1,0,unknown
30787,cellular,6,feb,591,8,-1,0,unknown
30788,cellular,6,feb,1047,2,1,7,failure
30789,cellular,6,feb,195,5,259,1,failure
30790,cellular,6,feb,119,8,-1,0,unknown
30791,cellular,6,feb,463,18,-1,0,unknown
30792,telephone,6,feb,236,4,-1,0,unknown
30793,cellular,6,feb,197,3,-1,0,unknown
30794,cellular,6,feb,110,2,-1,0,unknown
30795,cellular,6,feb,454,3,-1,0,unknown
30796,cellular,6,feb,479,2,-1,0,unknown
30797,telephone,6,feb,286,3,-1,0,unknown
30798,cellular,6,feb,460,3,-1,0,unknown
30799,cellular,6,feb,607,4,-1,0,unknown
30800,cellular,6,feb,92,12,-1,0,unknown
30801,cellular,6,feb,306,3,253,4,other
30802,cellular,6,feb,356,3,262,1,failure
30803,cellular,6,feb,229,6,-1,0,unknown
30804,cellular,6,feb,157,5,-1,0,unknown
30805,cellular,6,feb,270,5,-1,0,unknown
30806,cellular,6,feb,787,3,9,1,other
30807,telephone,6,feb,31,5,-1,0,unknown
30808,telephone,6,feb,102,5,-1,0,unknown
30809,cellular,6,feb,183,4,-1,0,unknown
30810,cellular,9,feb,216,4,-1,0,unknown
30811,cellular,9,feb,97,2,-1,0,unknown
30812,cellular,9,feb,7,5,-1,0,unknown
30813,cellular,9,feb,130,3,-1,0,unknown
30814,cellular,9,feb,35,2,-1,0,unknown
30815,cellular,9,feb,181,9,-1,0,unknown
30816,cellular,9,feb,284,2,-1,0,unknown
30817,cellular,9,feb,10,6,-1,0,unknown
30818,cellular,9,feb,269,2,-1,0,unknown
30819,cellular,9,feb,158,2,279,2,failure
30820,telephone,9,feb,56,5,196,7,failure
30821,cellular,9,feb,21,5,-1,0,unknown
30822,telephone,9,feb,11,8,-1,0,unknown
30823,telephone,9,feb,10,5,-1,0,unknown
30824,cellular,9,feb,38,3,-1,0,unknown
30825,cellular,9,feb,133,3,-1,0,unknown
30826,telephone,9,feb,23,10,-1,0,unknown
30827,cellular,9,feb,84,2,-1,0,unknown
30828,cellular,9,feb,16,9,-1,0,unknown
30829,cellular,9,feb,12,9,-1,0,unknown
30830,telephone,9,feb,152,3,221,1,failure
30831,cellular,9,feb,16,9,-1,0,unknown
30832,cellular,9,feb,105,4,-1,0,unknown
30833,telephone,9,feb,7,6,-1,0,unknown
30834,cellular,9,feb,122,2,-1,0,unknown
30835,cellular,9,feb,7,7,193,13,failure
30836,telephone,9,feb,12,12,256,2,other
30837,cellular,9,feb,38,8,-1,0,unknown
30838,telephone,9,feb,14,13,-1,0,unknown
30839,cellular,9,feb,117,4,12,2,other
30840,cellular,9,feb,19,11,-1,0,unknown
30841,cellular,9,feb,47,2,12,4,other
30842,cellular,9,feb,133,2,213,2,failure
30843,cellular,9,feb,69,4,-1,0,unknown
30844,cellular,9,feb,22,4,-1,0,unknown
30845,telephone,9,feb,51,5,-1,0,unknown
30846,cellular,9,feb,139,5,265,4,failure
30847,telephone,9,feb,16,5,-1,0,unknown
30848,cellular,9,feb,146,3,256,1,failure
30849,cellular,9,feb,502,5,-1,0,unknown
30850,cellular,9,feb,308,4,208,3,other
30851,cellular,9,feb,268,5,252,2,failure
30852,cellular,9,feb,176,2,262,2,failure
30853,cellular,9,feb,390,8,-1,0,unknown
30854,telephone,9,feb,148,6,-1,0,unknown
30855,cellular,9,feb,11,7,-1,0,unknown
30856,cellular,9,feb,12,4,-1,0,unknown
30857,cellular,9,feb,701,4,-1,0,unknown
30858,cellular,9,feb,87,2,-1,0,unknown
30859,cellular,9,feb,912,3,-1,0,unknown
30860,cellular,9,feb,79,5,-1,0,unknown
30861,cellular,9,feb,102,4,-1,0,unknown
30862,cellular,9,feb,155,3,-1,0,unknown
30863,cellular,9,feb,342,2,-1,0,unknown
30864,cellular,9,feb,190,6,-1,0,unknown
30865,cellular,9,feb,1183,2,-1,0,unknown
30866,cellular,9,feb,29,2,-1,0,unknown
30867,cellular,9,feb,71,2,-1,0,unknown
30868,cellular,9,feb,82,3,-1,0,unknown
30869,cellular,9,feb,185,7,280,1,other
30870,cellular,9,feb,117,3,-1,0,unknown
30871,cellular,9,feb,27,7,-1,0,unknown
30872,telephone,9,feb,28,9,-1,0,unknown
30873,cellular,9,feb,105,2,-1,0,unknown
30874,cellular,9,feb,172,5,-1,0,unknown
30875,cellular,9,feb,247,5,-1,0,unknown
30876,cellular,9,feb,26,5,-1,0,unknown
30877,cellular,9,feb,18,6,-1,0,unknown
30878,cellular,9,feb,18,8,-1,0,unknown
30879,cellular,9,feb,60,2,-1,0,unknown
30880,cellular,9,feb,415,4,-1,0,unknown
30881,cellular,9,feb,45,6,-1,0,unknown
30882,cellular,9,feb,36,7,-1,0,unknown
30883,cellular,9,feb,42,3,-1,0,unknown
30884,cellular,9,feb,12,8,174,9,other
30885,cellular,9,feb,13,5,-1,0,unknown
30886,telephone,9,feb,1541,1,-1,0,unknown
30887,cellular,9,feb,13,11,-1,0,unknown
30888,cellular,9,feb,176,3,195,15,other
30889,cellular,9,feb,170,2,-1,0,unknown
30890,cellular,9,feb,75,4,258,1,failure
30891,cellular,9,feb,59,3,-1,0,unknown
30892,cellular,9,feb,13,6,-1,0,unknown
30893,cellular,9,feb,345,5,-1,0,unknown
30894,cellular,9,feb,15,5,-1,0,unknown
30895,cellular,9,feb,122,3,-1,0,unknown
30896,cellular,9,feb,61,1,-1,0,unknown
30897,cellular,9,feb,109,5,-1,0,unknown
30898,cellular,9,feb,175,3,259,4,failure
30899,cellular,9,feb,116,3,-1,0,unknown
30900,cellular,9,feb,17,10,-1,0,unknown
30901,cellular,9,feb,107,5,-1,0,unknown
30902,cellular,9,feb,47,4,-1,0,unknown
30903,cellular,9,feb,43,5,-1,0,unknown
30904,cellular,9,feb,122,3,-1,0,unknown
30905,cellular,9,feb,126,1,88,1,success
30906,cellular,9,feb,191,1,-1,0,unknown
30907,cellular,9,feb,479,1,-1,0,unknown
30908,telephone,9,feb,68,12,-1,0,unknown
30909,cellular,9,feb,190,1,-1,0,unknown
30910,cellular,9,feb,123,1,-1,0,unknown
30911,cellular,9,feb,101,2,-1,0,unknown
30912,cellular,9,feb,138,5,256,1,other
30913,cellular,9,feb,7,7,-1,0,unknown
30914,cellular,9,feb,12,7,-1,0,unknown
30915,cellular,9,feb,8,7,248,9,success
30916,cellular,9,feb,15,14,-1,0,unknown
30917,cellular,9,feb,253,21,-1,0,unknown
30918,cellular,9,feb,70,2,-1,0,unknown
30919,cellular,9,feb,58,2,-1,0,unknown
30920,cellular,9,feb,118,2,-1,0,unknown
30921,cellular,9,feb,108,2,199,3,other
30922,cellular,9,feb,686,5,279,1,failure
30923,telephone,9,feb,48,7,-1,0,unknown
30924,cellular,9,feb,84,4,256,7,failure
30925,cellular,9,feb,89,2,-1,0,unknown
30926,cellular,9,feb,102,3,12,3,other
30927,cellular,9,feb,175,5,12,1,other
30928,cellular,9,feb,844,2,-1,0,unknown
30929,cellular,9,feb,204,2,-1,0,unknown
30930,cellular,9,feb,48,4,-1,0,unknown
30931,cellular,9,feb,168,2,203,7,failure
30932,cellular,9,feb,30,4,-1,0,unknown
30933,cellular,9,feb,42,2,-1,0,unknown
30934,cellular,9,feb,17,3,-1,0,unknown
30935,telephone,9,feb,150,7,194,6,failure
30936,cellular,9,feb,433,3,-1,0,unknown
30937,telephone,9,feb,24,5,-1,0,unknown
30938,telephone,9,feb,49,6,-1,0,unknown
30939,cellular,9,feb,96,2,-1,0,unknown
30940,cellular,9,feb,226,3,280,1,other
30941,cellular,9,feb,216,2,-1,0,unknown
30942,telephone,9,feb,13,7,272,9,failure
30943,cellular,9,feb,92,7,-1,0,unknown
30944,cellular,9,feb,96,6,264,3,failure
30945,telephone,9,feb,172,4,-1,0,unknown
30946,cellular,9,feb,25,2,-1,0,unknown
30947,cellular,9,feb,112,2,-1,0,unknown
30948,cellular,9,feb,41,3,-1,0,unknown
30949,cellular,9,feb,189,3,-1,0,unknown
30950,cellular,9,feb,51,3,-1,0,unknown
30951,cellular,9,feb,132,3,-1,0,unknown
30952,cellular,9,feb,90,2,-1,0,unknown
30953,cellular,9,feb,92,3,-1,0,unknown
30954,cellular,9,feb,71,2,-1,0,unknown
30955,cellular,9,feb,161,5,-1,0,unknown
30956,cellular,9,feb,45,2,-1,0,unknown
30957,cellular,9,feb,144,5,209,12,failure
30958,cellular,9,feb,388,3,257,2,failure
30959,cellular,9,feb,835,3,-1,0,unknown
30960,cellular,9,feb,379,3,-1,0,unknown
30961,cellular,9,feb,297,7,-1,0,unknown
30962,cellular,9,feb,269,9,-1,0,unknown
30963,cellular,9,feb,140,6,12,1,other
30964,cellular,9,feb,37,4,-1,0,unknown
30965,cellular,9,feb,473,3,12,2,other
30966,cellular,9,feb,12,5,-1,0,unknown
30967,cellular,9,feb,817,5,-1,0,unknown
30968,cellular,9,feb,37,2,-1,0,unknown
30969,telephone,9,feb,147,3,-1,0,unknown
30970,cellular,9,feb,106,4,-1,0,unknown
30971,cellular,9,feb,224,3,-1,0,unknown
30972,cellular,9,feb,278,2,-1,0,unknown
30973,cellular,9,feb,7,10,-1,0,unknown
30974,cellular,9,feb,48,3,-1,0,unknown
30975,cellular,9,feb,65,3,-1,0,unknown
30976,cellular,9,feb,222,6,-1,0,unknown
30977,cellular,9,feb,20,2,256,1,failure
30978,telephone,9,feb,23,5,-1,0,unknown
30979,cellular,9,feb,290,6,-1,0,unknown
30980,cellular,9,feb,168,4,180,2,other
30981,cellular,9,feb,44,2,-1,0,unknown
30982,cellular,9,feb,64,2,-1,0,unknown
30983,telephone,9,feb,15,5,-1,0,unknown
30984,cellular,9,feb,171,3,277,4,other
30985,cellular,9,feb,79,4,193,7,failure
30986,cellular,9,feb,33,2,216,1,failure
30987,telephone,9,feb,211,5,-1,0,unknown
30988,cellular,9,feb,44,2,-1,0,unknown
30989,cellular,9,feb,91,3,236,4,other
30990,cellular,9,feb,21,3,252,4,other
30991,cellular,9,feb,297,3,-1,0,unknown
30992,telephone,9,feb,1971,4,-1,0,unknown
30993,cellular,9,feb,103,3,-1,0,unknown
30994,cellular,9,feb,13,5,-1,0,unknown
30995,cellular,9,feb,10,2,-1,0,unknown
30996,cellular,9,feb,155,3,-1,0,unknown
30997,cellular,9,feb,244,3,-1,0,unknown
30998,cellular,9,feb,18,3,12,1,other
30999,cellular,9,feb,14,4,-1,0,unknown
31000,cellular,9,feb,616,5,-1,0,unknown
31001,cellular,9,feb,826,7,-1,0,unknown
31002,cellular,9,feb,150,3,-1,0,unknown
31003,cellular,9,feb,125,5,-1,0,unknown
31004,cellular,10,feb,52,9,-1,0,unknown
31005,cellular,10,feb,122,1,-1,0,unknown
31006,cellular,10,feb,97,1,85,1,failure
31007,cellular,10,feb,66,1,-1,0,unknown
31008,cellular,10,feb,86,1,85,1,failure
31009,cellular,10,feb,277,1,-1,0,unknown
31010,cellular,10,feb,154,1,-1,0,unknown
31011,cellular,10,feb,77,1,279,2,failure
31012,cellular,10,feb,64,2,188,2,failure
31013,cellular,10,feb,100,1,-1,0,unknown
31014,cellular,10,feb,160,1,243,1,failure
31015,cellular,10,feb,147,1,-1,0,unknown
31016,cellular,10,feb,503,1,-1,0,unknown
31017,cellular,10,feb,515,1,-1,0,unknown
31018,telephone,10,feb,207,11,-1,0,unknown
31019,cellular,10,feb,49,3,-1,0,unknown
31020,cellular,10,feb,154,2,93,1,success
31021,cellular,10,feb,39,3,-1,0,unknown
31022,cellular,10,feb,159,1,-1,0,unknown
31023,cellular,10,feb,132,6,-1,0,unknown
31024,cellular,10,feb,118,2,-1,0,unknown
31025,cellular,10,feb,188,7,-1,0,unknown
31026,cellular,10,feb,208,2,-1,0,unknown
31027,telephone,10,feb,402,3,-1,0,unknown
31028,cellular,11,feb,528,3,-1,0,unknown
31029,cellular,11,feb,123,1,-1,0,unknown
31030,cellular,11,feb,331,1,-1,0,unknown
31031,cellular,11,feb,446,1,-1,0,unknown
31032,cellular,11,feb,354,2,-1,0,unknown
31033,cellular,11,feb,67,1,209,1,failure
31034,cellular,11,feb,80,1,6,1,failure
31035,cellular,11,feb,285,2,-1,0,unknown
31036,cellular,11,feb,56,1,184,2,failure
31037,cellular,11,feb,27,1,84,3,failure
31038,cellular,11,feb,108,1,-1,0,unknown
31039,cellular,11,feb,56,18,-1,0,unknown
31040,cellular,11,feb,309,5,-1,0,unknown
31041,cellular,11,feb,123,3,-1,0,unknown
31042,cellular,11,feb,112,4,85,2,failure
31043,cellular,11,feb,152,2,-1,0,unknown
31044,cellular,11,feb,109,3,-1,0,unknown
31045,telephone,11,feb,184,2,-1,0,unknown
31046,cellular,11,feb,280,4,-1,0,unknown
31047,cellular,12,feb,227,1,-1,0,unknown
31048,cellular,12,feb,274,1,-1,0,unknown
31049,cellular,12,feb,369,1,-1,0,unknown
31050,cellular,12,feb,118,4,210,3,failure
31051,telephone,12,feb,89,1,-1,0,unknown
31052,telephone,12,feb,139,2,-1,0,unknown
31053,cellular,12,feb,388,1,-1,0,unknown
31054,cellular,12,feb,262,1,-1,0,unknown
31055,telephone,12,feb,165,2,-1,0,unknown
31056,cellular,13,feb,61,1,193,1,failure
31057,cellular,13,feb,99,1,-1,0,unknown
31058,cellular,13,feb,121,1,-1,0,unknown
31059,cellular,13,feb,56,1,-1,0,unknown
31060,cellular,13,feb,119,1,-1,0,unknown
31061,cellular,13,feb,71,1,-1,0,unknown
31062,cellular,13,feb,92,1,-1,0,unknown
31063,cellular,13,feb,147,2,84,1,failure
31064,cellular,13,feb,75,3,-1,0,unknown
31065,cellular,13,feb,158,2,85,3,failure
31066,cellular,13,feb,104,2,-1,0,unknown
31067,cellular,13,feb,123,1,-1,0,unknown
31068,cellular,13,feb,94,9,85,1,failure
31069,cellular,13,feb,152,3,-1,0,unknown
31070,cellular,13,feb,55,2,-1,0,unknown
31071,cellular,13,feb,439,5,-1,0,unknown
31072,cellular,13,feb,706,1,-1,0,unknown
31073,telephone,13,feb,299,6,-1,0,unknown
31074,cellular,13,feb,121,2,-1,0,unknown
31075,cellular,16,feb,138,2,-1,0,unknown
31076,telephone,16,feb,66,21,-1,0,unknown
31077,cellular,16,feb,93,5,-1,0,unknown
31078,cellular,16,feb,75,3,200,5,failure
31079,telephone,16,feb,93,6,-1,0,unknown
31080,cellular,16,feb,127,1,257,1,other
31081,cellular,16,feb,137,1,-1,0,unknown
31082,cellular,16,feb,261,2,-1,0,unknown
31083,cellular,16,feb,170,2,-1,0,unknown
31084,cellular,16,feb,91,3,-1,0,unknown
31085,cellular,16,feb,138,2,-1,0,unknown
31086,cellular,16,feb,331,1,-1,0,unknown
31087,cellular,16,feb,65,1,-1,0,unknown
31088,cellular,16,feb,57,1,-1,0,unknown
31089,cellular,16,feb,223,7,-1,0,unknown
31090,cellular,17,feb,92,2,-1,0,unknown
31091,cellular,17,feb,38,1,-1,0,unknown
31092,cellular,17,feb,105,1,92,1,failure
31093,cellular,17,feb,485,1,-1,0,unknown
31094,telephone,17,feb,233,2,-1,0,unknown
31095,cellular,17,feb,73,2,-1,0,unknown
31096,cellular,17,feb,232,2,-1,0,unknown
31097,cellular,17,feb,88,1,-1,0,unknown
31098,cellular,17,feb,122,1,92,1,failure
31099,cellular,17,feb,281,1,-1,0,unknown
31100,cellular,17,feb,104,1,-1,0,unknown
31101,telephone,17,feb,127,1,-1,0,unknown
31102,telephone,17,feb,196,4,-1,0,unknown
31103,cellular,17,feb,221,2,-1,0,unknown
31104,telephone,17,feb,63,2,-1,0,unknown
31105,cellular,17,feb,226,1,-1,0,unknown
31106,cellular,17,feb,737,1,-1,0,unknown
31107,cellular,17,feb,120,1,-1,0,unknown
31108,cellular,17,feb,185,1,-1,0,unknown
31109,cellular,17,feb,323,1,-1,0,unknown
31110,cellular,17,feb,97,1,-1,0,unknown
31111,cellular,17,feb,113,1,-1,0,unknown
31112,telephone,17,feb,141,7,-1,0,unknown
31113,cellular,17,feb,228,1,-1,0,unknown
31114,cellular,17,feb,154,1,-1,0,unknown
31115,telephone,17,feb,202,4,-1,0,unknown
31116,cellular,17,feb,364,11,-1,0,unknown
31117,cellular,17,feb,1201,3,-1,0,unknown
31118,telephone,17,feb,466,4,-1,0,unknown
31119,cellular,18,feb,475,1,-1,0,unknown
31120,cellular,18,feb,147,1,-1,0,unknown
31121,telephone,18,feb,176,4,-1,0,unknown
31122,cellular,18,feb,172,10,-1,0,unknown
31123,cellular,18,feb,343,1,-1,0,unknown
31124,cellular,18,feb,185,1,-1,0,unknown
31125,cellular,18,feb,360,1,-1,0,unknown
31126,cellular,18,feb,134,2,-1,0,unknown
31127,cellular,18,feb,224,3,-1,0,unknown
31128,cellular,18,feb,92,3,-1,0,unknown
31129,cellular,18,feb,83,3,-1,0,unknown
31130,cellular,18,feb,355,3,-1,0,unknown
31131,cellular,18,feb,332,2,-1,0,unknown
31132,cellular,18,feb,89,2,-1,0,unknown
31133,cellular,18,feb,264,7,-1,0,unknown
31134,cellular,18,feb,442,2,-1,0,unknown
31135,cellular,18,feb,208,4,-1,0,unknown
31136,cellular,18,feb,209,20,-1,0,unknown
31137,cellular,18,feb,146,2,264,1,other
31138,cellular,19,feb,260,3,-1,0,unknown
31139,cellular,19,feb,88,2,-1,0,unknown
31140,cellular,19,feb,134,3,94,2,failure
31141,cellular,19,feb,78,5,-1,0,unknown
31142,cellular,19,feb,268,5,-1,0,unknown
31143,cellular,19,feb,266,2,219,12,other
31144,cellular,19,feb,654,3,-1,0,unknown
31145,telephone,26,feb,37,1,-1,0,unknown
31146,cellular,26,feb,65,1,-1,0,unknown
31147,cellular,26,feb,245,1,-1,0,unknown
31148,cellular,26,feb,152,1,-1,0,unknown
31149,telephone,26,feb,367,1,-1,0,unknown
31150,telephone,26,feb,361,1,-1,0,unknown
31151,telephone,26,feb,418,2,-1,0,unknown
31152,cellular,26,feb,90,1,-1,0,unknown
31153,cellular,26,feb,141,2,-1,0,unknown
31154,cellular,26,feb,88,3,-1,0,unknown
31155,cellular,26,feb,100,2,-1,0,unknown
31156,cellular,26,feb,51,1,-1,0,unknown
31157,cellular,26,feb,210,2,-1,0,unknown
31158,cellular,26,feb,97,1,-1,0,unknown
31159,cellular,26,feb,112,1,227,2,failure
31160,cellular,26,feb,74,1,24,1,failure
31161,cellular,26,feb,180,1,-1,0,unknown
31162,telephone,26,feb,29,1,-1,0,unknown
31163,telephone,26,feb,232,1,101,1,failure
31164,cellular,26,feb,79,1,-1,0,unknown
31165,cellular,27,feb,476,2,-1,0,unknown
31166,cellular,27,feb,123,3,-1,0,unknown
31167,cellular,27,feb,74,2,-1,0,unknown
31168,cellular,27,feb,118,5,21,5,failure
31169,cellular,27,feb,123,3,99,8,failure
31170,cellular,27,feb,94,2,-1,0,unknown
31171,cellular,27,feb,59,1,101,1,failure
31172,cellular,27,feb,48,1,-1,0,unknown
31173,cellular,27,feb,195,1,100,1,success
31174,telephone,27,feb,429,4,-1,0,unknown
31175,cellular,27,feb,154,1,-1,0,unknown
31176,cellular,27,feb,45,1,-1,0,unknown
31177,cellular,27,feb,58,2,-1,0,unknown
31178,cellular,27,feb,194,1,261,1,failure
31179,cellular,27,feb,47,8,-1,0,unknown
31180,cellular,27,feb,412,5,-1,0,unknown
31181,cellular,27,feb,353,1,-1,0,unknown
31182,cellular,27,feb,192,2,-1,0,unknown
31183,cellular,27,feb,49,2,-1,0,unknown
31184,cellular,27,feb,172,1,-1,0,unknown
31185,cellular,27,feb,204,1,-1,0,unknown
31186,cellular,27,feb,32,4,225,3,failure
31187,telephone,27,feb,342,2,-1,0,unknown
31188,cellular,27,feb,131,2,-1,0,unknown
31189,telephone,27,feb,49,1,-1,0,unknown
31190,cellular,27,feb,87,2,-1,0,unknown
31191,cellular,27,feb,115,1,-1,0,unknown
31192,cellular,27,feb,156,1,-1,0,unknown
31193,cellular,27,feb,79,1,-1,0,unknown
31194,cellular,27,feb,71,1,-1,0,unknown
31195,cellular,27,feb,46,1,-1,0,unknown
31196,cellular,27,feb,165,1,-1,0,unknown
31197,cellular,27,feb,30,3,-1,0,unknown
31198,cellular,27,feb,99,1,102,6,success
31199,cellular,27,feb,233,1,270,1,other
31200,cellular,27,feb,110,2,-1,0,unknown
31201,cellular,2,mar,712,4,-1,0,unknown
31202,telephone,2,mar,169,4,-1,0,unknown
31203,cellular,2,mar,73,2,-1,0,unknown
31204,cellular,2,mar,78,4,103,7,failure
31205,cellular,2,mar,76,2,-1,0,unknown
31206,cellular,2,mar,378,4,-1,0,unknown
31207,cellular,2,mar,149,1,-1,0,unknown
31208,cellular,2,mar,116,1,-1,0,unknown
31209,telephone,2,mar,139,5,-1,0,unknown
31210,cellular,2,mar,154,1,-1,0,unknown
31211,cellular,2,mar,142,2,-1,0,unknown
31212,cellular,2,mar,145,1,-1,0,unknown
31213,cellular,2,mar,69,1,-1,0,unknown
31214,cellular,2,mar,239,1,-1,0,unknown
31215,cellular,2,mar,54,1,-1,0,unknown
31216,cellular,2,mar,170,3,-1,0,unknown
31217,cellular,2,mar,202,2,-1,0,unknown
31218,cellular,2,mar,175,5,-1,0,unknown
31219,cellular,2,mar,120,3,-1,0,unknown
31220,cellular,2,mar,59,2,-1,0,unknown
31221,cellular,2,mar,56,2,-1,0,unknown
31222,cellular,2,mar,1447,2,-1,0,unknown
31223,cellular,2,mar,76,2,-1,0,unknown
31224,cellular,2,mar,131,12,-1,0,unknown
31225,cellular,2,mar,136,6,-1,0,unknown
31226,telephone,2,mar,382,2,-1,0,unknown
31227,telephone,2,mar,88,3,-1,0,unknown
31228,telephone,2,mar,39,2,-1,0,unknown
31229,cellular,3,mar,143,2,-1,0,unknown
31230,cellular,3,mar,631,1,-1,0,unknown
31231,cellular,3,mar,133,1,-1,0,unknown
31232,cellular,3,mar,83,1,-1,0,unknown
31233,cellular,3,mar,212,1,-1,0,unknown
31234,cellular,3,mar,499,1,-1,0,unknown
31235,cellular,3,mar,350,3,-1,0,unknown
31236,cellular,3,mar,103,1,-1,0,unknown
31237,cellular,3,mar,426,1,-1,0,unknown
31238,cellular,3,mar,320,1,-1,0,unknown
31239,cellular,3,mar,156,1,-1,0,unknown
31240,cellular,3,mar,168,1,-1,0,unknown
31241,cellular,3,mar,180,2,-1,0,unknown
31242,cellular,3,mar,305,13,-1,0,unknown
31243,cellular,3,mar,96,2,-1,0,unknown
31244,cellular,3,mar,152,2,-1,0,unknown
31245,cellular,3,mar,87,1,-1,0,unknown
31246,cellular,3,mar,229,1,-1,0,unknown
31247,cellular,3,mar,133,4,102,4,other
31248,cellular,3,mar,105,1,-1,0,unknown
31249,telephone,4,mar,92,5,-1,0,unknown
31250,cellular,4,mar,377,6,-1,0,unknown
31251,cellular,4,mar,396,2,-1,0,unknown
31252,cellular,5,mar,77,6,-1,0,unknown
31253,cellular,5,mar,82,3,-1,0,unknown
31254,cellular,5,mar,308,2,196,2,failure
31255,cellular,5,mar,66,3,-1,0,unknown
31256,cellular,5,mar,61,2,-1,0,unknown
31257,cellular,5,mar,63,2,-1,0,unknown
31258,cellular,5,mar,168,2,-1,0,unknown
31259,cellular,5,mar,86,1,-1,0,unknown
31260,cellular,5,mar,64,1,-1,0,unknown
31261,telephone,5,mar,181,1,-1,0,unknown
31262,cellular,5,mar,53,3,-1,0,unknown
31263,telephone,5,mar,86,12,-1,0,unknown
31264,cellular,5,mar,90,1,104,1,failure
31265,cellular,5,mar,182,1,107,2,other
31266,cellular,5,mar,90,2,-1,0,unknown
31267,cellular,5,mar,41,2,-1,0,unknown
31268,cellular,5,mar,119,1,-1,0,unknown
31269,cellular,5,mar,106,1,-1,0,unknown
31270,cellular,5,mar,196,2,-1,0,unknown
31271,cellular,5,mar,112,2,106,1,failure
31272,cellular,5,mar,115,2,-1,0,unknown
31273,cellular,5,mar,84,1,-1,0,unknown
31274,cellular,5,mar,167,9,-1,0,unknown
31275,telephone,5,mar,199,5,-1,0,unknown
31276,cellular,6,mar,195,1,-1,0,unknown
31277,cellular,6,mar,229,1,-1,0,unknown
31278,cellular,6,mar,227,1,-1,0,unknown
31279,cellular,6,mar,136,1,-1,0,unknown
31280,cellular,6,mar,266,1,-1,0,unknown
31281,cellular,6,mar,207,2,199,6,success
31282,cellular,9,mar,131,4,-1,0,unknown
31283,cellular,9,mar,116,1,-1,0,unknown
31284,cellular,9,mar,101,1,-1,0,unknown
31285,telephone,9,mar,303,9,-1,0,unknown
31286,cellular,9,mar,217,2,-1,0,unknown
31287,cellular,9,mar,78,2,120,1,failure
31288,cellular,9,mar,93,2,224,4,failure
31289,cellular,10,mar,97,1,-1,0,unknown
31290,cellular,10,mar,350,2,112,3,failure
31291,cellular,10,mar,164,1,-1,0,unknown
31292,cellular,10,mar,112,1,-1,0,unknown
31293,cellular,10,mar,80,1,-1,0,unknown
31294,cellular,10,mar,106,1,-1,0,unknown
31295,cellular,10,mar,272,1,-1,0,unknown
31296,cellular,10,mar,56,2,-1,0,unknown
31297,cellular,10,mar,75,2,-1,0,unknown
31298,cellular,10,mar,122,1,-1,0,unknown
31299,cellular,10,mar,261,1,-1,0,unknown
31300,cellular,10,mar,113,1,210,7,failure
31301,cellular,10,mar,135,1,-1,0,unknown
31302,cellular,10,mar,103,1,-1,0,unknown
31303,cellular,10,mar,93,1,-1,0,unknown
31304,cellular,10,mar,59,1,-1,0,unknown
31305,cellular,10,mar,159,3,-1,0,unknown
31306,cellular,10,mar,70,2,-1,0,unknown
31307,telephone,10,mar,230,2,-1,0,unknown
31308,cellular,11,mar,60,3,-1,0,unknown
31309,cellular,11,mar,266,2,-1,0,unknown
31310,cellular,11,mar,95,4,-1,0,unknown
31311,cellular,11,mar,796,5,-1,0,unknown
31312,cellular,11,mar,101,1,-1,0,unknown
31313,cellular,11,mar,96,6,-1,0,unknown
31314,cellular,11,mar,74,1,-1,0,unknown
31315,cellular,11,mar,126,1,-1,0,unknown
31316,cellular,11,mar,323,1,-1,0,unknown
31317,cellular,11,mar,101,7,-1,0,unknown
31318,cellular,11,mar,103,3,-1,0,unknown
31319,cellular,11,mar,188,3,-1,0,unknown
31320,cellular,11,mar,203,2,-1,0,unknown
31321,cellular,11,mar,101,1,-1,0,unknown
31322,cellular,12,mar,56,2,-1,0,unknown
31323,cellular,12,mar,71,3,-1,0,unknown
31324,cellular,12,mar,58,4,-1,0,unknown
31325,cellular,12,mar,2330,5,-1,0,unknown
31326,cellular,12,mar,80,4,-1,0,unknown
31327,cellular,12,mar,229,1,-1,0,unknown
31328,cellular,12,mar,80,2,-1,0,unknown
31329,cellular,12,mar,119,1,-1,0,unknown
31330,cellular,12,mar,156,1,-1,0,unknown
31331,cellular,12,mar,186,1,-1,0,unknown
31332,cellular,12,mar,120,1,-1,0,unknown
31333,cellular,12,mar,139,1,-1,0,unknown
31334,cellular,12,mar,1209,2,-1,0,unknown
31335,cellular,12,mar,85,1,-1,0,unknown
31336,cellular,13,mar,61,11,282,1,other
31337,cellular,13,mar,3076,1,-1,0,unknown
31338,cellular,13,mar,432,1,-1,0,unknown
31339,cellular,13,mar,296,2,-1,0,unknown
31340,cellular,16,mar,61,6,115,4,failure
31341,telephone,16,mar,80,4,-1,0,unknown
31342,cellular,16,mar,291,3,238,2,success
31343,cellular,16,mar,104,2,-1,0,unknown
31344,cellular,16,mar,93,1,-1,0,unknown
31345,telephone,16,mar,44,1,-1,0,unknown
31346,telephone,16,mar,147,1,-1,0,unknown
31347,cellular,16,mar,83,13,-1,0,unknown
31348,cellular,16,mar,392,4,-1,0,unknown
31349,cellular,17,mar,74,1,-1,0,unknown
31350,cellular,17,mar,163,2,-1,0,unknown
31351,cellular,17,mar,406,2,41,1,failure
31352,cellular,17,mar,220,1,-1,0,unknown
31353,cellular,17,mar,133,8,-1,0,unknown
31354,cellular,17,mar,178,1,-1,0,unknown
31355,cellular,17,mar,195,1,-1,0,unknown
31356,cellular,17,mar,187,1,-1,0,unknown
31357,cellular,17,mar,325,1,-1,0,unknown
31358,cellular,17,mar,299,2,-1,0,unknown
31359,cellular,17,mar,325,2,-1,0,unknown
31360,cellular,17,mar,159,2,-1,0,unknown
31361,cellular,17,mar,136,19,-1,0,unknown
31362,cellular,18,mar,236,2,-1,0,unknown
31363,cellular,18,mar,159,2,-1,0,unknown
31364,cellular,18,mar,232,2,294,2,failure
31365,cellular,18,mar,140,10,-1,0,unknown
31366,cellular,18,mar,278,2,-1,0,unknown
31367,cellular,18,mar,194,1,-1,0,unknown
31368,cellular,18,mar,224,1,-1,0,unknown
31369,cellular,18,mar,201,1,-1,0,unknown
31370,cellular,18,mar,147,4,-1,0,unknown
31371,cellular,18,mar,203,4,121,2,failure
31372,cellular,19,mar,167,1,-1,0,unknown
31373,cellular,19,mar,181,1,-1,0,unknown
31374,cellular,19,mar,220,3,-1,0,unknown
31375,cellular,20,mar,93,5,-1,0,unknown
31376,cellular,23,mar,47,2,-1,0,unknown
31377,cellular,23,mar,248,4,-1,0,unknown
31378,cellular,23,mar,415,1,-1,0,unknown
31379,cellular,23,mar,233,1,-1,0,unknown
31380,cellular,23,mar,115,1,-1,0,unknown
31381,cellular,23,mar,269,1,-1,0,unknown
31382,cellular,23,mar,83,4,-1,0,unknown
31383,cellular,24,mar,136,1,-1,0,unknown
31384,cellular,24,mar,89,1,-1,0,unknown
31385,cellular,24,mar,81,1,49,3,other
31386,cellular,24,mar,132,1,-1,0,unknown
31387,cellular,24,mar,74,2,-1,0,unknown
31388,cellular,24,mar,115,2,-1,0,unknown
31389,telephone,24,mar,58,2,-1,0,unknown
31390,cellular,24,mar,116,2,-1,0,unknown
31391,cellular,24,mar,125,2,-1,0,unknown
31392,cellular,24,mar,144,2,-1,0,unknown
31393,cellular,24,mar,170,3,-1,0,unknown
31394,cellular,24,mar,269,3,-1,0,unknown
31395,cellular,25,mar,115,1,-1,0,unknown
31396,cellular,25,mar,506,2,-1,0,unknown
31397,cellular,25,mar,78,1,-1,0,unknown
31398,cellular,25,mar,96,2,-1,0,unknown
31399,cellular,25,mar,278,8,-1,0,unknown
31400,cellular,25,mar,411,2,-1,0,unknown
31401,cellular,26,mar,117,2,-1,0,unknown
31402,cellular,26,mar,200,1,-1,0,unknown
31403,cellular,26,mar,143,2,-1,0,unknown
31404,cellular,26,mar,94,1,-1,0,unknown
31405,cellular,26,mar,131,4,-1,0,unknown
31406,cellular,26,mar,267,2,-1,0,unknown
31407,cellular,26,mar,475,1,-1,0,unknown
31408,cellular,26,mar,86,2,-1,0,unknown
31409,cellular,26,mar,439,4,-1,0,unknown
31410,cellular,26,mar,278,2,-1,0,unknown
31411,cellular,26,mar,181,2,-1,0,unknown
31412,cellular,27,mar,101,12,-1,0,unknown
31413,cellular,27,mar,95,2,231,2,failure
31414,telephone,27,mar,515,1,-1,0,unknown
31415,cellular,27,mar,300,1,-1,0,unknown
31416,cellular,27,mar,342,1,-1,0,unknown
31417,telephone,27,mar,124,1,-1,0,unknown
31418,cellular,27,mar,283,1,-1,0,unknown
31419,cellular,27,mar,164,2,130,2,failure
31420,cellular,27,mar,78,2,-1,0,unknown
31421,cellular,27,mar,229,2,-1,0,unknown
31422,cellular,27,mar,102,1,-1,0,unknown
31423,cellular,27,mar,277,1,-1,0,unknown
31424,cellular,27,mar,689,2,-1,0,unknown
31425,cellular,27,mar,378,1,-1,0,unknown
31426,cellular,27,mar,101,1,-1,0,unknown
31427,cellular,27,mar,558,1,-1,0,unknown
31428,telephone,27,mar,199,1,-1,0,unknown
31429,cellular,27,mar,243,3,239,13,other
31430,cellular,27,mar,166,2,-1,0,unknown
31431,telephone,27,mar,234,2,-1,0,unknown
31432,cellular,27,mar,271,2,-1,0,unknown
31433,cellular,27,mar,347,2,-1,0,unknown
31434,cellular,30,mar,180,2,-1,0,unknown
31435,cellular,30,mar,253,2,129,5,failure
31436,cellular,30,mar,57,4,-1,0,unknown
31437,cellular,30,mar,171,4,-1,0,unknown
31438,cellular,30,mar,96,6,-1,0,unknown
31439,cellular,30,mar,415,1,-1,0,unknown
31440,cellular,30,mar,95,1,-1,0,unknown
31441,cellular,30,mar,364,3,-1,0,unknown
31442,cellular,30,mar,114,2,-1,0,unknown
31443,cellular,30,mar,517,1,-1,0,unknown
31444,cellular,30,mar,167,2,-1,0,unknown
31445,cellular,30,mar,78,3,-1,0,unknown
31446,cellular,30,mar,1081,2,-1,0,unknown
31447,telephone,30,mar,163,2,-1,0,unknown
31448,cellular,30,mar,52,3,-1,0,unknown
31449,cellular,30,mar,138,8,-1,0,unknown
31450,cellular,30,mar,259,15,-1,0,unknown
31451,cellular,31,mar,684,4,-1,0,unknown
31452,cellular,31,mar,237,3,-1,0,unknown
31453,cellular,31,mar,158,2,-1,0,unknown
31454,cellular,31,mar,494,1,-1,0,unknown
31455,cellular,31,mar,265,1,230,2,failure
31456,cellular,31,mar,371,2,257,1,other
31457,cellular,31,mar,829,1,-1,0,unknown
31458,cellular,31,mar,248,1,-1,0,unknown
31459,cellular,1,apr,957,2,131,2,failure
31460,cellular,1,apr,351,3,-1,0,unknown
31461,cellular,1,apr,131,1,-1,0,unknown
31462,cellular,1,apr,73,1,-1,0,unknown
31463,cellular,1,apr,202,2,-1,0,unknown
31464,cellular,1,apr,247,2,-1,0,unknown
31465,cellular,1,apr,233,2,133,1,failure
31466,cellular,1,apr,126,2,239,1,failure
31467,cellular,1,apr,107,1,-1,0,unknown
31468,cellular,1,apr,836,1,-1,0,unknown
31469,cellular,1,apr,427,1,329,1,other
31470,cellular,1,apr,212,1,-1,0,unknown
31471,cellular,1,apr,274,1,238,2,failure
31472,cellular,1,apr,1176,1,-1,0,unknown
31473,cellular,1,apr,124,1,-1,0,unknown
31474,cellular,1,apr,786,1,135,1,other
31475,cellular,1,apr,1156,1,261,3,other
31476,cellular,1,apr,1196,1,-1,0,unknown
31477,cellular,1,apr,165,2,-1,0,unknown
31478,cellular,1,apr,525,2,-1,0,unknown
31479,cellular,1,apr,479,1,307,1,failure
31480,cellular,1,apr,295,1,303,1,other
31481,cellular,1,apr,117,1,-1,0,unknown
31482,cellular,1,apr,387,2,-1,0,unknown
31483,cellular,1,apr,463,1,133,3,failure
31484,cellular,1,apr,286,2,225,4,other
31485,cellular,1,apr,161,2,253,1,failure
31486,cellular,1,apr,498,3,-1,0,unknown
31487,cellular,1,apr,251,4,329,4,failure
31488,cellular,1,apr,625,2,-1,0,unknown
31489,cellular,1,apr,121,2,135,2,failure
31490,cellular,1,apr,285,3,132,2,failure
31491,cellular,1,apr,257,2,-1,0,unknown
31492,cellular,1,apr,184,4,-1,0,unknown
31493,telephone,1,apr,74,3,-1,0,unknown
31494,cellular,1,apr,510,3,-1,0,unknown
31495,cellular,1,apr,647,2,-1,0,unknown
31496,cellular,2,apr,80,3,-1,0,unknown
31497,cellular,2,apr,739,2,-1,0,unknown
31498,telephone,2,apr,173,2,-1,0,unknown
31499,cellular,2,apr,951,1,132,3,failure
31500,cellular,2,apr,2870,2,-1,0,unknown
31501,cellular,2,apr,90,1,-1,0,unknown
31502,cellular,2,apr,82,6,-1,0,unknown
31503,cellular,2,apr,303,1,331,2,failure
31504,cellular,2,apr,473,1,-1,0,unknown
31505,cellular,2,apr,124,1,308,2,other
31506,cellular,2,apr,243,3,-1,0,unknown
31507,cellular,2,apr,244,1,-1,0,unknown
31508,cellular,2,apr,313,3,-1,0,unknown
31509,cellular,2,apr,253,1,-1,0,unknown
31510,cellular,2,apr,108,1,-1,0,unknown
31511,cellular,2,apr,277,1,-1,0,unknown
31512,cellular,2,apr,450,2,-1,0,unknown
31513,cellular,2,apr,320,1,134,2,failure
31514,cellular,2,apr,229,2,-1,0,unknown
31515,cellular,2,apr,148,1,-1,0,unknown
31516,cellular,2,apr,748,1,-1,0,unknown
31517,cellular,2,apr,598,2,135,5,failure
31518,cellular,2,apr,146,1,267,1,failure
31519,cellular,2,apr,477,2,267,1,failure
31520,cellular,2,apr,164,1,300,2,failure
31521,cellular,2,apr,58,1,136,1,failure
31522,cellular,2,apr,361,1,136,1,other
31523,cellular,2,apr,144,1,-1,0,unknown
31524,cellular,2,apr,80,1,-1,0,unknown
31525,cellular,2,apr,333,1,64,2,failure
31526,cellular,2,apr,1164,1,-1,0,unknown
31527,telephone,2,apr,240,1,-1,0,unknown
31528,cellular,2,apr,397,2,-1,0,unknown
31529,cellular,2,apr,1074,3,217,8,failure
31530,cellular,2,apr,1012,2,-1,0,unknown
31531,cellular,2,apr,104,6,-1,0,unknown
31532,cellular,2,apr,77,2,133,4,failure
31533,cellular,2,apr,293,2,314,2,failure
31534,cellular,2,apr,249,1,-1,0,unknown
31535,cellular,2,apr,464,1,287,1,failure
31536,cellular,2,apr,268,1,-1,0,unknown
31537,cellular,2,apr,173,2,-1,0,unknown
31538,cellular,2,apr,359,3,-1,0,unknown
31539,cellular,2,apr,349,3,-1,0,unknown
31540,cellular,2,apr,399,2,258,3,failure
31541,telephone,2,apr,285,2,-1,0,unknown
31542,cellular,2,apr,225,2,-1,0,unknown
31543,cellular,2,apr,96,3,330,1,other
31544,cellular,2,apr,254,2,261,3,failure
31545,cellular,2,apr,206,1,-1,0,unknown
31546,cellular,3,apr,48,2,-1,0,unknown
31547,cellular,3,apr,189,2,-1,0,unknown
31548,cellular,3,apr,246,2,133,6,failure
31549,cellular,3,apr,187,1,332,5,failure
31550,cellular,3,apr,93,2,-1,0,unknown
31551,cellular,3,apr,352,1,332,2,failure
31552,cellular,3,apr,376,1,-1,0,unknown
31553,cellular,3,apr,478,3,-1,0,unknown
31554,cellular,3,apr,224,1,-1,0,unknown
31555,cellular,3,apr,353,2,227,4,failure
31556,cellular,3,apr,707,1,302,3,failure
31557,cellular,3,apr,297,1,323,2,failure
31558,cellular,3,apr,115,1,-1,0,unknown
31559,cellular,3,apr,697,2,-1,0,unknown
31560,cellular,3,apr,445,1,135,3,failure
31561,cellular,3,apr,314,1,318,1,failure
31562,cellular,3,apr,84,1,332,1,failure
31563,cellular,3,apr,277,2,333,1,failure
31564,cellular,3,apr,170,1,-1,0,unknown
31565,cellular,3,apr,285,1,-1,0,unknown
31566,telephone,3,apr,119,1,-1,0,unknown
31567,cellular,3,apr,484,1,135,3,failure
31568,cellular,3,apr,240,1,136,5,failure
31569,cellular,3,apr,420,1,-1,0,unknown
31570,cellular,3,apr,335,1,-1,0,unknown
31571,cellular,3,apr,66,2,-1,0,unknown
31572,cellular,3,apr,117,1,-1,0,unknown
31573,cellular,3,apr,660,1,-1,0,unknown
31574,cellular,3,apr,154,1,-1,0,unknown
31575,cellular,3,apr,939,1,-1,0,unknown
31576,cellular,3,apr,134,1,-1,0,unknown
31577,cellular,3,apr,273,2,136,2,failure
31578,cellular,3,apr,272,1,-1,0,unknown
31579,cellular,3,apr,125,1,-1,0,unknown
31580,cellular,3,apr,441,1,-1,0,unknown
31581,cellular,3,apr,100,14,60,2,failure
31582,cellular,3,apr,239,2,-1,0,unknown
31583,telephone,3,apr,362,2,136,6,failure
31584,cellular,3,apr,105,1,136,1,failure
31585,cellular,3,apr,582,2,-1,0,unknown
31586,cellular,3,apr,329,2,-1,0,unknown
31587,cellular,3,apr,190,1,133,1,other
31588,cellular,3,apr,296,1,270,3,failure
31589,cellular,3,apr,345,2,249,7,other
31590,cellular,3,apr,121,2,-1,0,unknown
31591,cellular,3,apr,1090,1,-1,0,unknown
31592,cellular,3,apr,203,1,31,2,success
31593,cellular,3,apr,383,1,-1,0,unknown
31594,cellular,3,apr,100,3,-1,0,unknown
31595,cellular,3,apr,439,2,240,1,failure
31596,cellular,3,apr,179,3,-1,0,unknown
31597,cellular,3,apr,298,1,-1,0,unknown
31598,cellular,3,apr,230,1,-1,0,unknown
31599,cellular,3,apr,235,1,133,3,failure
31600,cellular,3,apr,1091,1,135,1,failure
31601,cellular,3,apr,204,2,248,12,failure
31602,cellular,3,apr,148,2,-1,0,unknown
31603,cellular,3,apr,57,4,-1,0,unknown
31604,cellular,3,apr,1203,2,135,2,failure
31605,cellular,3,apr,579,2,-1,0,unknown
31606,telephone,3,apr,309,4,262,4,other
31607,cellular,3,apr,219,2,-1,0,unknown
31608,cellular,6,apr,43,2,326,1,failure
31609,cellular,6,apr,610,2,138,1,failure
31610,cellular,6,apr,479,1,-1,0,unknown
31611,cellular,6,apr,494,1,-1,0,unknown
31612,cellular,6,apr,590,2,255,2,failure
31613,cellular,6,apr,194,2,-1,0,unknown
31614,cellular,6,apr,225,1,-1,0,unknown
31615,cellular,6,apr,322,1,265,3,success
31616,telephone,6,apr,475,6,307,5,failure
31617,cellular,6,apr,945,1,139,1,success
31618,cellular,6,apr,272,1,-1,0,unknown
31619,cellular,6,apr,185,3,-1,0,unknown
31620,cellular,6,apr,254,1,-1,0,unknown
31621,cellular,6,apr,61,6,-1,0,unknown
31622,cellular,6,apr,112,4,-1,0,unknown
31623,cellular,6,apr,332,2,335,1,failure
31624,cellular,6,apr,916,1,-1,0,unknown
31625,cellular,6,apr,551,3,313,9,failure
31626,cellular,6,apr,583,2,222,17,failure
31627,cellular,6,apr,90,10,-1,0,unknown
31628,cellular,6,apr,156,2,-1,0,unknown
31629,telephone,6,apr,172,1,-1,0,unknown
31630,cellular,6,apr,158,1,-1,0,unknown
31631,cellular,6,apr,232,3,-1,0,unknown
31632,cellular,6,apr,1859,1,-1,0,unknown
31633,cellular,6,apr,271,2,307,1,failure
31634,telephone,6,apr,86,1,-1,0,unknown
31635,cellular,6,apr,437,2,-1,0,unknown
31636,cellular,6,apr,211,2,266,2,failure
31637,cellular,6,apr,97,1,-1,0,unknown
31638,cellular,6,apr,104,1,312,1,failure
31639,telephone,6,apr,180,1,-1,0,unknown
31640,cellular,6,apr,294,1,305,15,failure
31641,cellular,6,apr,173,1,-1,0,unknown
31642,cellular,6,apr,129,1,-1,0,unknown
31643,cellular,6,apr,197,1,-1,0,unknown
31644,cellular,6,apr,139,2,136,5,other
31645,cellular,6,apr,139,1,-1,0,unknown
31646,cellular,6,apr,150,1,257,16,failure
31647,cellular,6,apr,190,1,-1,0,unknown
31648,cellular,6,apr,399,2,-1,0,unknown
31649,telephone,6,apr,216,1,-1,0,unknown
31650,cellular,6,apr,635,1,-1,0,unknown
31651,cellular,6,apr,1108,2,270,1,failure
31652,cellular,6,apr,122,3,136,1,failure
31653,cellular,6,apr,371,3,136,7,failure
31654,cellular,6,apr,230,1,-1,0,unknown
31655,cellular,6,apr,41,2,-1,0,unknown
31656,cellular,6,apr,1063,1,-1,0,unknown
31657,cellular,6,apr,272,1,335,4,other
31658,cellular,6,apr,223,2,-1,0,unknown
31659,cellular,6,apr,377,3,325,1,failure
31660,telephone,6,apr,1353,2,138,2,success
31661,cellular,6,apr,740,3,-1,0,unknown
31662,cellular,6,apr,1138,2,138,1,failure
31663,telephone,6,apr,471,2,270,1,other
31664,cellular,6,apr,357,2,327,2,failure
31665,cellular,6,apr,165,4,-1,0,unknown
31666,cellular,6,apr,276,2,-1,0,unknown
31667,cellular,6,apr,342,3,256,3,failure
31668,telephone,6,apr,125,3,249,15,failure
31669,cellular,6,apr,143,1,336,1,failure
31670,cellular,6,apr,583,3,335,2,other
31671,cellular,7,apr,72,5,-1,0,unknown
31672,cellular,7,apr,465,4,-1,0,unknown
31673,cellular,7,apr,163,2,-1,0,unknown
31674,cellular,7,apr,43,3,-1,0,unknown
31675,cellular,7,apr,60,3,-1,0,unknown
31676,cellular,7,apr,355,3,-1,0,unknown
31677,cellular,7,apr,148,1,-1,0,unknown
31678,cellular,7,apr,226,2,-1,0,unknown
31679,cellular,7,apr,104,1,-1,0,unknown
31680,cellular,7,apr,1096,1,-1,0,unknown
31681,cellular,7,apr,837,1,307,1,other
31682,cellular,7,apr,157,4,309,4,other
31683,cellular,7,apr,327,2,138,2,failure
31684,cellular,7,apr,208,1,-1,0,unknown
31685,cellular,7,apr,91,1,328,1,failure
31686,cellular,7,apr,381,1,243,4,failure
31687,cellular,7,apr,183,1,266,3,failure
31688,cellular,7,apr,194,2,-1,0,unknown
31689,cellular,7,apr,103,1,-1,0,unknown
31690,cellular,7,apr,424,1,138,1,failure
31691,cellular,7,apr,479,1,-1,0,unknown
31692,cellular,7,apr,354,1,-1,0,unknown
31693,cellular,7,apr,345,2,138,6,other
31694,cellular,7,apr,329,1,322,1,failure
31695,cellular,7,apr,210,1,253,2,failure
31696,cellular,7,apr,226,1,-1,0,unknown
31697,cellular,7,apr,389,1,266,2,other
31698,cellular,7,apr,197,1,-1,0,unknown
31699,cellular,7,apr,196,2,-1,0,unknown
31700,cellular,7,apr,226,2,-1,0,unknown
31701,cellular,7,apr,254,1,-1,0,unknown
31702,cellular,7,apr,721,4,-1,0,unknown
31703,cellular,7,apr,293,3,322,2,failure
31704,cellular,7,apr,366,1,-1,0,unknown
31705,cellular,7,apr,208,1,140,1,failure
31706,cellular,7,apr,274,1,-1,0,unknown
31707,telephone,7,apr,189,1,-1,0,unknown
31708,cellular,7,apr,411,1,-1,0,unknown
31709,cellular,7,apr,89,1,314,1,other
31710,cellular,7,apr,157,1,267,2,failure
31711,cellular,7,apr,413,1,-1,0,unknown
31712,cellular,7,apr,299,1,-1,0,unknown
31713,cellular,7,apr,272,1,-1,0,unknown
31714,cellular,7,apr,615,1,137,3,failure
31715,cellular,7,apr,436,1,140,2,failure
31716,cellular,7,apr,255,2,-1,0,unknown
31717,cellular,7,apr,93,3,140,2,failure
31718,cellular,7,apr,49,2,-1,0,unknown
31719,cellular,7,apr,44,1,-1,0,unknown
31720,cellular,7,apr,620,1,39,2,success
31721,cellular,7,apr,271,2,230,3,failure
31722,cellular,7,apr,99,1,251,2,other
31723,cellular,7,apr,83,1,-1,0,unknown
31724,cellular,7,apr,139,1,243,2,other
31725,cellular,7,apr,311,1,330,1,failure
31726,cellular,7,apr,1063,1,-1,0,unknown
31727,cellular,7,apr,263,2,224,22,failure
31728,cellular,7,apr,58,1,228,10,failure
31729,cellular,7,apr,487,1,-1,0,unknown
31730,cellular,7,apr,304,1,-1,0,unknown
31731,cellular,7,apr,66,1,330,1,failure
31732,cellular,7,apr,253,1,140,1,failure
31733,cellular,7,apr,15,1,316,1,failure
31734,cellular,7,apr,145,1,-1,0,unknown
31735,cellular,7,apr,244,3,313,1,failure
31736,cellular,7,apr,310,1,-1,0,unknown
31737,cellular,7,apr,98,2,-1,0,unknown
31738,cellular,7,apr,104,2,-1,0,unknown
31739,cellular,7,apr,88,3,322,1,other
31740,cellular,7,apr,1,1,-1,0,unknown
31741,cellular,7,apr,158,2,-1,0,unknown
31742,cellular,7,apr,185,1,328,11,failure
31743,cellular,7,apr,542,3,140,3,failure
31744,cellular,7,apr,265,1,-1,0,unknown
31745,cellular,7,apr,562,1,-1,0,unknown
31746,cellular,7,apr,895,1,-1,0,unknown
31747,cellular,7,apr,277,1,-1,0,unknown
31748,cellular,7,apr,239,1,-1,0,unknown
31749,telephone,7,apr,235,3,-1,0,unknown
31750,cellular,7,apr,221,2,267,3,other
31751,telephone,7,apr,353,4,-1,0,unknown
31752,cellular,7,apr,736,7,-1,0,unknown
31753,cellular,7,apr,725,3,-1,0,unknown
31754,cellular,7,apr,581,2,-1,0,unknown
31755,cellular,8,apr,163,3,-1,0,unknown
31756,cellular,8,apr,325,2,-1,0,unknown
31757,cellular,8,apr,594,4,331,1,failure
31758,cellular,8,apr,327,1,-1,0,unknown
31759,cellular,8,apr,98,1,-1,0,unknown
31760,cellular,8,apr,149,1,-1,0,unknown
31761,cellular,8,apr,519,1,-1,0,unknown
31762,telephone,8,apr,169,1,139,2,failure
31763,cellular,8,apr,98,1,231,4,failure
31764,cellular,8,apr,952,1,323,1,other
31765,cellular,8,apr,903,1,-1,0,unknown
31766,cellular,8,apr,58,3,-1,0,unknown
31767,cellular,8,apr,59,3,-1,0,unknown
31768,cellular,8,apr,123,1,-1,0,unknown
31769,cellular,8,apr,95,1,-1,0,unknown
31770,cellular,8,apr,97,1,-1,0,unknown
31771,telephone,8,apr,523,2,-1,0,unknown
31772,cellular,8,apr,268,1,-1,0,unknown
31773,cellular,8,apr,182,1,292,25,failure
31774,cellular,8,apr,72,1,-1,0,unknown
31775,cellular,8,apr,65,3,-1,0,unknown
31776,cellular,8,apr,335,2,-1,0,unknown
31777,cellular,8,apr,376,1,295,1,failure
31778,cellular,8,apr,2129,1,322,3,failure
31779,cellular,8,apr,462,2,-1,0,unknown
31780,cellular,8,apr,1134,1,-1,0,unknown
31781,cellular,8,apr,213,4,-1,0,unknown
31782,cellular,8,apr,179,5,139,4,failure
31783,cellular,8,apr,284,1,308,4,failure
31784,cellular,8,apr,1032,3,141,7,failure
31785,cellular,8,apr,241,1,-1,0,unknown
31786,cellular,8,apr,420,1,139,5,failure
31787,cellular,8,apr,291,1,335,1,failure
31788,cellular,8,apr,393,2,310,1,other
31789,cellular,8,apr,150,1,267,4,failure
31790,telephone,8,apr,236,1,-1,0,unknown
31791,cellular,8,apr,281,1,141,2,success
31792,cellular,8,apr,101,2,-1,0,unknown
31793,cellular,8,apr,120,1,294,1,failure
31794,cellular,8,apr,125,2,-1,0,unknown
31795,telephone,8,apr,185,1,-1,0,unknown
31796,cellular,8,apr,426,2,-1,0,unknown
31797,cellular,8,apr,261,1,-1,0,unknown
31798,cellular,8,apr,233,1,-1,0,unknown
31799,cellular,8,apr,245,1,-1,0,unknown
31800,cellular,8,apr,67,1,-1,0,unknown
31801,cellular,8,apr,663,2,-1,0,unknown
31802,cellular,8,apr,114,1,-1,0,unknown
31803,cellular,8,apr,83,1,-1,0,unknown
31804,cellular,8,apr,195,6,-1,0,unknown
31805,cellular,8,apr,139,2,-1,0,unknown
31806,cellular,8,apr,180,2,-1,0,unknown
31807,cellular,8,apr,321,1,-1,0,unknown
31808,cellular,8,apr,34,3,-1,0,unknown
31809,cellular,8,apr,375,2,-1,0,unknown
31810,cellular,8,apr,201,2,-1,0,unknown
31811,cellular,8,apr,209,1,-1,0,unknown
31812,cellular,8,apr,167,1,-1,0,unknown
31813,cellular,8,apr,425,1,306,2,failure
31814,cellular,8,apr,58,1,-1,0,unknown
31815,cellular,8,apr,518,2,261,2,failure
31816,cellular,8,apr,74,1,-1,0,unknown
31817,telephone,8,apr,119,1,-1,0,unknown
31818,cellular,8,apr,250,1,-1,0,unknown
31819,cellular,8,apr,1190,1,141,3,other
31820,cellular,8,apr,110,1,-1,0,unknown
31821,cellular,8,apr,201,1,-1,0,unknown
31822,cellular,8,apr,405,1,-1,0,unknown
31823,cellular,8,apr,84,1,-1,0,unknown
31824,cellular,8,apr,229,1,313,1,failure
31825,cellular,8,apr,188,1,-1,0,unknown
31826,cellular,8,apr,216,1,-1,0,unknown
31827,cellular,8,apr,180,2,254,7,failure
31828,cellular,8,apr,326,1,-1,0,unknown
31829,cellular,8,apr,174,1,-1,0,unknown
31830,cellular,8,apr,249,1,-1,0,unknown
31831,cellular,8,apr,104,5,-1,0,unknown
31832,cellular,8,apr,169,1,231,2,failure
31833,cellular,8,apr,101,1,-1,0,unknown
31834,cellular,8,apr,108,2,-1,0,unknown
31835,cellular,8,apr,46,4,-1,0,unknown
31836,cellular,8,apr,303,1,300,1,failure
31837,cellular,8,apr,143,2,-1,0,unknown
31838,cellular,8,apr,179,2,-1,0,unknown
31839,cellular,8,apr,105,4,320,8,other
31840,cellular,8,apr,274,3,-1,0,unknown
31841,telephone,8,apr,690,7,-1,0,unknown
31842,cellular,8,apr,281,3,-1,0,unknown
31843,cellular,8,apr,575,2,-1,0,unknown
31844,cellular,8,apr,764,2,-1,0,unknown
31845,telephone,8,apr,93,2,-1,0,unknown
31846,cellular,8,apr,1665,3,-1,0,unknown
31847,cellular,8,apr,213,3,317,4,other
31848,cellular,8,apr,171,2,139,4,failure
31849,cellular,8,apr,548,2,-1,0,unknown
31850,cellular,8,apr,1691,2,264,3,failure
31851,cellular,8,apr,280,2,-1,0,unknown
31852,cellular,8,apr,142,4,-1,0,unknown
31853,cellular,8,apr,78,2,289,2,other
31854,cellular,8,apr,417,2,57,3,failure
31855,cellular,8,apr,902,2,-1,0,unknown
31856,cellular,8,apr,350,2,-1,0,unknown
31857,cellular,8,apr,101,2,-1,0,unknown
31858,cellular,8,apr,124,2,-1,0,unknown
31859,cellular,9,apr,162,4,295,3,failure
31860,cellular,9,apr,286,4,321,5,failure
31861,cellular,9,apr,68,3,140,2,failure
31862,cellular,9,apr,435,2,314,3,failure
31863,cellular,9,apr,312,2,-1,0,unknown
31864,telephone,9,apr,40,1,-1,0,unknown
31865,cellular,9,apr,820,2,-1,0,unknown
31866,cellular,9,apr,528,1,-1,0,unknown
31867,cellular,9,apr,105,1,323,1,failure
31868,cellular,9,apr,743,1,-1,0,unknown
31869,cellular,9,apr,89,1,330,1,failure
31870,cellular,9,apr,125,6,-1,0,unknown
31871,cellular,9,apr,592,4,316,3,failure
31872,cellular,9,apr,125,6,-1,0,unknown
31873,cellular,9,apr,207,1,-1,0,unknown
31874,cellular,9,apr,150,1,275,2,other
31875,cellular,9,apr,394,1,-1,0,unknown
31876,cellular,9,apr,85,1,325,1,other
31877,cellular,9,apr,448,2,316,6,failure
31878,cellular,9,apr,220,1,142,1,failure
31879,cellular,9,apr,113,1,-1,0,unknown
31880,cellular,9,apr,226,1,-1,0,unknown
31881,cellular,9,apr,241,1,336,1,failure
31882,cellular,9,apr,141,5,142,4,failure
31883,cellular,9,apr,730,1,-1,0,unknown
31884,cellular,9,apr,765,3,-1,0,unknown
31885,cellular,9,apr,311,1,336,1,failure
31886,cellular,9,apr,527,3,-1,0,unknown
31887,telephone,9,apr,126,4,-1,0,unknown
31888,cellular,9,apr,260,3,-1,0,unknown
31889,cellular,9,apr,304,1,-1,0,unknown
31890,cellular,9,apr,161,1,316,2,other
31891,cellular,9,apr,236,1,330,1,failure
31892,cellular,9,apr,272,1,323,1,failure
31893,cellular,9,apr,259,2,262,1,failure
31894,cellular,9,apr,278,3,-1,0,unknown
31895,cellular,9,apr,139,1,-1,0,unknown
31896,cellular,9,apr,429,2,-1,0,unknown
31897,cellular,9,apr,230,1,325,1,other
31898,cellular,9,apr,348,1,329,2,failure
31899,cellular,9,apr,96,4,314,8,other
31900,cellular,9,apr,109,2,339,2,failure
31901,cellular,9,apr,159,1,-1,0,unknown
31902,cellular,9,apr,104,1,-1,0,unknown
31903,cellular,9,apr,214,1,-1,0,unknown
31904,cellular,9,apr,184,1,-1,0,unknown
31905,cellular,9,apr,331,1,140,4,failure
31906,cellular,9,apr,191,4,-1,0,unknown
31907,cellular,9,apr,353,2,163,1,success
31908,cellular,9,apr,188,1,-1,0,unknown
31909,cellular,9,apr,169,2,-1,0,unknown
31910,cellular,9,apr,62,2,332,3,failure
31911,cellular,9,apr,466,2,141,5,failure
31912,cellular,9,apr,290,2,301,1,failure
31913,telephone,9,apr,327,2,140,1,failure
31914,cellular,9,apr,179,1,-1,0,unknown
31915,cellular,9,apr,464,1,-1,0,unknown
31916,cellular,9,apr,221,2,140,6,failure
31917,cellular,9,apr,494,1,-1,0,unknown
31918,cellular,9,apr,504,1,-1,0,unknown
31919,cellular,9,apr,233,1,-1,0,unknown
31920,cellular,9,apr,245,3,-1,0,unknown
31921,cellular,9,apr,132,1,-1,0,unknown
31922,cellular,9,apr,106,2,-1,0,unknown
31923,cellular,9,apr,339,1,-1,0,unknown
31924,cellular,9,apr,152,2,-1,0,unknown
31925,cellular,9,apr,268,1,330,1,failure
31926,cellular,9,apr,98,6,-1,0,unknown
31927,cellular,9,apr,121,5,315,3,other
31928,cellular,9,apr,337,2,-1,0,unknown
31929,cellular,9,apr,133,1,-1,0,unknown
31930,cellular,9,apr,90,2,-1,0,unknown
31931,cellular,9,apr,385,2,331,1,failure
31932,cellular,9,apr,543,3,321,6,failure
31933,cellular,9,apr,345,2,323,1,failure
31934,cellular,9,apr,317,5,-1,0,unknown
31935,cellular,9,apr,208,12,337,1,failure
31936,cellular,9,apr,175,1,-1,0,unknown
31937,cellular,9,apr,627,2,141,7,failure
31938,cellular,9,apr,233,4,-1,0,unknown
31939,cellular,9,apr,1042,2,315,2,other
31940,cellular,9,apr,490,2,-1,0,unknown
31941,cellular,9,apr,240,3,-1,0,unknown
31942,cellular,9,apr,275,2,140,2,failure
31943,cellular,9,apr,265,1,323,5,failure
31944,cellular,9,apr,236,1,336,1,failure
31945,cellular,13,apr,244,2,-1,0,unknown
31946,cellular,13,apr,160,3,-1,0,unknown
31947,cellular,13,apr,84,2,-1,0,unknown
31948,cellular,13,apr,101,3,-1,0,unknown
31949,cellular,13,apr,179,4,-1,0,unknown
31950,cellular,13,apr,297,3,-1,0,unknown
31951,cellular,13,apr,537,3,-1,0,unknown
31952,cellular,13,apr,299,3,-1,0,unknown
31953,cellular,13,apr,137,1,333,2,other
31954,cellular,13,apr,444,1,300,8,failure
31955,cellular,13,apr,348,3,256,2,failure
31956,cellular,13,apr,342,1,-1,0,unknown
31957,cellular,13,apr,186,1,327,2,failure
31958,cellular,13,apr,495,1,-1,0,unknown
31959,cellular,13,apr,185,2,-1,0,unknown
31960,cellular,13,apr,1036,1,-1,0,unknown
31961,cellular,13,apr,81,1,144,1,failure
31962,cellular,13,apr,1091,2,-1,0,unknown
31963,cellular,13,apr,681,3,-1,0,unknown
31964,cellular,13,apr,1006,2,-1,0,unknown
31965,cellular,13,apr,157,3,-1,0,unknown
31966,cellular,13,apr,754,3,143,6,failure
31967,cellular,13,apr,123,2,147,3,failure
31968,cellular,13,apr,470,2,334,1,failure
31969,cellular,13,apr,201,2,228,5,failure
31970,cellular,13,apr,542,2,340,2,other
31971,cellular,13,apr,363,2,327,1,failure
31972,cellular,13,apr,686,1,-1,0,unknown
31973,cellular,13,apr,136,1,334,1,failure
31974,cellular,13,apr,333,3,-1,0,unknown
31975,cellular,13,apr,217,3,327,1,failure
31976,cellular,13,apr,166,1,144,2,failure
31977,cellular,13,apr,520,2,319,1,failure
31978,cellular,13,apr,478,2,-1,0,unknown
31979,cellular,13,apr,294,1,-1,0,unknown
31980,cellular,13,apr,664,1,-1,0,unknown
31981,cellular,13,apr,421,1,-1,0,unknown
31982,cellular,13,apr,120,1,262,5,failure
31983,cellular,13,apr,263,3,-1,0,unknown
31984,cellular,13,apr,215,5,-1,0,unknown
31985,cellular,13,apr,384,2,-1,0,unknown
31986,cellular,13,apr,230,1,-1,0,unknown
31987,cellular,13,apr,407,1,-1,0,unknown
31988,cellular,13,apr,709,1,-1,0,unknown
31989,cellular,13,apr,231,1,-1,0,unknown
31990,cellular,13,apr,455,2,-1,0,unknown
31991,cellular,13,apr,251,1,-1,0,unknown
31992,cellular,13,apr,128,3,-1,0,unknown
31993,cellular,13,apr,199,2,146,1,failure
31994,cellular,13,apr,238,2,-1,0,unknown
31995,cellular,13,apr,222,3,-1,0,unknown
31996,cellular,13,apr,1022,2,-1,0,unknown
31997,cellular,13,apr,119,2,280,2,failure
31998,cellular,13,apr,151,1,-1,0,unknown
31999,cellular,13,apr,1058,1,17,1,failure
32000,cellular,13,apr,1101,2,-1,0,unknown
32001,cellular,13,apr,187,5,-1,0,unknown
32002,cellular,13,apr,211,2,-1,0,unknown
32003,cellular,13,apr,239,3,-1,0,unknown
32004,cellular,13,apr,81,3,-1,0,unknown
32005,cellular,13,apr,1232,3,146,1,other
32006,cellular,13,apr,158,4,-1,0,unknown
32007,cellular,13,apr,173,4,-1,0,unknown
32008,cellular,14,apr,119,2,-1,0,unknown
32009,telephone,14,apr,563,2,-1,0,unknown
32010,cellular,14,apr,142,2,-1,0,unknown
32011,cellular,14,apr,283,2,-1,0,unknown
32012,cellular,14,apr,129,1,-1,0,unknown
32013,telephone,14,apr,86,6,-1,0,unknown
32014,cellular,14,apr,259,1,-1,0,unknown
32015,cellular,14,apr,82,4,-1,0,unknown
32016,cellular,14,apr,565,2,-1,0,unknown
32017,cellular,14,apr,251,1,-1,0,unknown
32018,cellular,14,apr,262,1,-1,0,unknown
32019,cellular,14,apr,401,1,-1,0,unknown
32020,cellular,14,apr,269,3,328,1,failure
32021,cellular,14,apr,356,1,314,2,failure
32022,cellular,14,apr,283,3,-1,0,unknown
32023,cellular,14,apr,342,1,-1,0,unknown
32024,cellular,14,apr,427,4,144,1,failure
32025,cellular,14,apr,255,7,-1,0,unknown
32026,cellular,14,apr,110,1,263,1,failure
32027,cellular,14,apr,461,1,-1,0,unknown
32028,cellular,14,apr,535,3,328,1,failure
32029,cellular,14,apr,145,1,-1,0,unknown
32030,telephone,14,apr,111,3,326,2,failure
32031,telephone,14,apr,266,3,-1,0,unknown
32032,telephone,14,apr,118,6,-1,0,unknown
32033,cellular,14,apr,391,1,-1,0,unknown
32034,cellular,14,apr,1126,1,335,1,failure
32035,cellular,14,apr,142,1,-1,0,unknown
32036,cellular,14,apr,855,1,-1,0,unknown
32037,cellular,14,apr,344,1,74,2,failure
32038,cellular,14,apr,125,1,-1,0,unknown
32039,cellular,14,apr,850,2,-1,0,unknown
32040,cellular,14,apr,85,1,322,1,failure
32041,cellular,14,apr,441,2,-1,0,unknown
32042,telephone,14,apr,104,1,146,1,failure
32043,cellular,14,apr,179,1,334,1,other
32044,cellular,14,apr,114,1,-1,0,unknown
32045,cellular,14,apr,114,1,-1,0,unknown
32046,cellular,14,apr,1073,1,-1,0,unknown
32047,cellular,14,apr,553,2,316,1,other
32048,telephone,14,apr,226,5,-1,0,unknown
32049,cellular,14,apr,94,5,145,3,other
32050,cellular,14,apr,1594,1,148,1,failure
32051,cellular,14,apr,450,1,-1,0,unknown
32052,cellular,14,apr,114,2,-1,0,unknown
32053,cellular,14,apr,461,2,335,1,failure
32054,cellular,14,apr,297,2,-1,0,unknown
32055,cellular,14,apr,505,1,-1,0,unknown
32056,cellular,14,apr,163,2,-1,0,unknown
32057,cellular,14,apr,163,3,271,2,failure
32058,cellular,14,apr,133,2,-1,0,unknown
32059,cellular,14,apr,184,1,-1,0,unknown
32060,cellular,14,apr,168,1,-1,0,unknown
32061,cellular,14,apr,314,1,-1,0,unknown
32062,cellular,14,apr,72,1,-1,0,unknown
32063,cellular,14,apr,178,1,-1,0,unknown
32064,cellular,14,apr,232,1,-1,0,unknown
32065,cellular,14,apr,324,1,-1,0,unknown
32066,cellular,14,apr,252,5,-1,0,unknown
32067,cellular,14,apr,584,1,-1,0,unknown
32068,cellular,14,apr,161,1,-1,0,unknown
32069,cellular,14,apr,496,1,-1,0,unknown
32070,cellular,14,apr,232,1,147,2,failure
32071,cellular,14,apr,332,3,-1,0,unknown
32072,cellular,14,apr,111,1,-1,0,unknown
32073,cellular,14,apr,308,2,-1,0,unknown
32074,telephone,14,apr,129,2,-1,0,unknown
32075,cellular,14,apr,247,1,-1,0,unknown
32076,cellular,14,apr,107,3,-1,0,unknown
32077,cellular,14,apr,424,2,147,3,failure
32078,cellular,14,apr,259,2,145,3,failure
32079,cellular,14,apr,258,8,-1,0,unknown
32080,cellular,14,apr,216,1,-1,0,unknown
32081,cellular,14,apr,493,3,-1,0,unknown
32082,cellular,14,apr,115,1,-1,0,unknown
32083,cellular,14,apr,104,3,-1,0,unknown
32084,cellular,14,apr,119,2,337,2,failure
32085,cellular,14,apr,706,2,-1,0,unknown
32086,cellular,14,apr,44,2,-1,0,unknown
32087,cellular,14,apr,101,5,-1,0,unknown
32088,cellular,14,apr,207,2,-1,0,unknown
32089,telephone,14,apr,300,3,-1,0,unknown
32090,cellular,14,apr,422,4,-1,0,unknown
32091,telephone,14,apr,61,3,-1,0,unknown
32092,cellular,14,apr,108,2,-1,0,unknown
32093,telephone,14,apr,427,2,-1,0,unknown
32094,cellular,14,apr,225,4,319,1,failure
32095,cellular,14,apr,608,2,-1,0,unknown
32096,cellular,14,apr,189,2,-1,0,unknown
32097,cellular,15,apr,201,6,272,3,failure
32098,cellular,15,apr,61,3,-1,0,unknown
32099,cellular,15,apr,223,2,-1,0,unknown
32100,cellular,15,apr,238,3,323,2,failure
32101,cellular,15,apr,431,2,-1,0,unknown
32102,cellular,15,apr,226,2,-1,0,unknown
32103,cellular,15,apr,1372,4,-1,0,unknown
32104,cellular,15,apr,343,2,146,1,failure
32105,cellular,15,apr,141,12,-1,0,unknown
32106,telephone,15,apr,165,2,327,3,failure
32107,cellular,15,apr,139,2,-1,0,unknown
32108,cellular,15,apr,332,2,-1,0,unknown
32109,cellular,15,apr,87,2,-1,0,unknown
32110,cellular,15,apr,82,1,-1,0,unknown
32111,cellular,15,apr,903,2,341,2,failure
32112,cellular,15,apr,282,2,-1,0,unknown
32113,cellular,15,apr,389,2,299,4,failure
32114,cellular,15,apr,636,3,330,1,failure
32115,cellular,15,apr,651,4,-1,0,unknown
32116,cellular,15,apr,692,1,-1,0,unknown
32117,cellular,15,apr,179,3,-1,0,unknown
32118,cellular,15,apr,217,2,-1,0,unknown
32119,cellular,15,apr,253,2,-1,0,unknown
32120,cellular,15,apr,139,1,-1,0,unknown
32121,cellular,15,apr,417,1,-1,0,unknown
32122,cellular,15,apr,154,1,-1,0,unknown
32123,cellular,15,apr,115,3,258,2,failure
32124,cellular,15,apr,601,1,-1,0,unknown
32125,cellular,15,apr,169,1,316,3,failure
32126,telephone,15,apr,44,1,-1,0,unknown
32127,cellular,15,apr,349,1,-1,0,unknown
32128,cellular,15,apr,225,2,-1,0,unknown
32129,cellular,15,apr,103,2,-1,0,unknown
32130,cellular,15,apr,75,1,146,1,failure
32131,cellular,15,apr,251,1,-1,0,unknown
32132,cellular,15,apr,609,1,-1,0,unknown
32133,cellular,15,apr,134,1,-1,0,unknown
32134,cellular,15,apr,301,1,316,1,failure
32135,cellular,15,apr,166,1,-1,0,unknown
32136,cellular,15,apr,177,1,-1,0,unknown
32137,cellular,15,apr,126,1,148,6,failure
32138,cellular,15,apr,56,1,323,3,failure
32139,cellular,15,apr,85,1,-1,0,unknown
32140,cellular,15,apr,149,1,268,2,other
32141,cellular,15,apr,110,1,-1,0,unknown
32142,cellular,15,apr,187,1,-1,0,unknown
32143,cellular,15,apr,114,1,-1,0,unknown
32144,cellular,15,apr,1217,3,-1,0,unknown
32145,cellular,15,apr,107,1,148,4,failure
32146,cellular,15,apr,389,2,-1,0,unknown
32147,cellular,15,apr,375,2,344,1,failure
32148,cellular,15,apr,171,1,-1,0,unknown
32149,cellular,15,apr,125,2,-1,0,unknown
32150,cellular,15,apr,412,2,-1,0,unknown
32151,cellular,15,apr,871,1,-1,0,unknown
32152,cellular,15,apr,668,1,-1,0,unknown
32153,cellular,15,apr,120,1,-1,0,unknown
32154,cellular,15,apr,437,1,264,1,failure
32155,cellular,15,apr,135,1,-1,0,unknown
32156,cellular,15,apr,942,2,-1,0,unknown
32157,cellular,15,apr,358,1,-1,0,unknown
32158,cellular,15,apr,82,1,145,1,failure
32159,cellular,15,apr,465,1,-1,0,unknown
32160,telephone,15,apr,170,3,-1,0,unknown
32161,cellular,15,apr,953,1,-1,0,unknown
32162,cellular,15,apr,563,1,-1,0,unknown
32163,cellular,15,apr,469,1,-1,0,unknown
32164,cellular,15,apr,99,1,-1,0,unknown
32165,cellular,15,apr,442,1,-1,0,unknown
32166,cellular,15,apr,54,1,-1,0,unknown
32167,cellular,15,apr,1038,2,-1,0,unknown
32168,cellular,15,apr,1187,2,320,2,success
32169,telephone,15,apr,117,1,-1,0,unknown
32170,telephone,15,apr,85,2,-1,0,unknown
32171,cellular,15,apr,362,1,271,1,failure
32172,cellular,15,apr,239,2,320,2,failure
32173,cellular,15,apr,171,2,-1,0,unknown
32174,cellular,15,apr,103,2,-1,0,unknown
32175,cellular,15,apr,397,2,337,1,failure
32176,cellular,15,apr,309,2,-1,0,unknown
32177,cellular,15,apr,185,2,-1,0,unknown
32178,cellular,15,apr,520,3,146,2,failure
32179,cellular,15,apr,139,5,145,9,failure
32180,cellular,15,apr,244,3,-1,0,unknown
32181,cellular,15,apr,266,2,-1,0,unknown
32182,cellular,15,apr,623,2,146,4,failure
32183,telephone,15,apr,358,2,-1,0,unknown
32184,cellular,15,apr,110,3,-1,0,unknown
32185,cellular,15,apr,162,2,-1,0,unknown
32186,cellular,15,apr,80,3,-1,0,unknown
32187,cellular,15,apr,158,2,329,1,failure
32188,cellular,15,apr,313,3,145,5,other
32189,cellular,15,apr,540,3,271,3,success
32190,cellular,15,apr,140,4,327,2,failure
32191,cellular,15,apr,190,2,-1,0,unknown
32192,cellular,15,apr,264,2,-1,0,unknown
32193,cellular,16,apr,87,2,-1,0,unknown
32194,cellular,16,apr,838,3,-1,0,unknown
32195,cellular,16,apr,144,4,-1,0,unknown
32196,cellular,16,apr,78,2,-1,0,unknown
32197,cellular,16,apr,55,4,335,3,other
32198,cellular,16,apr,206,4,-1,0,unknown
32199,cellular,16,apr,648,1,272,1,other
32200,cellular,16,apr,251,2,266,3,other
32201,cellular,16,apr,370,1,146,3,failure
32202,cellular,16,apr,334,2,-1,0,unknown
32203,cellular,16,apr,137,1,300,1,failure
32204,telephone,16,apr,122,3,-1,0,unknown
32205,cellular,16,apr,445,1,148,2,other
32206,cellular,16,apr,176,1,330,2,failure
32207,cellular,16,apr,827,1,149,1,failure
32208,cellular,16,apr,258,1,316,2,failure
32209,cellular,16,apr,67,5,149,2,other
32210,cellular,16,apr,199,2,146,2,failure
32211,cellular,16,apr,124,1,-1,0,unknown
32212,cellular,16,apr,208,1,-1,0,unknown
32213,cellular,16,apr,185,1,330,1,failure
32214,cellular,16,apr,243,1,336,1,failure
32215,cellular,16,apr,346,1,234,3,failure
32216,telephone,16,apr,262,6,316,1,other
32217,cellular,16,apr,198,2,-1,0,unknown
32218,cellular,16,apr,461,2,321,1,failure
32219,cellular,16,apr,82,1,-1,0,unknown
32220,cellular,16,apr,284,1,336,1,failure
32221,cellular,16,apr,204,1,328,2,failure
32222,cellular,16,apr,35,1,-1,0,unknown
32223,cellular,16,apr,291,1,332,3,failure
32224,cellular,16,apr,152,1,-1,0,unknown
32225,cellular,16,apr,201,1,-1,0,unknown
32226,cellular,16,apr,297,1,-1,0,unknown
32227,cellular,16,apr,232,1,335,1,failure
32228,cellular,16,apr,250,1,-1,0,unknown
32229,cellular,16,apr,479,1,330,1,failure
32230,cellular,16,apr,324,1,342,1,failure
32231,cellular,16,apr,288,3,324,1,other
32232,cellular,16,apr,404,1,-1,0,unknown
32233,cellular,16,apr,156,1,336,1,other
32234,cellular,16,apr,60,1,342,1,failure
32235,cellular,16,apr,240,1,-1,0,unknown
32236,cellular,16,apr,700,1,-1,0,unknown
32237,cellular,16,apr,403,1,-1,0,unknown
32238,cellular,16,apr,114,1,148,1,failure
32239,cellular,16,apr,35,1,-1,0,unknown
32240,cellular,16,apr,188,1,147,1,failure
32241,cellular,16,apr,618,1,-1,0,unknown
32242,cellular,16,apr,528,1,-1,0,unknown
32243,cellular,16,apr,104,1,332,2,failure
32244,cellular,16,apr,622,1,-1,0,unknown
32245,cellular,16,apr,130,1,148,1,failure
32246,cellular,16,apr,583,1,147,1,success
32247,cellular,16,apr,18,3,273,1,failure
32248,cellular,16,apr,91,1,-1,0,unknown
32249,cellular,16,apr,327,1,-1,0,unknown
32250,cellular,16,apr,743,1,-1,0,unknown
32251,cellular,16,apr,283,1,-1,0,unknown
32252,cellular,16,apr,39,1,342,3,failure
32253,cellular,16,apr,172,2,-1,0,unknown
32254,cellular,16,apr,242,1,-1,0,unknown
32255,cellular,16,apr,30,1,-1,0,unknown
32256,cellular,16,apr,198,1,268,2,failure
32257,cellular,16,apr,474,2,-1,0,unknown
32258,cellular,16,apr,275,1,318,1,other
32259,cellular,16,apr,361,1,339,1,failure
32260,cellular,16,apr,166,1,-1,0,unknown
32261,cellular,16,apr,253,1,332,1,failure
32262,cellular,16,apr,309,1,317,1,failure
32263,cellular,16,apr,350,1,147,1,failure
32264,cellular,16,apr,339,1,-1,0,unknown
32265,cellular,16,apr,498,1,-1,0,unknown
32266,cellular,16,apr,139,1,-1,0,unknown
32267,cellular,16,apr,77,3,-1,0,unknown
32268,cellular,16,apr,300,1,-1,0,unknown
32269,cellular,16,apr,58,3,-1,0,unknown
32270,cellular,16,apr,125,2,-1,0,unknown
32271,cellular,16,apr,34,1,-1,0,unknown
32272,cellular,16,apr,191,2,322,3,failure
32273,cellular,16,apr,1579,1,234,4,failure
32274,cellular,16,apr,493,1,317,12,failure
32275,cellular,16,apr,228,2,-1,0,unknown
32276,cellular,16,apr,443,1,-1,0,unknown
32277,cellular,16,apr,316,1,146,4,failure
32278,cellular,16,apr,177,1,-1,0,unknown
32279,cellular,16,apr,35,1,-1,0,unknown
32280,cellular,16,apr,555,1,-1,0,unknown
32281,cellular,16,apr,495,1,-1,0,unknown
32282,telephone,16,apr,100,1,-1,0,unknown
32283,cellular,16,apr,150,1,-1,0,unknown
32284,cellular,16,apr,617,1,322,4,failure
32285,cellular,16,apr,352,1,-1,0,unknown
32286,cellular,16,apr,211,1,-1,0,unknown
32287,cellular,16,apr,99,1,148,1,failure
32288,cellular,16,apr,1034,1,-1,0,unknown
32289,cellular,16,apr,177,1,-1,0,unknown
32290,cellular,16,apr,156,1,147,7,other
32291,cellular,16,apr,137,1,-1,0,unknown
32292,cellular,16,apr,268,1,331,1,failure
32293,cellular,16,apr,270,1,147,2,failure
32294,cellular,16,apr,54,1,-1,0,unknown
32295,cellular,16,apr,670,1,-1,0,unknown
32296,cellular,16,apr,1366,1,-1,0,unknown
32297,cellular,16,apr,75,2,-1,0,unknown
32298,cellular,16,apr,176,1,-1,0,unknown
32299,cellular,16,apr,60,1,-1,0,unknown
32300,cellular,16,apr,49,1,-1,0,unknown
32301,telephone,16,apr,1366,1,150,1,failure
32302,cellular,16,apr,517,1,255,1,failure
32303,cellular,16,apr,432,1,150,1,failure
32304,cellular,16,apr,172,1,-1,0,unknown
32305,cellular,16,apr,298,4,-1,0,unknown
32306,cellular,16,apr,536,1,-1,0,unknown
32307,cellular,16,apr,117,1,-1,0,unknown
32308,cellular,16,apr,323,1,-1,0,unknown
32309,cellular,16,apr,1174,1,345,4,other
32310,cellular,16,apr,284,1,317,4,failure
32311,telephone,16,apr,272,2,321,7,failure
32312,cellular,16,apr,165,3,-1,0,unknown
32313,cellular,16,apr,444,2,-1,0,unknown
32314,cellular,16,apr,244,1,-1,0,unknown
32315,cellular,16,apr,152,1,336,1,failure
32316,cellular,16,apr,150,1,-1,0,unknown
32317,cellular,16,apr,126,2,149,8,failure
32318,cellular,16,apr,693,2,-1,0,unknown
32319,cellular,16,apr,129,1,-1,0,unknown
32320,cellular,16,apr,144,1,328,2,other
32321,telephone,16,apr,159,1,-1,0,unknown
32322,cellular,16,apr,257,2,148,1,failure
32323,cellular,16,apr,76,3,-1,0,unknown
32324,cellular,16,apr,1463,2,-1,0,unknown
32325,cellular,16,apr,218,1,330,2,failure
32326,cellular,16,apr,570,2,-1,0,unknown
32327,cellular,16,apr,174,2,147,6,failure
32328,cellular,16,apr,219,1,273,1,failure
32329,cellular,16,apr,462,1,328,2,other
32330,cellular,16,apr,76,4,-1,0,unknown
32331,cellular,16,apr,281,1,342,2,other
32332,cellular,16,apr,227,1,-1,0,unknown
32333,cellular,16,apr,130,1,323,1,other
32334,cellular,16,apr,867,1,-1,0,unknown
32335,cellular,16,apr,178,1,-1,0,unknown
32336,cellular,16,apr,495,1,-1,0,unknown
32337,cellular,16,apr,62,1,323,1,failure
32338,cellular,16,apr,667,1,-1,0,unknown
32339,cellular,16,apr,266,1,-1,0,unknown
32340,cellular,16,apr,114,4,-1,0,unknown
32341,cellular,16,apr,102,2,149,5,other
32342,cellular,16,apr,94,1,317,2,failure
32343,cellular,16,apr,563,1,-1,0,unknown
32344,cellular,16,apr,198,1,-1,0,unknown
32345,cellular,16,apr,118,2,336,1,failure
32346,cellular,16,apr,314,2,331,1,failure
32347,cellular,16,apr,66,1,346,1,failure
32348,cellular,16,apr,483,2,-1,0,unknown
32349,cellular,16,apr,127,1,-1,0,unknown
32350,telephone,16,apr,140,2,324,4,failure
32351,cellular,16,apr,567,1,-1,0,unknown
32352,cellular,16,apr,308,1,-1,0,unknown
32353,cellular,16,apr,44,1,-1,0,unknown
32354,cellular,16,apr,168,1,-1,0,unknown
32355,telephone,16,apr,130,1,-1,0,unknown
32356,cellular,16,apr,96,1,-1,0,unknown
32357,cellular,16,apr,453,1,-1,0,unknown
32358,cellular,16,apr,249,2,-1,0,unknown
32359,cellular,16,apr,105,2,-1,0,unknown
32360,cellular,16,apr,75,1,-1,0,unknown
32361,cellular,16,apr,144,2,-1,0,unknown
32362,cellular,16,apr,357,2,-1,0,unknown
32363,cellular,16,apr,285,5,-1,0,unknown
32364,cellular,16,apr,700,5,-1,0,unknown
32365,cellular,16,apr,317,2,149,1,failure
32366,cellular,16,apr,257,2,146,9,other
32367,cellular,16,apr,487,3,-1,0,unknown
32368,cellular,16,apr,235,2,335,2,failure
32369,cellular,16,apr,241,2,317,1,failure
32370,cellular,16,apr,125,2,-1,0,unknown
32371,cellular,16,apr,772,4,-1,0,unknown
32372,cellular,16,apr,114,2,304,2,failure
32373,cellular,16,apr,657,4,149,1,other
32374,cellular,16,apr,262,2,-1,0,unknown
32375,cellular,16,apr,123,3,265,13,success
32376,cellular,16,apr,132,2,-1,0,unknown
32377,cellular,16,apr,255,2,318,5,other
32378,cellular,16,apr,375,2,-1,0,unknown
32379,cellular,16,apr,386,2,-1,0,unknown
32380,cellular,16,apr,341,2,336,3,other
32381,cellular,16,apr,280,2,147,3,failure
32382,cellular,16,apr,302,2,248,2,failure
32383,cellular,16,apr,1018,2,-1,0,unknown
32384,cellular,16,apr,399,2,269,2,failure
32385,cellular,16,apr,567,2,-1,0,unknown
32386,cellular,16,apr,91,2,268,1,failure
32387,cellular,16,apr,122,4,149,2,failure
32388,cellular,16,apr,901,2,-1,0,unknown
32389,cellular,16,apr,640,2,-1,0,unknown
32390,cellular,16,apr,417,2,-1,0,unknown
32391,cellular,16,apr,1365,2,328,1,failure
32392,cellular,16,apr,194,2,-1,0,unknown
32393,cellular,16,apr,316,2,-1,0,unknown
32394,cellular,16,apr,184,2,-1,0,unknown
32395,cellular,16,apr,176,3,-1,0,unknown
32396,cellular,16,apr,71,2,330,2,failure
32397,telephone,16,apr,63,2,150,4,failure
32398,cellular,16,apr,433,2,-1,0,unknown
32399,cellular,16,apr,323,2,321,2,failure
32400,cellular,16,apr,127,2,-1,0,unknown
32401,cellular,16,apr,449,2,-1,0,unknown
32402,cellular,16,apr,472,2,-1,0,unknown
32403,cellular,16,apr,1007,3,325,4,failure
32404,cellular,16,apr,383,3,345,1,failure
32405,cellular,16,apr,256,3,339,2,failure
32406,telephone,16,apr,668,3,147,1,failure
32407,cellular,16,apr,667,2,-1,0,unknown
32408,cellular,16,apr,215,3,321,3,other
32409,cellular,16,apr,348,2,266,1,other
32410,cellular,16,apr,792,2,-1,0,unknown
32411,cellular,16,apr,173,2,-1,0,unknown
32412,telephone,16,apr,55,2,-1,0,unknown
32413,cellular,16,apr,282,2,259,4,other
32414,telephone,16,apr,198,3,-1,0,unknown
32415,cellular,16,apr,86,1,269,3,other
32416,cellular,16,apr,104,1,267,1,failure
32417,cellular,16,apr,408,2,231,16,other
32418,cellular,16,apr,370,3,282,2,failure
32419,cellular,16,apr,48,4,146,5,failure
32420,cellular,16,apr,316,2,-1,0,unknown
32421,cellular,16,apr,279,3,148,1,failure
32422,cellular,16,apr,225,1,146,4,success
32423,cellular,16,apr,948,1,-1,0,unknown
32424,cellular,16,apr,299,2,-1,0,unknown
32425,telephone,16,apr,193,1,314,4,other
32426,cellular,16,apr,804,2,262,5,failure
32427,cellular,16,apr,211,3,-1,0,unknown
32428,cellular,16,apr,399,1,-1,0,unknown
32429,cellular,16,apr,691,1,-1,0,unknown
32430,cellular,16,apr,344,1,-1,0,unknown
32431,cellular,16,apr,539,1,-1,0,unknown
32432,cellular,16,apr,258,1,-1,0,unknown
32433,cellular,16,apr,161,1,-1,0,unknown
32434,cellular,16,apr,284,1,-1,0,unknown
32435,cellular,16,apr,580,1,317,2,failure
32436,cellular,16,apr,137,2,-1,0,unknown
32437,cellular,16,apr,119,1,314,5,success
32438,cellular,16,apr,296,1,-1,0,unknown
32439,cellular,16,apr,169,1,-1,0,unknown
32440,cellular,16,apr,115,2,146,5,failure
32441,cellular,16,apr,81,2,-1,0,unknown
32442,cellular,16,apr,429,1,-1,0,unknown
32443,cellular,16,apr,478,2,-1,0,unknown
32444,cellular,16,apr,75,1,-1,0,unknown
32445,cellular,16,apr,466,4,-1,0,unknown
32446,cellular,16,apr,263,1,-1,0,unknown
32447,telephone,16,apr,287,1,-1,0,unknown
32448,cellular,16,apr,304,1,-1,0,unknown
32449,cellular,16,apr,772,1,-1,0,unknown
32450,cellular,16,apr,263,1,-1,0,unknown
32451,telephone,16,apr,127,7,-1,0,unknown
32452,cellular,16,apr,432,1,-1,0,unknown
32453,cellular,16,apr,332,2,317,3,failure
32454,cellular,16,apr,829,1,-1,0,unknown
32455,cellular,16,apr,614,1,281,1,failure
32456,cellular,16,apr,301,3,-1,0,unknown
32457,cellular,16,apr,102,1,148,5,other
32458,cellular,16,apr,797,1,-1,0,unknown
32459,cellular,16,apr,348,3,-1,0,unknown
32460,cellular,16,apr,1410,1,325,2,failure
32461,cellular,16,apr,633,3,248,2,other
32462,cellular,16,apr,944,1,318,1,failure
32463,cellular,16,apr,551,2,-1,0,unknown
32464,cellular,16,apr,340,1,281,1,failure
32465,telephone,16,apr,201,2,330,8,other
32466,cellular,16,apr,427,1,150,1,failure
32467,cellular,16,apr,635,1,-1,0,unknown
32468,cellular,16,apr,472,1,-1,0,unknown
32469,cellular,16,apr,237,1,-1,0,unknown
32470,cellular,16,apr,561,3,-1,0,unknown
32471,cellular,16,apr,1156,1,345,2,failure
32472,cellular,16,apr,307,1,-1,0,unknown
32473,cellular,17,apr,46,4,-1,0,unknown
32474,cellular,17,apr,71,2,-1,0,unknown
32475,telephone,17,apr,109,3,-1,0,unknown
32476,cellular,17,apr,266,2,-1,0,unknown
32477,cellular,17,apr,110,1,260,5,failure
32478,cellular,17,apr,377,2,-1,0,unknown
32479,cellular,17,apr,81,1,345,2,failure
32480,cellular,17,apr,245,1,149,2,failure
32481,telephone,17,apr,377,2,-1,0,unknown
32482,cellular,17,apr,360,1,-1,0,unknown
32483,cellular,17,apr,430,1,-1,0,unknown
32484,cellular,17,apr,193,1,329,1,failure
32485,cellular,17,apr,271,1,150,1,failure
32486,cellular,17,apr,282,1,-1,0,unknown
32487,cellular,17,apr,390,1,316,1,failure
32488,cellular,17,apr,226,1,326,3,failure
32489,cellular,17,apr,260,1,281,1,other
32490,cellular,17,apr,109,1,-1,0,unknown
32491,cellular,17,apr,252,1,326,1,failure
32492,cellular,17,apr,125,4,-1,0,unknown
32493,cellular,17,apr,225,1,-1,0,unknown
32494,cellular,17,apr,620,1,-1,0,unknown
32495,cellular,17,apr,557,1,-1,0,unknown
32496,cellular,17,apr,41,1,324,1,other
32497,cellular,17,apr,50,1,-1,0,unknown
32498,cellular,17,apr,239,3,329,2,failure
32499,cellular,17,apr,261,3,322,1,other
32500,cellular,17,apr,222,1,326,1,failure
32501,cellular,17,apr,37,1,343,2,failure
32502,cellular,17,apr,180,2,-1,0,unknown
32503,cellular,17,apr,80,1,338,1,other
32504,cellular,17,apr,30,1,-1,0,unknown
32505,cellular,17,apr,156,1,305,6,other
32506,cellular,17,apr,345,1,-1,0,unknown
32507,cellular,17,apr,439,1,-1,0,unknown
32508,cellular,17,apr,118,1,-1,0,unknown
32509,cellular,17,apr,46,1,-1,0,unknown
32510,cellular,17,apr,85,1,339,6,other
32511,cellular,17,apr,233,2,-1,0,unknown
32512,cellular,17,apr,249,1,-1,0,unknown
32513,cellular,17,apr,179,1,-1,0,unknown
32514,cellular,17,apr,52,1,-1,0,unknown
32515,cellular,17,apr,112,1,332,3,failure
32516,cellular,17,apr,392,1,-1,0,unknown
32517,cellular,17,apr,467,1,-1,0,unknown
32518,cellular,17,apr,113,2,-1,0,unknown
32519,cellular,17,apr,119,1,-1,0,unknown
32520,telephone,17,apr,98,1,-1,0,unknown
32521,cellular,17,apr,402,1,345,2,failure
32522,cellular,17,apr,408,1,329,2,failure
32523,cellular,17,apr,85,1,151,1,failure
32524,cellular,17,apr,76,1,-1,0,unknown
32525,cellular,17,apr,224,1,322,3,failure
32526,cellular,17,apr,294,1,319,4,failure
32527,cellular,17,apr,18,1,-1,0,unknown
32528,cellular,17,apr,420,1,-1,0,unknown
32529,cellular,17,apr,346,1,-1,0,unknown
32530,cellular,17,apr,198,1,-1,0,unknown
32531,cellular,17,apr,175,1,332,1,failure
32532,cellular,17,apr,108,1,-1,0,unknown
32533,cellular,17,apr,114,1,345,2,failure
32534,cellular,17,apr,552,1,332,1,failure
32535,cellular,17,apr,142,1,-1,0,unknown
32536,cellular,17,apr,155,1,-1,0,unknown
32537,cellular,17,apr,238,1,326,3,failure
32538,cellular,17,apr,416,1,340,5,failure
32539,cellular,17,apr,86,1,-1,0,unknown
32540,cellular,17,apr,71,2,345,2,success
32541,cellular,17,apr,599,2,-1,0,unknown
32542,cellular,17,apr,41,1,301,4,other
32543,cellular,17,apr,582,1,-1,0,unknown
32544,cellular,17,apr,210,1,-1,0,unknown
32545,cellular,17,apr,287,1,-1,0,unknown
32546,cellular,17,apr,294,1,275,2,failure
32547,cellular,17,apr,236,3,-1,0,unknown
32548,cellular,17,apr,282,2,150,2,failure
32549,cellular,17,apr,416,1,-1,0,unknown
32550,cellular,17,apr,612,1,148,1,failure
32551,cellular,17,apr,177,1,-1,0,unknown
32552,cellular,17,apr,799,1,-1,0,unknown
32553,cellular,17,apr,678,1,-1,0,unknown
32554,cellular,17,apr,150,1,-1,0,unknown
32555,cellular,17,apr,199,2,337,2,failure
32556,cellular,17,apr,135,1,-1,0,unknown
32557,cellular,17,apr,709,1,-1,0,unknown
32558,cellular,17,apr,198,5,331,1,failure
32559,cellular,17,apr,156,1,273,3,failure
32560,cellular,17,apr,462,1,-1,0,unknown
32561,cellular,17,apr,77,3,338,3,failure
32562,cellular,17,apr,203,1,-1,0,unknown
32563,cellular,17,apr,486,2,-1,0,unknown
32564,cellular,17,apr,341,1,-1,0,unknown
32565,cellular,17,apr,267,2,322,1,failure
32566,telephone,17,apr,246,1,317,1,failure
32567,cellular,17,apr,1017,1,325,1,other
32568,cellular,17,apr,313,1,147,2,failure
32569,cellular,17,apr,115,1,-1,0,unknown
32570,cellular,17,apr,135,1,270,2,failure
32571,cellular,17,apr,377,1,-1,0,unknown
32572,cellular,17,apr,351,1,337,3,failure
32573,cellular,17,apr,126,1,336,2,other
32574,cellular,17,apr,456,1,331,1,failure
32575,cellular,17,apr,76,1,343,2,failure
32576,cellular,17,apr,39,2,324,1,other
32577,cellular,17,apr,306,1,-1,0,unknown
32578,cellular,17,apr,239,1,147,4,failure
32579,cellular,17,apr,406,1,317,1,failure
32580,cellular,17,apr,292,2,-1,0,unknown
32581,cellular,17,apr,873,1,-1,0,unknown
32582,cellular,17,apr,514,1,-1,0,unknown
32583,cellular,17,apr,385,5,-1,0,unknown
32584,cellular,17,apr,468,1,-1,0,unknown
32585,cellular,17,apr,1095,1,274,5,success
32586,cellular,17,apr,122,1,343,1,failure
32587,cellular,17,apr,172,1,-1,0,unknown
32588,cellular,17,apr,185,1,336,2,other
32589,cellular,17,apr,452,3,-1,0,unknown
32590,cellular,17,apr,196,1,-1,0,unknown
32591,cellular,17,apr,88,1,-1,0,unknown
32592,cellular,17,apr,31,3,338,5,failure
32593,cellular,17,apr,268,1,270,1,failure
32594,cellular,17,apr,279,1,-1,0,unknown
32595,cellular,17,apr,143,1,-1,0,unknown
32596,cellular,17,apr,728,1,316,3,other
32597,cellular,17,apr,283,1,317,2,other
32598,cellular,17,apr,357,1,-1,0,unknown
32599,cellular,17,apr,250,1,324,2,failure
32600,cellular,17,apr,151,1,-1,0,unknown
32601,cellular,17,apr,400,3,-1,0,unknown
32602,cellular,17,apr,231,1,149,4,failure
32603,cellular,17,apr,952,1,343,1,failure
32604,cellular,17,apr,365,1,324,1,failure
32605,cellular,17,apr,388,1,-1,0,unknown
32606,cellular,17,apr,664,1,319,4,failure
32607,cellular,17,apr,73,1,-1,0,unknown
32608,cellular,17,apr,508,1,315,11,success
32609,cellular,17,apr,494,1,-1,0,unknown
32610,telephone,17,apr,421,2,324,24,failure
32611,cellular,17,apr,251,1,263,2,failure
32612,cellular,17,apr,54,1,-1,0,unknown
32613,cellular,17,apr,832,2,-1,0,unknown
32614,cellular,17,apr,101,1,269,2,failure
32615,cellular,17,apr,303,1,-1,0,unknown
32616,cellular,17,apr,79,1,325,2,other
32617,cellular,17,apr,113,1,319,2,failure
32618,cellular,17,apr,268,1,333,1,failure
32619,cellular,17,apr,172,1,-1,0,unknown
32620,cellular,17,apr,314,1,-1,0,unknown
32621,cellular,17,apr,517,1,-1,0,unknown
32622,cellular,17,apr,237,1,-1,0,unknown
32623,cellular,17,apr,981,2,-1,0,unknown
32624,cellular,17,apr,531,1,339,1,other
32625,cellular,17,apr,58,1,316,1,other
32626,cellular,17,apr,106,1,-1,0,unknown
32627,cellular,17,apr,351,1,-1,0,unknown
32628,cellular,17,apr,69,1,322,2,failure
32629,cellular,17,apr,141,1,323,3,failure
32630,cellular,17,apr,97,1,-1,0,unknown
32631,cellular,17,apr,112,1,-1,0,unknown
32632,cellular,17,apr,72,1,346,1,other
32633,cellular,17,apr,516,1,-1,0,unknown
32634,cellular,17,apr,306,1,-1,0,unknown
32635,cellular,17,apr,396,1,-1,0,unknown
32636,cellular,17,apr,351,1,-1,0,unknown
32637,cellular,17,apr,224,1,-1,0,unknown
32638,cellular,17,apr,28,1,345,1,failure
32639,cellular,17,apr,47,1,338,1,failure
32640,cellular,17,apr,204,1,-1,0,unknown
32641,cellular,17,apr,203,1,-1,0,unknown
32642,cellular,17,apr,264,1,317,1,failure
32643,cellular,17,apr,57,1,-1,0,unknown
32644,cellular,17,apr,183,1,338,2,failure
32645,cellular,17,apr,139,1,346,2,failure
32646,cellular,17,apr,139,2,318,1,failure
32647,cellular,17,apr,132,2,238,2,failure
32648,cellular,17,apr,515,1,150,1,other
32649,cellular,17,apr,380,1,-1,0,unknown
32650,cellular,17,apr,289,1,-1,0,unknown
32651,cellular,17,apr,83,1,-1,0,unknown
32652,cellular,17,apr,38,1,329,2,failure
32653,cellular,17,apr,291,2,326,1,failure
32654,cellular,17,apr,840,3,-1,0,unknown
32655,cellular,17,apr,921,2,263,3,failure
32656,cellular,17,apr,306,1,-1,0,unknown
32657,cellular,17,apr,299,2,-1,0,unknown
32658,cellular,17,apr,519,1,14,2,failure
32659,cellular,17,apr,97,1,-1,0,unknown
32660,cellular,17,apr,84,1,343,1,other
32661,cellular,17,apr,307,1,-1,0,unknown
32662,cellular,17,apr,1311,2,-1,0,unknown
32663,cellular,17,apr,219,1,322,2,failure
32664,cellular,17,apr,273,1,343,1,other
32665,cellular,17,apr,193,2,322,1,other
32666,cellular,17,apr,248,2,-1,0,unknown
32667,cellular,17,apr,386,2,-1,0,unknown
32668,cellular,17,apr,332,1,346,3,failure
32669,telephone,17,apr,158,1,-1,0,unknown
32670,cellular,17,apr,499,2,-1,0,unknown
32671,cellular,17,apr,158,2,-1,0,unknown
32672,cellular,17,apr,71,1,149,2,failure
32673,cellular,17,apr,286,1,-1,0,unknown
32674,cellular,17,apr,362,1,150,3,failure
32675,cellular,17,apr,181,1,317,1,failure
32676,cellular,17,apr,89,1,332,2,failure
32677,cellular,17,apr,334,2,-1,0,unknown
32678,cellular,17,apr,183,1,-1,0,unknown
32679,cellular,17,apr,997,1,57,2,failure
32680,telephone,17,apr,42,1,-1,0,unknown
32681,cellular,17,apr,144,1,281,1,failure
32682,cellular,17,apr,74,2,323,1,failure
32683,cellular,17,apr,234,1,323,1,failure
32684,cellular,17,apr,245,1,343,1,failure
32685,cellular,17,apr,218,1,340,3,failure
32686,cellular,17,apr,759,2,-1,0,unknown
32687,cellular,17,apr,574,1,150,1,failure
32688,cellular,17,apr,754,1,-1,0,unknown
32689,telephone,17,apr,1161,5,-1,0,unknown
32690,cellular,17,apr,609,1,303,5,failure
32691,cellular,17,apr,146,1,281,1,failure
32692,cellular,17,apr,235,1,-1,0,unknown
32693,cellular,17,apr,518,3,346,1,other
32694,cellular,17,apr,239,1,332,1,failure
32695,cellular,17,apr,132,1,-1,0,unknown
32696,cellular,17,apr,218,1,149,1,failure
32697,cellular,17,apr,245,1,-1,0,unknown
32698,cellular,17,apr,997,1,-1,0,unknown
32699,telephone,17,apr,82,4,-1,0,unknown
32700,cellular,17,apr,707,1,149,2,failure
32701,cellular,17,apr,68,3,343,1,other
32702,cellular,17,apr,461,1,-1,0,unknown
32703,cellular,17,apr,140,1,-1,0,unknown
32704,cellular,17,apr,212,1,-1,0,unknown
32705,cellular,17,apr,51,6,148,8,other
32706,cellular,17,apr,71,2,317,1,failure
32707,cellular,17,apr,53,1,-1,0,unknown
32708,cellular,17,apr,193,1,-1,0,unknown
32709,telephone,17,apr,198,1,-1,0,unknown
32710,cellular,17,apr,645,1,345,1,failure
32711,cellular,17,apr,108,5,-1,0,unknown
32712,telephone,17,apr,137,1,-1,0,unknown
32713,cellular,17,apr,882,3,-1,0,unknown
32714,cellular,17,apr,576,1,318,2,failure
32715,cellular,17,apr,319,1,-1,0,unknown
32716,cellular,17,apr,191,1,-1,0,unknown
32717,telephone,17,apr,777,2,-1,0,unknown
32718,telephone,17,apr,218,2,-1,0,unknown
32719,cellular,17,apr,161,1,149,2,failure
32720,cellular,17,apr,113,1,332,2,failure
32721,cellular,17,apr,329,1,-1,0,unknown
32722,cellular,17,apr,155,1,-1,0,unknown
32723,cellular,17,apr,106,1,-1,0,unknown
32724,cellular,17,apr,76,2,-1,0,unknown
32725,cellular,17,apr,66,1,-1,0,unknown
32726,cellular,17,apr,382,2,-1,0,unknown
32727,cellular,17,apr,1007,2,-1,0,unknown
32728,cellular,17,apr,875,2,-1,0,unknown
32729,cellular,17,apr,464,1,-1,0,unknown
32730,cellular,17,apr,82,2,-1,0,unknown
32731,cellular,17,apr,343,2,316,3,other
32732,cellular,17,apr,75,1,-1,0,unknown
32733,cellular,17,apr,882,2,-1,0,unknown
32734,cellular,17,apr,526,1,260,2,other
32735,cellular,17,apr,43,1,-1,0,unknown
32736,cellular,17,apr,594,1,-1,0,unknown
32737,cellular,17,apr,45,7,324,2,failure
32738,cellular,17,apr,95,3,-1,0,unknown
32739,cellular,17,apr,175,1,347,1,failure
32740,cellular,17,apr,208,1,332,2,failure
32741,cellular,17,apr,87,1,-1,0,unknown
32742,cellular,17,apr,218,1,-1,0,unknown
32743,cellular,17,apr,342,3,332,1,other
32744,telephone,17,apr,254,1,-1,0,unknown
32745,cellular,17,apr,64,1,-1,0,unknown
32746,cellular,17,apr,85,1,-1,0,unknown
32747,cellular,17,apr,73,1,148,1,failure
32748,cellular,17,apr,145,1,323,4,failure
32749,cellular,17,apr,222,1,-1,0,unknown
32750,cellular,17,apr,171,1,318,1,failure
32751,cellular,17,apr,234,2,-1,0,unknown
32752,cellular,17,apr,372,1,-1,0,unknown
32753,cellular,17,apr,108,1,-1,0,unknown
32754,cellular,17,apr,138,1,267,1,failure
32755,cellular,17,apr,153,1,-1,0,unknown
32756,cellular,17,apr,217,1,-1,0,unknown
32757,cellular,17,apr,247,1,-1,0,unknown
32758,cellular,17,apr,126,3,345,2,other
32759,cellular,17,apr,404,1,305,3,failure
32760,cellular,17,apr,362,2,315,4,failure
32761,cellular,17,apr,76,1,260,7,failure
32762,cellular,17,apr,316,2,339,1,other
32763,cellular,17,apr,57,1,-1,0,unknown
32764,cellular,17,apr,251,1,-1,0,unknown
32765,cellular,17,apr,370,1,-1,0,unknown
32766,cellular,17,apr,324,3,-1,0,unknown
32767,cellular,17,apr,215,1,-1,0,unknown
32768,cellular,17,apr,191,1,150,7,failure
32769,cellular,17,apr,206,1,-1,0,unknown
32770,cellular,17,apr,367,3,323,3,failure
32771,telephone,17,apr,141,4,-1,0,unknown
32772,cellular,17,apr,200,3,-1,0,unknown
32773,cellular,17,apr,279,1,-1,0,unknown
32774,cellular,17,apr,214,2,-1,0,unknown
32775,cellular,17,apr,122,1,338,2,failure
32776,cellular,17,apr,649,1,-1,0,unknown
32777,cellular,17,apr,14,1,-1,0,unknown
32778,cellular,17,apr,397,1,-1,0,unknown
32779,cellular,17,apr,72,4,-1,0,unknown
32780,cellular,17,apr,433,1,-1,0,unknown
32781,cellular,17,apr,77,1,268,4,other
32782,cellular,17,apr,407,2,-1,0,unknown
32783,cellular,17,apr,278,1,-1,0,unknown
32784,cellular,17,apr,216,1,-1,0,unknown
32785,cellular,17,apr,123,1,-1,0,unknown
32786,cellular,17,apr,55,1,344,1,failure
32787,cellular,17,apr,70,1,336,1,failure
32788,cellular,17,apr,419,1,-1,0,unknown
32789,cellular,17,apr,113,2,149,3,failure
32790,cellular,17,apr,157,2,-1,0,unknown
32791,cellular,17,apr,40,9,-1,0,unknown
32792,cellular,17,apr,100,1,-1,0,unknown
32793,cellular,17,apr,1554,3,343,2,failure
32794,cellular,17,apr,637,1,-1,0,unknown
32795,cellular,17,apr,317,1,-1,0,unknown
32796,cellular,17,apr,294,2,-1,0,unknown
32797,cellular,17,apr,264,1,-1,0,unknown
32798,cellular,17,apr,70,1,344,1,failure
32799,cellular,17,apr,492,1,148,1,other
32800,cellular,17,apr,401,1,248,4,success
32801,cellular,17,apr,238,1,331,1,failure
32802,telephone,17,apr,130,1,-1,0,unknown
32803,cellular,17,apr,36,1,-1,0,unknown
32804,cellular,17,apr,611,1,270,4,failure
32805,cellular,17,apr,359,1,-1,0,unknown
32806,cellular,17,apr,280,1,344,2,failure
32807,cellular,17,apr,266,1,-1,0,unknown
32808,cellular,17,apr,107,1,-1,0,unknown
32809,cellular,17,apr,654,1,-1,0,unknown
32810,cellular,17,apr,834,1,-1,0,unknown
32811,cellular,17,apr,156,2,318,1,other
32812,cellular,17,apr,79,1,-1,0,unknown
32813,cellular,17,apr,41,1,-1,0,unknown
32814,cellular,17,apr,211,3,-1,0,unknown
32815,cellular,17,apr,301,2,-1,0,unknown
32816,cellular,17,apr,54,2,-1,0,unknown
32817,cellular,17,apr,1080,1,-1,0,unknown
32818,cellular,17,apr,203,1,344,3,failure
32819,cellular,17,apr,19,4,-1,0,unknown
32820,cellular,17,apr,401,1,15,1,failure
32821,cellular,17,apr,182,2,-1,0,unknown
32822,cellular,17,apr,237,2,345,3,failure
32823,cellular,17,apr,198,2,343,1,failure
32824,cellular,17,apr,715,2,329,2,failure
32825,cellular,17,apr,202,2,280,1,failure
32826,cellular,17,apr,426,3,323,3,failure
32827,cellular,17,apr,728,1,-1,0,unknown
32828,cellular,17,apr,346,2,-1,0,unknown
32829,cellular,17,apr,175,1,-1,0,unknown
32830,cellular,17,apr,115,2,343,2,failure
32831,cellular,17,apr,196,2,-1,0,unknown
32832,cellular,17,apr,463,1,344,1,failure
32833,cellular,17,apr,256,2,-1,0,unknown
32834,cellular,17,apr,432,2,343,1,failure
32835,cellular,17,apr,775,1,-1,0,unknown
32836,cellular,17,apr,61,1,331,1,failure
32837,cellular,17,apr,140,1,-1,0,unknown
32838,cellular,17,apr,472,1,148,2,failure
32839,cellular,17,apr,100,2,-1,0,unknown
32840,cellular,17,apr,231,2,-1,0,unknown
32841,cellular,17,apr,446,1,-1,0,unknown
32842,cellular,17,apr,727,2,-1,0,unknown
32843,cellular,17,apr,42,3,-1,0,unknown
32844,cellular,17,apr,130,1,148,1,failure
32845,cellular,17,apr,160,1,-1,0,unknown
32846,cellular,17,apr,266,4,-1,0,unknown
32847,cellular,17,apr,865,1,-1,0,unknown
32848,cellular,17,apr,222,1,-1,0,unknown
32849,cellular,17,apr,402,1,-1,0,unknown
32850,cellular,17,apr,297,1,-1,0,unknown
32851,cellular,17,apr,207,1,-1,0,unknown
32852,cellular,17,apr,196,1,346,3,failure
32853,cellular,17,apr,135,1,336,3,failure
32854,cellular,17,apr,22,1,150,2,failure
32855,cellular,17,apr,422,1,-1,0,unknown
32856,cellular,17,apr,127,1,282,2,failure
32857,cellular,17,apr,550,1,325,1,other
32858,cellular,17,apr,1034,2,-1,0,unknown
32859,cellular,17,apr,608,1,-1,0,unknown
32860,cellular,17,apr,326,1,319,1,failure
32861,telephone,17,apr,40,1,-1,0,unknown
32862,cellular,17,apr,333,3,-1,0,unknown
32863,cellular,17,apr,91,1,-1,0,unknown
32864,cellular,17,apr,326,3,-1,0,unknown
32865,cellular,17,apr,712,1,344,1,failure
32866,cellular,17,apr,476,1,-1,0,unknown
32867,cellular,17,apr,99,3,267,1,failure
32868,cellular,17,apr,108,1,-1,0,unknown
32869,cellular,17,apr,158,1,337,1,other
32870,cellular,17,apr,240,2,-1,0,unknown
32871,cellular,17,apr,219,1,-1,0,unknown
32872,cellular,17,apr,365,1,-1,0,unknown
32873,cellular,17,apr,329,1,150,2,failure
32874,cellular,17,apr,188,1,-1,0,unknown
32875,cellular,17,apr,96,2,344,2,failure
32876,cellular,17,apr,368,1,336,2,failure
32877,cellular,17,apr,149,1,-1,0,unknown
32878,cellular,17,apr,145,2,-1,0,unknown
32879,cellular,17,apr,91,2,331,2,failure
32880,cellular,17,apr,400,2,-1,0,unknown
32881,cellular,17,apr,384,2,-1,0,unknown
32882,cellular,17,apr,65,1,333,1,failure
32883,cellular,17,apr,182,2,329,1,failure
32884,cellular,17,apr,114,3,-1,0,unknown
32885,cellular,17,apr,194,2,-1,0,unknown
32886,cellular,17,apr,208,2,344,4,failure
32887,cellular,17,apr,188,3,-1,0,unknown
32888,cellular,17,apr,350,2,-1,0,unknown
32889,cellular,17,apr,185,1,317,2,failure
32890,cellular,17,apr,93,1,-1,0,unknown
32891,cellular,17,apr,358,2,-1,0,unknown
32892,cellular,17,apr,772,1,-1,0,unknown
32893,cellular,17,apr,69,1,-1,0,unknown
32894,cellular,17,apr,165,3,-1,0,unknown
32895,cellular,17,apr,576,4,340,7,failure
32896,cellular,17,apr,440,2,-1,0,unknown
32897,cellular,17,apr,345,2,-1,0,unknown
32898,cellular,17,apr,395,2,-1,0,unknown
32899,cellular,17,apr,815,2,-1,0,unknown
32900,cellular,17,apr,147,3,347,2,failure
32901,cellular,17,apr,224,3,74,4,failure
32902,cellular,17,apr,150,2,325,1,failure
32903,cellular,17,apr,609,2,266,2,failure
32904,cellular,17,apr,74,2,-1,0,unknown
32905,cellular,17,apr,771,1,-1,0,unknown
32906,telephone,17,apr,460,2,345,2,failure
32907,cellular,17,apr,300,3,302,3,failure
32908,cellular,17,apr,73,2,-1,0,unknown
32909,cellular,17,apr,239,2,148,2,failure
32910,cellular,17,apr,129,4,337,1,other
32911,cellular,17,apr,473,2,339,1,failure
32912,cellular,17,apr,139,2,-1,0,unknown
32913,cellular,17,apr,128,3,-1,0,unknown
32914,cellular,17,apr,405,2,305,20,other
32915,cellular,17,apr,52,2,-1,0,unknown
32916,cellular,17,apr,264,2,-1,0,unknown
32917,cellular,17,apr,153,3,-1,0,unknown
32918,cellular,17,apr,370,3,-1,0,unknown
32919,cellular,17,apr,642,2,304,1,failure
32920,cellular,17,apr,232,2,-1,0,unknown
32921,cellular,17,apr,145,3,-1,0,unknown
32922,cellular,17,apr,170,5,-1,0,unknown
32923,cellular,17,apr,333,2,324,1,other
32924,cellular,17,apr,398,2,-1,0,unknown
32925,cellular,17,apr,413,2,-1,0,unknown
32926,cellular,17,apr,185,2,319,2,failure
32927,cellular,17,apr,474,2,-1,0,unknown
32928,cellular,17,apr,163,2,-1,0,unknown
32929,cellular,17,apr,818,2,332,15,failure
32930,telephone,17,apr,599,4,275,7,other
32931,cellular,17,apr,246,2,-1,0,unknown
32932,cellular,17,apr,322,2,-1,0,unknown
32933,cellular,17,apr,95,4,-1,0,unknown
32934,cellular,17,apr,232,2,-1,0,unknown
32935,cellular,17,apr,181,2,-1,0,unknown
32936,cellular,17,apr,115,2,315,11,other
32937,cellular,17,apr,598,1,150,1,failure
32938,cellular,17,apr,186,2,-1,0,unknown
32939,cellular,17,apr,121,2,344,2,failure
32940,cellular,17,apr,323,2,319,1,failure
32941,cellular,17,apr,273,2,254,2,failure
32942,cellular,17,apr,160,2,-1,0,unknown
32943,cellular,17,apr,134,3,-1,0,unknown
32944,cellular,17,apr,541,2,150,4,other
32945,cellular,17,apr,266,2,-1,0,unknown
32946,cellular,17,apr,378,1,-1,0,unknown
32947,cellular,17,apr,220,6,-1,0,unknown
32948,cellular,17,apr,252,2,-1,0,unknown
32949,cellular,17,apr,221,2,-1,0,unknown
32950,cellular,17,apr,344,2,343,2,other
32951,cellular,17,apr,357,2,331,1,other
32952,cellular,17,apr,378,1,-1,0,unknown
32953,cellular,17,apr,246,3,-1,0,unknown
32954,cellular,17,apr,1130,3,-1,0,unknown
32955,cellular,17,apr,20,2,238,2,failure
32956,cellular,17,apr,162,2,281,1,failure
32957,cellular,17,apr,276,2,326,2,failure
32958,cellular,17,apr,88,3,-1,0,unknown
32959,cellular,17,apr,949,2,254,6,other
32960,cellular,17,apr,129,2,148,4,other
32961,cellular,17,apr,185,2,316,3,other
32962,cellular,17,apr,278,1,-1,0,unknown
32963,cellular,17,apr,273,2,343,1,failure
32964,cellular,17,apr,200,3,-1,0,unknown
32965,cellular,17,apr,171,2,337,9,other
32966,cellular,17,apr,1426,2,318,6,failure
32967,cellular,17,apr,795,3,147,2,failure
32968,cellular,17,apr,340,2,-1,0,unknown
32969,cellular,17,apr,218,4,329,2,other
32970,cellular,17,apr,295,2,-1,0,unknown
32971,cellular,17,apr,647,2,-1,0,unknown
32972,cellular,17,apr,57,2,-1,0,unknown
32973,cellular,17,apr,170,2,263,2,failure
32974,cellular,17,apr,666,3,274,3,failure
32975,cellular,17,apr,244,2,-1,0,unknown
32976,cellular,17,apr,778,3,-1,0,unknown
32977,cellular,17,apr,146,2,147,4,success
32978,telephone,17,apr,318,2,332,6,other
32979,cellular,17,apr,278,2,333,1,other
32980,cellular,17,apr,426,5,148,1,failure
32981,cellular,17,apr,229,3,-1,0,unknown
32982,cellular,17,apr,74,2,256,1,failure
32983,cellular,17,apr,1184,2,-1,0,unknown
32984,cellular,17,apr,464,2,-1,0,unknown
32985,cellular,17,apr,334,2,240,2,failure
32986,cellular,17,apr,2053,2,317,1,other
32987,cellular,17,apr,69,2,-1,0,unknown
32988,cellular,17,apr,99,2,-1,0,unknown
32989,cellular,17,apr,277,2,-1,0,unknown
32990,cellular,17,apr,282,4,329,2,other
32991,cellular,17,apr,1064,3,303,5,failure
32992,cellular,17,apr,163,2,323,7,failure
32993,telephone,17,apr,501,3,331,10,other
32994,cellular,17,apr,245,5,-1,0,unknown
32995,cellular,17,apr,738,2,-1,0,unknown
32996,cellular,17,apr,99,2,150,2,failure
32997,cellular,17,apr,87,2,322,4,failure
32998,cellular,17,apr,110,3,326,1,other
32999,cellular,17,apr,140,2,-1,0,unknown
33000,cellular,17,apr,204,5,-1,0,unknown
33001,cellular,17,apr,335,2,-1,0,unknown
33002,cellular,17,apr,446,2,-1,0,unknown
33003,cellular,17,apr,179,2,336,2,other
33004,cellular,17,apr,151,4,150,2,failure
33005,cellular,17,apr,174,2,-1,0,unknown
33006,cellular,17,apr,97,2,318,2,other
33007,cellular,17,apr,758,2,-1,0,unknown
33008,cellular,17,apr,469,3,322,15,other
33009,cellular,17,apr,48,2,319,3,failure
33010,cellular,17,apr,224,3,-1,0,unknown
33011,telephone,17,apr,48,2,-1,0,unknown
33012,cellular,17,apr,54,2,-1,0,unknown
33013,cellular,17,apr,183,3,325,2,failure
33014,cellular,17,apr,342,2,-1,0,unknown
33015,telephone,17,apr,150,2,287,2,failure
33016,cellular,17,apr,73,2,-1,0,unknown
33017,telephone,17,apr,394,2,-1,0,unknown
33018,cellular,17,apr,819,4,-1,0,unknown
33019,cellular,17,apr,694,2,331,1,success
33020,cellular,17,apr,636,3,-1,0,unknown
33021,cellular,17,apr,22,3,329,1,failure
33022,cellular,17,apr,14,3,-1,0,unknown
33023,cellular,17,apr,317,3,324,2,other
33024,telephone,17,apr,320,3,180,1,success
33025,telephone,17,apr,100,2,-1,0,unknown
33026,cellular,17,apr,238,2,-1,0,unknown
33027,cellular,17,apr,202,3,318,1,failure
33028,cellular,17,apr,50,2,252,4,failure
33029,cellular,17,apr,321,2,-1,0,unknown
33030,cellular,17,apr,202,2,-1,0,unknown
33031,cellular,17,apr,177,3,-1,0,unknown
33032,cellular,17,apr,211,2,343,3,failure
33033,cellular,17,apr,108,2,147,1,failure
33034,cellular,17,apr,225,3,150,7,failure
33035,cellular,17,apr,952,2,73,1,failure
33036,cellular,17,apr,119,2,-1,0,unknown
33037,cellular,17,apr,829,3,326,2,failure
33038,cellular,17,apr,131,2,-1,0,unknown
33039,cellular,17,apr,403,4,-1,0,unknown
33040,cellular,17,apr,171,2,-1,0,unknown
33041,cellular,17,apr,239,2,-1,0,unknown
33042,cellular,17,apr,193,3,-1,0,unknown
33043,cellular,17,apr,547,2,-1,0,unknown
33044,cellular,17,apr,544,3,333,2,failure
33045,cellular,17,apr,314,2,-1,0,unknown
33046,telephone,17,apr,284,3,-1,0,unknown
33047,cellular,17,apr,326,3,148,1,success
33048,cellular,17,apr,1038,2,-1,0,unknown
33049,cellular,17,apr,625,3,-1,0,unknown
33050,cellular,17,apr,191,4,323,9,failure
33051,cellular,17,apr,1013,2,-1,0,unknown
33052,cellular,17,apr,119,3,-1,0,unknown
33053,telephone,17,apr,392,3,-1,0,unknown
33054,cellular,17,apr,1364,2,147,1,other
33055,cellular,17,apr,427,2,337,1,failure
33056,cellular,17,apr,180,2,302,1,failure
33057,cellular,17,apr,324,4,-1,0,unknown
33058,cellular,17,apr,200,2,-1,0,unknown
33059,cellular,17,apr,660,3,-1,0,unknown
33060,telephone,17,apr,114,2,-1,0,unknown
33061,cellular,17,apr,291,4,331,1,failure
33062,cellular,17,apr,72,2,281,1,failure
33063,cellular,17,apr,184,4,-1,0,unknown
33064,cellular,17,apr,479,2,-1,0,unknown
33065,cellular,20,apr,12,2,-1,0,unknown
33066,cellular,20,apr,114,2,-1,0,unknown
33067,cellular,20,apr,65,2,-1,0,unknown
33068,cellular,20,apr,196,2,315,2,failure
33069,cellular,20,apr,148,2,-1,0,unknown
33070,cellular,20,apr,158,2,-1,0,unknown
33071,cellular,20,apr,10,6,-1,0,unknown
33072,cellular,20,apr,12,5,-1,0,unknown
33073,cellular,20,apr,345,2,341,6,other
33074,cellular,20,apr,95,3,341,2,failure
33075,cellular,20,apr,19,7,-1,0,unknown
33076,cellular,20,apr,483,2,291,6,other
33077,cellular,20,apr,415,2,-1,0,unknown
33078,cellular,20,apr,152,2,-1,0,unknown
33079,cellular,20,apr,630,3,-1,0,unknown
33080,cellular,20,apr,206,1,-1,0,unknown
33081,telephone,20,apr,384,5,-1,0,unknown
33082,cellular,20,apr,7,7,-1,0,unknown
33083,cellular,20,apr,287,3,-1,0,unknown
33084,cellular,20,apr,184,2,151,1,failure
33085,cellular,20,apr,12,6,-1,0,unknown
33086,cellular,20,apr,438,1,-1,0,unknown
33087,cellular,20,apr,1332,2,-1,0,unknown
33088,telephone,20,apr,33,1,339,1,failure
33089,cellular,20,apr,234,1,-1,0,unknown
33090,cellular,20,apr,774,2,326,1,other
33091,cellular,20,apr,397,3,-1,0,unknown
33092,cellular,20,apr,390,1,-1,0,unknown
33093,telephone,20,apr,173,2,-1,0,unknown
33094,cellular,20,apr,430,1,-1,0,unknown
33095,cellular,20,apr,12,5,-1,0,unknown
33096,cellular,20,apr,383,1,-1,0,unknown
33097,cellular,20,apr,311,1,321,1,other
33098,cellular,20,apr,360,1,-1,0,unknown
33099,cellular,20,apr,124,1,-1,0,unknown
33100,cellular,20,apr,1202,3,-1,0,unknown
33101,cellular,20,apr,187,1,-1,0,unknown
33102,cellular,20,apr,390,1,-1,0,unknown
33103,telephone,20,apr,37,1,-1,0,unknown
33104,cellular,20,apr,176,1,322,2,other
33105,cellular,20,apr,165,1,-1,0,unknown
33106,cellular,20,apr,79,1,151,1,failure
33107,cellular,20,apr,14,1,-1,0,unknown
33108,cellular,20,apr,506,2,-1,0,unknown
33109,cellular,20,apr,257,1,-1,0,unknown
33110,cellular,20,apr,150,2,-1,0,unknown
33111,cellular,20,apr,322,1,-1,0,unknown
33112,cellular,20,apr,156,1,-1,0,unknown
33113,cellular,20,apr,478,1,341,1,failure
33114,cellular,20,apr,142,12,348,1,failure
33115,cellular,20,apr,1112,3,-1,0,unknown
33116,telephone,20,apr,169,1,-1,0,unknown
33117,cellular,20,apr,339,1,-1,0,unknown
33118,cellular,20,apr,220,1,-1,0,unknown
33119,cellular,20,apr,374,3,307,3,other
33120,cellular,20,apr,210,1,242,1,other
33121,cellular,20,apr,525,1,-1,0,unknown
33122,cellular,20,apr,533,1,-1,0,unknown
33123,cellular,20,apr,390,1,-1,0,unknown
33124,cellular,20,apr,122,3,-1,0,unknown
33125,cellular,20,apr,269,1,-1,0,unknown
33126,telephone,20,apr,73,3,325,3,failure
33127,cellular,20,apr,136,3,-1,0,unknown
33128,cellular,20,apr,249,1,-1,0,unknown
33129,cellular,20,apr,60,1,343,4,failure
33130,cellular,20,apr,186,3,-1,0,unknown
33131,telephone,20,apr,406,3,270,2,failure
33132,cellular,20,apr,223,1,-1,0,unknown
33133,cellular,20,apr,421,4,-1,0,unknown
33134,cellular,20,apr,227,5,-1,0,unknown
33135,cellular,20,apr,222,5,-1,0,unknown
33136,cellular,20,apr,860,1,-1,0,unknown
33137,cellular,20,apr,207,1,346,2,failure
33138,cellular,20,apr,198,1,339,3,failure
33139,cellular,20,apr,68,1,325,2,other
33140,cellular,20,apr,354,1,-1,0,unknown
33141,cellular,20,apr,17,6,322,4,other
33142,cellular,20,apr,62,4,-1,0,unknown
33143,cellular,20,apr,89,3,341,2,failure
33144,cellular,20,apr,267,2,294,3,failure
33145,cellular,20,apr,386,2,234,4,failure
33146,cellular,20,apr,193,1,-1,0,unknown
33147,cellular,20,apr,23,1,-1,0,unknown
33148,cellular,20,apr,255,1,336,4,other
33149,cellular,20,apr,214,1,346,1,failure
33150,cellular,20,apr,239,1,-1,0,unknown
33151,cellular,20,apr,241,1,-1,0,unknown
33152,cellular,20,apr,1550,1,-1,0,unknown
33153,cellular,20,apr,29,3,152,1,failure
33154,telephone,20,apr,121,4,-1,0,unknown
33155,cellular,20,apr,185,3,336,6,failure
33156,cellular,20,apr,399,1,-1,0,unknown
33157,cellular,20,apr,234,5,-1,0,unknown
33158,cellular,20,apr,19,6,-1,0,unknown
33159,cellular,20,apr,96,1,245,5,other
33160,cellular,20,apr,131,2,349,3,failure
33161,cellular,20,apr,218,1,-1,0,unknown
33162,cellular,20,apr,143,2,-1,0,unknown
33163,telephone,20,apr,8,6,306,3,other
33164,cellular,20,apr,159,2,-1,0,unknown
33165,cellular,20,apr,386,1,349,3,other
33166,cellular,20,apr,245,1,-1,0,unknown
33167,cellular,20,apr,201,3,-1,0,unknown
33168,cellular,20,apr,428,1,-1,0,unknown
33169,cellular,20,apr,349,2,339,1,other
33170,telephone,20,apr,153,1,328,1,failure
33171,cellular,20,apr,128,1,-1,0,unknown
33172,cellular,20,apr,304,1,340,1,failure
33173,cellular,20,apr,108,1,-1,0,unknown
33174,cellular,20,apr,185,1,-1,0,unknown
33175,cellular,20,apr,90,3,346,1,failure
33176,cellular,20,apr,285,1,270,1,failure
33177,cellular,20,apr,365,1,-1,0,unknown
33178,cellular,20,apr,122,3,-1,0,unknown
33179,cellular,20,apr,275,1,-1,0,unknown
33180,cellular,20,apr,7,6,-1,0,unknown
33181,cellular,20,apr,285,1,-1,0,unknown
33182,cellular,20,apr,158,1,182,1,success
33183,cellular,20,apr,74,5,-1,0,unknown
33184,cellular,20,apr,199,6,-1,0,unknown
33185,cellular,20,apr,178,5,-1,0,unknown
33186,cellular,20,apr,63,2,-1,0,unknown
33187,cellular,20,apr,23,4,-1,0,unknown
33188,cellular,20,apr,233,2,329,1,failure
33189,cellular,20,apr,188,1,-1,0,unknown
33190,telephone,20,apr,534,1,-1,0,unknown
33191,cellular,20,apr,130,2,-1,0,unknown
33192,cellular,20,apr,198,1,-1,0,unknown
33193,cellular,20,apr,210,2,-1,0,unknown
33194,cellular,20,apr,352,1,-1,0,unknown
33195,cellular,20,apr,670,4,340,2,success
33196,cellular,20,apr,62,4,-1,0,unknown
33197,cellular,20,apr,712,1,-1,0,unknown
33198,cellular,20,apr,401,1,-1,0,unknown
33199,cellular,20,apr,59,1,-1,0,unknown
33200,cellular,20,apr,319,2,340,1,failure
33201,cellular,20,apr,142,2,328,3,failure
33202,cellular,20,apr,314,1,-1,0,unknown
33203,cellular,20,apr,28,7,272,3,other
33204,cellular,20,apr,317,1,-1,0,unknown
33205,cellular,20,apr,133,1,-1,0,unknown
33206,cellular,20,apr,79,1,152,1,failure
33207,cellular,20,apr,190,1,-1,0,unknown
33208,cellular,20,apr,369,1,-1,0,unknown
33209,cellular,20,apr,111,1,-1,0,unknown
33210,cellular,20,apr,222,1,-1,0,unknown
33211,cellular,20,apr,49,5,328,5,failure
33212,cellular,20,apr,277,1,-1,0,unknown
33213,cellular,20,apr,9,5,322,8,other
33214,cellular,20,apr,698,1,-1,0,unknown
33215,cellular,20,apr,13,5,-1,0,unknown
33216,cellular,20,apr,714,1,-1,0,unknown
33217,cellular,20,apr,257,1,-1,0,unknown
33218,cellular,20,apr,124,2,348,3,failure
33219,cellular,20,apr,322,2,-1,0,unknown
33220,cellular,20,apr,658,1,-1,0,unknown
33221,cellular,20,apr,98,3,-1,0,unknown
33222,cellular,20,apr,12,6,-1,0,unknown
33223,cellular,20,apr,42,1,-1,0,unknown
33224,cellular,20,apr,254,1,-1,0,unknown
33225,cellular,20,apr,123,3,-1,0,unknown
33226,cellular,20,apr,97,2,-1,0,unknown
33227,cellular,20,apr,128,3,-1,0,unknown
33228,cellular,20,apr,207,2,-1,0,unknown
33229,cellular,20,apr,712,4,-1,0,unknown
33230,cellular,20,apr,72,1,321,2,failure
33231,cellular,20,apr,37,1,320,2,failure
33232,cellular,20,apr,207,1,-1,0,unknown
33233,telephone,20,apr,24,1,152,3,failure
33234,cellular,20,apr,18,5,-1,0,unknown
33235,cellular,20,apr,260,1,320,1,other
33236,cellular,20,apr,163,1,271,1,failure
33237,cellular,20,apr,164,1,-1,0,unknown
33238,cellular,20,apr,59,3,-1,0,unknown
33239,cellular,20,apr,450,1,271,1,failure
33240,cellular,20,apr,274,1,-1,0,unknown
33241,cellular,20,apr,90,2,259,1,failure
33242,cellular,20,apr,194,1,-1,0,unknown
33243,cellular,20,apr,690,2,335,4,other
33244,cellular,20,apr,79,1,-1,0,unknown
33245,cellular,20,apr,335,1,334,3,failure
33246,cellular,20,apr,21,5,-1,0,unknown
33247,cellular,20,apr,96,1,-1,0,unknown
33248,cellular,20,apr,166,4,-1,0,unknown
33249,cellular,20,apr,72,1,154,2,failure
33250,cellular,20,apr,185,2,150,2,failure
33251,cellular,20,apr,51,3,-1,0,unknown
33252,cellular,20,apr,508,1,-1,0,unknown
33253,cellular,20,apr,219,1,-1,0,unknown
33254,cellular,20,apr,19,5,328,8,other
33255,cellular,20,apr,41,3,-1,0,unknown
33256,cellular,20,apr,187,3,332,3,other
33257,telephone,20,apr,137,5,-1,0,unknown
33258,cellular,20,apr,59,2,322,2,failure
33259,cellular,20,apr,611,1,312,1,failure
33260,cellular,20,apr,45,1,154,1,failure
33261,cellular,20,apr,204,3,-1,0,unknown
33262,telephone,20,apr,216,2,-1,0,unknown
33263,cellular,20,apr,92,1,342,1,failure
33264,cellular,20,apr,295,3,335,1,other
33265,cellular,20,apr,396,3,151,4,other
33266,cellular,20,apr,237,3,150,3,failure
33267,cellular,20,apr,11,5,152,2,failure
33268,cellular,20,apr,155,1,154,2,failure
33269,cellular,20,apr,110,1,-1,0,unknown
33270,cellular,20,apr,92,3,321,3,failure
33271,cellular,20,apr,720,1,-1,0,unknown
33272,cellular,20,apr,178,4,-1,0,unknown
33273,cellular,20,apr,84,1,-1,0,unknown
33274,cellular,20,apr,78,1,-1,0,unknown
33275,cellular,20,apr,169,1,-1,0,unknown
33276,cellular,20,apr,16,5,322,4,other
33277,cellular,20,apr,414,2,285,1,failure
33278,cellular,20,apr,617,1,-1,0,unknown
33279,cellular,20,apr,377,1,341,2,failure
33280,cellular,20,apr,207,1,308,2,failure
33281,cellular,20,apr,76,5,-1,0,unknown
33282,telephone,20,apr,205,1,-1,0,unknown
33283,cellular,20,apr,470,1,150,5,other
33284,cellular,20,apr,62,1,340,2,failure
33285,cellular,20,apr,33,1,173,1,success
33286,cellular,20,apr,246,1,152,1,failure
33287,cellular,20,apr,83,3,306,4,failure
33288,cellular,20,apr,213,3,-1,0,unknown
33289,cellular,20,apr,201,3,-1,0,unknown
33290,cellular,20,apr,586,1,-1,0,unknown
33291,cellular,20,apr,379,1,332,2,other
33292,cellular,20,apr,40,1,150,2,failure
33293,cellular,20,apr,293,2,-1,0,unknown
33294,cellular,20,apr,240,1,349,2,failure
33295,cellular,20,apr,271,1,300,2,success
33296,cellular,20,apr,190,1,335,1,other
33297,cellular,20,apr,15,2,-1,0,unknown
33298,cellular,20,apr,59,3,-1,0,unknown
33299,cellular,20,apr,111,2,328,5,failure
33300,cellular,20,apr,17,5,334,1,failure
33301,cellular,20,apr,149,1,152,1,failure
33302,cellular,20,apr,372,2,332,2,other
33303,cellular,20,apr,128,2,-1,0,unknown
33304,cellular,20,apr,637,1,-1,0,unknown
33305,cellular,20,apr,240,1,326,1,success
33306,telephone,20,apr,78,1,313,1,failure
33307,cellular,20,apr,392,1,-1,0,unknown
33308,cellular,20,apr,88,1,154,2,failure
33309,cellular,20,apr,222,1,154,1,failure
33310,cellular,20,apr,20,4,-1,0,unknown
33311,cellular,20,apr,151,2,-1,0,unknown
33312,cellular,20,apr,378,1,287,19,failure
33313,cellular,20,apr,15,1,326,1,other
33314,cellular,20,apr,144,4,-1,0,unknown
33315,cellular,20,apr,104,3,236,6,failure
33316,cellular,20,apr,69,1,-1,0,unknown
33317,cellular,20,apr,159,1,326,1,failure
33318,cellular,20,apr,147,1,-1,0,unknown
33319,cellular,20,apr,65,1,287,3,failure
33320,cellular,20,apr,53,1,348,3,failure
33321,cellular,20,apr,170,1,150,1,failure
33322,cellular,20,apr,217,1,-1,0,unknown
33323,telephone,20,apr,60,1,-1,0,unknown
33324,cellular,20,apr,84,1,-1,0,unknown
33325,cellular,20,apr,180,1,-1,0,unknown
33326,cellular,20,apr,405,2,-1,0,unknown
33327,cellular,20,apr,162,1,-1,0,unknown
33328,cellular,20,apr,75,1,-1,0,unknown
33329,cellular,20,apr,818,2,242,8,failure
33330,cellular,20,apr,323,1,-1,0,unknown
33331,cellular,20,apr,297,2,-1,0,unknown
33332,cellular,20,apr,159,2,-1,0,unknown
33333,cellular,20,apr,54,1,-1,0,unknown
33334,cellular,20,apr,126,1,334,3,other
33335,cellular,20,apr,691,1,-1,0,unknown
33336,cellular,20,apr,132,3,-1,0,unknown
33337,cellular,20,apr,567,1,-1,0,unknown
33338,cellular,20,apr,64,4,-1,0,unknown
33339,telephone,20,apr,22,1,-1,0,unknown
33340,cellular,20,apr,904,2,-1,0,unknown
33341,cellular,20,apr,239,1,276,6,failure
33342,cellular,20,apr,354,1,-1,0,unknown
33343,cellular,20,apr,400,1,-1,0,unknown
33344,cellular,20,apr,575,2,-1,0,unknown
33345,cellular,20,apr,95,2,-1,0,unknown
33346,cellular,20,apr,197,3,-1,0,unknown
33347,cellular,20,apr,15,6,152,21,other
33348,cellular,20,apr,318,1,-1,0,unknown
33349,cellular,20,apr,96,2,150,2,failure
33350,cellular,20,apr,138,2,263,7,failure
33351,cellular,20,apr,222,1,-1,0,unknown
33352,cellular,20,apr,54,1,273,3,failure
33353,cellular,20,apr,206,1,-1,0,unknown
33354,cellular,20,apr,167,1,350,1,failure
33355,cellular,20,apr,6,1,-1,0,unknown
33356,cellular,20,apr,44,1,-1,0,unknown
33357,cellular,20,apr,157,1,332,3,failure
33358,cellular,20,apr,715,1,152,1,failure
33359,cellular,20,apr,87,2,151,3,failure
33360,cellular,20,apr,325,1,-1,0,unknown
33361,cellular,20,apr,334,1,-1,0,unknown
33362,cellular,20,apr,72,1,-1,0,unknown
33363,cellular,20,apr,9,1,-1,0,unknown
33364,cellular,20,apr,245,1,-1,0,unknown
33365,cellular,20,apr,38,1,335,1,other
33366,cellular,20,apr,297,4,-1,0,unknown
33367,telephone,20,apr,368,1,-1,0,unknown
33368,cellular,20,apr,108,1,-1,0,unknown
33369,cellular,20,apr,59,3,342,1,other
33370,cellular,20,apr,222,1,153,4,failure
33371,cellular,20,apr,23,4,-1,0,unknown
33372,cellular,20,apr,148,2,-1,0,unknown
33373,cellular,20,apr,181,2,270,2,failure
33374,cellular,20,apr,247,3,339,2,failure
33375,cellular,20,apr,114,3,-1,0,unknown
33376,cellular,20,apr,328,2,264,2,failure
33377,cellular,20,apr,190,2,326,1,other
33378,cellular,20,apr,82,1,-1,0,unknown
33379,cellular,20,apr,180,3,284,1,failure
33380,telephone,20,apr,151,1,-1,0,unknown
33381,cellular,20,apr,253,3,151,4,failure
33382,cellular,20,apr,198,1,-1,0,unknown
33383,cellular,20,apr,104,1,-1,0,unknown
33384,cellular,20,apr,211,2,152,2,failure
33385,cellular,20,apr,249,2,-1,0,unknown
33386,cellular,20,apr,63,4,-1,0,unknown
33387,telephone,20,apr,87,1,322,1,failure
33388,cellular,20,apr,170,1,235,19,failure
33389,cellular,20,apr,151,1,-1,0,unknown
33390,cellular,20,apr,224,1,-1,0,unknown
33391,cellular,20,apr,430,1,-1,0,unknown
33392,cellular,20,apr,107,1,-1,0,unknown
33393,cellular,20,apr,205,1,82,1,failure
33394,cellular,20,apr,149,1,-1,0,unknown
33395,cellular,20,apr,42,3,279,5,other
33396,cellular,20,apr,379,3,320,2,other
33397,cellular,20,apr,129,1,322,2,failure
33398,cellular,20,apr,491,1,326,1,other
33399,cellular,20,apr,401,1,-1,0,unknown
33400,cellular,20,apr,285,1,-1,0,unknown
33401,cellular,20,apr,76,1,-1,0,unknown
33402,cellular,20,apr,199,2,150,5,failure
33403,cellular,20,apr,342,1,-1,0,unknown
33404,cellular,20,apr,116,2,332,6,failure
33405,cellular,20,apr,153,1,347,1,failure
33406,cellular,20,apr,93,3,340,2,other
33407,cellular,20,apr,268,1,-1,0,unknown
33408,cellular,20,apr,78,1,-1,0,unknown
33409,cellular,20,apr,226,1,-1,0,unknown
33410,cellular,20,apr,174,1,334,1,failure
33411,cellular,20,apr,81,1,-1,0,unknown
33412,cellular,20,apr,247,1,332,4,failure
33413,cellular,20,apr,98,2,-1,0,unknown
33414,cellular,20,apr,148,1,-1,0,unknown
33415,cellular,20,apr,114,1,152,2,failure
33416,cellular,20,apr,326,3,-1,0,unknown
33417,cellular,20,apr,89,1,-1,0,unknown
33418,cellular,20,apr,281,1,-1,0,unknown
33419,telephone,20,apr,41,1,150,9,other
33420,cellular,20,apr,53,1,346,1,failure
33421,cellular,20,apr,182,3,-1,0,unknown
33422,cellular,20,apr,97,1,-1,0,unknown
33423,cellular,20,apr,165,1,321,1,failure
33424,cellular,20,apr,15,4,343,3,other
33425,cellular,20,apr,113,2,270,5,failure
33426,cellular,20,apr,16,4,-1,0,unknown
33427,cellular,20,apr,207,1,-1,0,unknown
33428,cellular,20,apr,380,1,74,4,failure
33429,cellular,20,apr,121,1,-1,0,unknown
33430,cellular,20,apr,185,1,-1,0,unknown
33431,cellular,20,apr,112,1,-1,0,unknown
33432,telephone,20,apr,116,1,-1,0,unknown
33433,cellular,20,apr,177,2,348,2,failure
33434,cellular,20,apr,111,1,-1,0,unknown
33435,cellular,20,apr,378,1,-1,0,unknown
33436,cellular,20,apr,241,1,-1,0,unknown
33437,cellular,20,apr,237,2,-1,0,unknown
33438,cellular,20,apr,163,1,-1,0,unknown
33439,cellular,20,apr,28,5,-1,0,unknown
33440,cellular,20,apr,106,2,-1,0,unknown
33441,cellular,20,apr,87,2,318,3,failure
33442,cellular,20,apr,305,2,154,1,failure
33443,cellular,20,apr,223,1,305,1,success
33444,cellular,20,apr,131,3,-1,0,unknown
33445,cellular,20,apr,110,3,269,2,other
33446,cellular,20,apr,48,3,-1,0,unknown
33447,cellular,20,apr,333,1,-1,0,unknown
33448,cellular,20,apr,86,2,-1,0,unknown
33449,cellular,20,apr,419,2,151,2,failure
33450,cellular,20,apr,16,5,-1,0,unknown
33451,cellular,20,apr,325,1,-1,0,unknown
33452,cellular,20,apr,766,2,150,3,other
33453,cellular,20,apr,169,1,-1,0,unknown
33454,cellular,20,apr,58,3,150,10,failure
33455,cellular,20,apr,345,1,-1,0,unknown
33456,cellular,20,apr,476,3,-1,0,unknown
33457,cellular,20,apr,115,2,-1,0,unknown
33458,cellular,20,apr,257,1,-1,0,unknown
33459,cellular,20,apr,252,5,-1,0,unknown
33460,cellular,20,apr,163,1,-1,0,unknown
33461,cellular,20,apr,517,1,-1,0,unknown
33462,cellular,20,apr,436,1,-1,0,unknown
33463,cellular,20,apr,53,1,-1,0,unknown
33464,cellular,20,apr,103,1,325,4,failure
33465,cellular,20,apr,172,1,-1,0,unknown
33466,cellular,20,apr,861,6,321,5,failure
33467,cellular,20,apr,414,2,285,1,failure
33468,cellular,20,apr,74,2,-1,0,unknown
33469,cellular,20,apr,28,5,-1,0,unknown
33470,cellular,20,apr,198,1,-1,0,unknown
33471,cellular,20,apr,393,3,-1,0,unknown
33472,cellular,20,apr,239,3,347,1,failure
33473,cellular,20,apr,168,3,326,1,failure
33474,cellular,20,apr,230,1,329,3,failure
33475,cellular,20,apr,48,2,342,1,failure
33476,cellular,20,apr,255,1,-1,0,unknown
33477,cellular,20,apr,168,2,-1,0,unknown
33478,cellular,20,apr,45,5,154,2,failure
33479,cellular,20,apr,1422,2,-1,0,unknown
33480,cellular,20,apr,18,5,335,9,other
33481,cellular,20,apr,150,2,-1,0,unknown
33482,cellular,20,apr,239,2,259,2,failure
33483,cellular,20,apr,45,4,153,1,failure
33484,cellular,20,apr,267,2,-1,0,unknown
33485,cellular,20,apr,55,1,-1,0,unknown
33486,cellular,20,apr,72,1,264,9,failure
33487,telephone,20,apr,16,12,-1,0,unknown
33488,cellular,20,apr,194,2,-1,0,unknown
33489,cellular,20,apr,228,3,347,1,failure
33490,cellular,20,apr,90,3,151,3,other
33491,cellular,20,apr,73,4,-1,0,unknown
33492,cellular,20,apr,104,5,-1,0,unknown
33493,cellular,20,apr,114,2,-1,0,unknown
33494,cellular,20,apr,233,3,-1,0,unknown
33495,cellular,20,apr,97,2,321,2,other
33496,cellular,20,apr,416,2,-1,0,unknown
33497,cellular,20,apr,334,2,-1,0,unknown
33498,cellular,20,apr,143,4,-1,0,unknown
33499,cellular,20,apr,546,2,-1,0,unknown
33500,cellular,20,apr,400,5,332,4,failure
33501,cellular,20,apr,172,3,-1,0,unknown
33502,cellular,20,apr,64,3,273,1,failure
33503,cellular,20,apr,66,3,-1,0,unknown
33504,cellular,20,apr,1010,3,326,1,other
33505,cellular,20,apr,1817,3,-1,0,unknown
33506,cellular,20,apr,137,1,272,2,failure
33507,telephone,20,apr,67,5,-1,0,unknown
33508,cellular,20,apr,120,1,-1,0,unknown
33509,cellular,20,apr,1030,3,-1,0,unknown
33510,cellular,20,apr,121,1,-1,0,unknown
33511,cellular,20,apr,17,6,25,7,other
33512,cellular,20,apr,885,5,150,7,failure
33513,cellular,20,apr,92,1,-1,0,unknown
33514,cellular,20,apr,724,2,-1,0,unknown
33515,cellular,20,apr,410,2,-1,0,unknown
33516,cellular,20,apr,68,2,-1,0,unknown
33517,cellular,20,apr,36,2,349,1,failure
33518,cellular,20,apr,453,1,-1,0,unknown
33519,cellular,20,apr,58,2,342,2,failure
33520,cellular,20,apr,8,3,315,1,failure
33521,cellular,20,apr,304,7,335,5,failure
33522,cellular,20,apr,282,2,320,1,other
33523,cellular,20,apr,12,2,-1,0,unknown
33524,cellular,20,apr,28,2,-1,0,unknown
33525,cellular,20,apr,856,3,-1,0,unknown
33526,cellular,20,apr,81,2,287,6,failure
33527,telephone,20,apr,58,5,-1,0,unknown
33528,cellular,20,apr,189,2,-1,0,unknown
33529,cellular,20,apr,401,2,-1,0,unknown
33530,cellular,20,apr,246,2,334,3,other
33531,cellular,20,apr,92,2,325,4,failure
33532,cellular,20,apr,270,2,325,1,failure
33533,cellular,20,apr,108,2,-1,0,unknown
33534,cellular,20,apr,11,3,-1,0,unknown
33535,cellular,20,apr,68,4,-1,0,unknown
33536,cellular,20,apr,1272,2,-1,0,unknown
33537,cellular,20,apr,91,2,-1,0,unknown
33538,telephone,20,apr,31,3,263,9,failure
33539,cellular,20,apr,286,4,-1,0,unknown
33540,cellular,20,apr,87,4,-1,0,unknown
33541,cellular,20,apr,89,3,-1,0,unknown
33542,cellular,20,apr,81,4,-1,0,unknown
33543,cellular,20,apr,167,2,287,3,failure
33544,cellular,20,apr,13,2,319,18,other
33545,cellular,20,apr,93,4,-1,0,unknown
33546,telephone,20,apr,70,4,-1,0,unknown
33547,cellular,20,apr,268,2,-1,0,unknown
33548,cellular,20,apr,226,2,-1,0,unknown
33549,cellular,20,apr,17,3,-1,0,unknown
33550,cellular,20,apr,590,3,-1,0,unknown
33551,cellular,20,apr,172,2,343,3,other
33552,cellular,20,apr,121,2,-1,0,unknown
33553,cellular,20,apr,249,3,237,4,failure
33554,cellular,20,apr,580,4,-1,0,unknown
33555,cellular,20,apr,8,3,-1,0,unknown
33556,cellular,20,apr,132,2,-1,0,unknown
33557,cellular,20,apr,10,6,-1,0,unknown
33558,cellular,20,apr,10,3,-1,0,unknown
33559,cellular,20,apr,890,2,-1,0,unknown
33560,cellular,20,apr,294,2,-1,0,unknown
33561,telephone,20,apr,534,3,319,3,failure
33562,cellular,20,apr,529,3,-1,0,unknown
33563,cellular,20,apr,8,2,-1,0,unknown
33564,cellular,20,apr,8,3,-1,0,unknown
33565,cellular,20,apr,340,2,-1,0,unknown
33566,cellular,20,apr,198,3,-1,0,unknown
33567,cellular,20,apr,242,2,307,1,failure
33568,cellular,20,apr,10,3,-1,0,unknown
33569,cellular,20,apr,51,4,349,1,other
33570,cellular,20,apr,400,2,-1,0,unknown
33571,cellular,20,apr,200,3,327,2,failure
33572,cellular,20,apr,46,2,285,1,failure
33573,cellular,20,apr,241,2,-1,0,unknown
33574,telephone,20,apr,32,2,266,5,failure
33575,cellular,20,apr,682,3,154,1,other
33576,cellular,20,apr,110,3,-1,0,unknown
33577,cellular,20,apr,52,2,-1,0,unknown
33578,cellular,20,apr,69,3,-1,0,unknown
33579,telephone,20,apr,26,4,150,5,failure
33580,cellular,20,apr,562,2,-1,0,unknown
33581,cellular,20,apr,138,2,150,4,other
33582,cellular,20,apr,124,4,150,1,other
33583,telephone,20,apr,18,5,349,2,failure
33584,cellular,20,apr,219,4,-1,0,unknown
33585,cellular,20,apr,142,3,150,3,failure
33586,cellular,20,apr,11,5,319,2,other
33587,cellular,20,apr,76,6,-1,0,unknown
33588,cellular,20,apr,21,5,-1,0,unknown
33589,cellular,20,apr,415,2,-1,0,unknown
33590,cellular,20,apr,140,4,343,1,failure
33591,cellular,20,apr,87,2,347,2,failure
33592,cellular,20,apr,423,5,-1,0,unknown
33593,cellular,20,apr,138,3,-1,0,unknown
33594,cellular,20,apr,16,3,249,5,failure
33595,cellular,20,apr,116,3,-1,0,unknown
33596,cellular,20,apr,122,2,-1,0,unknown
33597,cellular,20,apr,316,2,264,2,failure
33598,cellular,20,apr,198,3,346,1,failure
33599,cellular,20,apr,102,6,235,13,failure
33600,cellular,20,apr,306,2,-1,0,unknown
33601,cellular,20,apr,72,2,-1,0,unknown
33602,cellular,20,apr,31,3,153,2,other
33603,cellular,20,apr,156,3,325,9,failure
33604,cellular,20,apr,9,2,-1,0,unknown
33605,cellular,20,apr,539,4,-1,0,unknown
33606,cellular,20,apr,190,2,342,4,failure
33607,cellular,20,apr,280,4,287,3,other
33608,cellular,20,apr,152,5,-1,0,unknown
33609,cellular,20,apr,59,4,348,2,failure
33610,cellular,20,apr,58,4,-1,0,unknown
33611,cellular,20,apr,13,4,327,2,failure
33612,cellular,20,apr,404,6,340,1,failure
33613,telephone,20,apr,407,4,-1,0,unknown
33614,cellular,20,apr,529,3,-1,0,unknown
33615,telephone,20,apr,7,5,-1,0,unknown
33616,cellular,20,apr,136,3,-1,0,unknown
33617,cellular,20,apr,277,2,-1,0,unknown
33618,cellular,20,apr,93,3,329,7,failure
33619,cellular,20,apr,23,6,-1,0,unknown
33620,cellular,20,apr,20,4,-1,0,unknown
33621,cellular,20,apr,218,4,-1,0,unknown
33622,cellular,20,apr,16,3,154,4,other
33623,cellular,20,apr,233,3,-1,0,unknown
33624,cellular,20,apr,18,5,-1,0,unknown
33625,telephone,20,apr,197,4,-1,0,unknown
33626,cellular,20,apr,122,4,238,12,other
33627,cellular,20,apr,20,2,335,12,failure
33628,cellular,20,apr,104,4,-1,0,unknown
33629,cellular,20,apr,1333,5,-1,0,unknown
33630,cellular,20,apr,179,2,-1,0,unknown
33631,cellular,20,apr,7,5,318,10,other
33632,cellular,20,apr,69,2,-1,0,unknown
33633,cellular,20,apr,101,4,328,3,failure
33634,cellular,20,apr,579,2,350,1,failure
33635,cellular,20,apr,173,4,-1,0,unknown
33636,cellular,20,apr,231,3,151,5,other
33637,cellular,20,apr,259,3,-1,0,unknown
33638,cellular,20,apr,780,2,-1,0,unknown
33639,cellular,20,apr,20,2,-1,0,unknown
33640,cellular,20,apr,243,2,153,1,failure
33641,cellular,20,apr,204,3,-1,0,unknown
33642,cellular,20,apr,19,5,-1,0,unknown
33643,cellular,20,apr,847,5,-1,0,unknown
33644,cellular,20,apr,242,3,-1,0,unknown
33645,cellular,20,apr,226,2,-1,0,unknown
33646,cellular,20,apr,243,2,151,7,other
33647,cellular,20,apr,505,3,-1,0,unknown
33648,cellular,20,apr,25,2,-1,0,unknown
33649,cellular,20,apr,355,3,151,3,failure
33650,cellular,20,apr,106,4,340,4,success
33651,cellular,20,apr,307,4,-1,0,unknown
33652,cellular,20,apr,72,3,341,1,other
33653,cellular,20,apr,250,2,-1,0,unknown
33654,cellular,20,apr,18,4,334,1,other
33655,cellular,20,apr,164,6,-1,0,unknown
33656,cellular,20,apr,57,3,325,1,other
33657,cellular,20,apr,353,4,-1,0,unknown
33658,cellular,20,apr,372,2,-1,0,unknown
33659,cellular,20,apr,250,2,-1,0,unknown
33660,cellular,20,apr,196,2,283,2,failure
33661,cellular,20,apr,39,4,-1,0,unknown
33662,cellular,20,apr,22,4,-1,0,unknown
33663,cellular,20,apr,122,2,-1,0,unknown
33664,telephone,20,apr,19,6,-1,0,unknown
33665,cellular,20,apr,554,3,-1,0,unknown
33666,cellular,20,apr,212,2,-1,0,unknown
33667,cellular,20,apr,34,2,-1,0,unknown
33668,cellular,20,apr,12,6,-1,0,unknown
33669,cellular,20,apr,522,4,-1,0,unknown
33670,cellular,20,apr,106,3,-1,0,unknown
33671,cellular,20,apr,639,2,-1,0,unknown
33672,cellular,20,apr,123,4,328,1,other
33673,cellular,20,apr,6,6,328,8,failure
33674,cellular,20,apr,255,2,272,1,other
33675,cellular,20,apr,8,2,-1,0,unknown
33676,cellular,20,apr,7,4,-1,0,unknown
33677,cellular,20,apr,1156,3,-1,0,unknown
33678,cellular,20,apr,178,5,326,3,failure
33679,telephone,20,apr,21,3,-1,0,unknown
33680,cellular,20,apr,208,2,-1,0,unknown
33681,telephone,20,apr,43,3,-1,0,unknown
33682,cellular,20,apr,122,3,325,2,failure
33683,cellular,20,apr,25,2,-1,0,unknown
33684,cellular,20,apr,6,2,348,1,other
33685,telephone,20,apr,5,3,150,6,failure
33686,cellular,20,apr,149,2,-1,0,unknown
33687,cellular,20,apr,627,5,-1,0,unknown
33688,cellular,20,apr,943,3,-1,0,unknown
33689,cellular,20,apr,305,2,-1,0,unknown
33690,cellular,21,apr,71,2,-1,0,unknown
33691,cellular,21,apr,146,4,-1,0,unknown
33692,cellular,21,apr,333,3,-1,0,unknown
33693,cellular,21,apr,110,2,-1,0,unknown
33694,cellular,21,apr,159,2,-1,0,unknown
33695,cellular,21,apr,142,1,-1,0,unknown
33696,cellular,21,apr,336,1,-1,0,unknown
33697,cellular,21,apr,274,1,-1,0,unknown
33698,telephone,21,apr,1348,4,-1,0,unknown
33699,telephone,21,apr,207,17,-1,0,unknown
33700,telephone,21,apr,396,3,-1,0,unknown
33701,cellular,21,apr,219,1,-1,0,unknown
33702,telephone,21,apr,222,1,-1,0,unknown
33703,cellular,21,apr,100,1,-1,0,unknown
33704,cellular,21,apr,164,1,-1,0,unknown
33705,cellular,21,apr,252,1,-1,0,unknown
33706,cellular,21,apr,211,1,-1,0,unknown
33707,cellular,21,apr,243,1,-1,0,unknown
33708,cellular,21,apr,75,1,-1,0,unknown
33709,cellular,21,apr,95,1,-1,0,unknown
33710,telephone,21,apr,110,3,-1,0,unknown
33711,cellular,21,apr,47,2,-1,0,unknown
33712,cellular,21,apr,645,2,-1,0,unknown
33713,cellular,21,apr,464,4,-1,0,unknown
33714,cellular,21,apr,446,1,-1,0,unknown
33715,cellular,21,apr,149,2,-1,0,unknown
33716,cellular,21,apr,158,2,181,1,success
33717,telephone,21,apr,847,2,-1,0,unknown
33718,cellular,21,apr,242,2,-1,0,unknown
33719,telephone,21,apr,137,2,-1,0,unknown
33720,cellular,21,apr,278,3,-1,0,unknown
33721,cellular,21,apr,379,5,-1,0,unknown
33722,cellular,21,apr,204,1,-1,0,unknown
33723,cellular,21,apr,65,2,-1,0,unknown
33724,cellular,22,apr,183,5,-1,0,unknown
33725,cellular,22,apr,99,3,-1,0,unknown
33726,telephone,22,apr,94,7,-1,0,unknown
33727,telephone,22,apr,154,8,14,5,other
33728,cellular,22,apr,71,7,-1,0,unknown
33729,telephone,22,apr,220,1,-1,0,unknown
33730,cellular,22,apr,79,1,-1,0,unknown
33731,telephone,22,apr,186,4,-1,0,unknown
33732,cellular,22,apr,343,5,-1,0,unknown
33733,cellular,22,apr,341,2,-1,0,unknown
33734,cellular,22,apr,400,1,-1,0,unknown
33735,cellular,22,apr,621,1,-1,0,unknown
33736,cellular,22,apr,219,1,-1,0,unknown
33737,cellular,22,apr,315,1,-1,0,unknown
33738,cellular,22,apr,156,1,-1,0,unknown
33739,cellular,22,apr,314,1,239,13,failure
33740,telephone,22,apr,101,1,-1,0,unknown
33741,telephone,22,apr,135,3,-1,0,unknown
33742,cellular,22,apr,319,1,182,1,success
33743,cellular,22,apr,164,2,-1,0,unknown
33744,cellular,22,apr,104,1,183,4,failure
33745,cellular,22,apr,70,3,-1,0,unknown
33746,cellular,22,apr,145,1,-1,0,unknown
33747,cellular,22,apr,229,1,-1,0,unknown
33748,cellular,22,apr,147,1,181,1,success
33749,cellular,22,apr,102,1,-1,0,unknown
33750,cellular,22,apr,155,1,-1,0,unknown
33751,cellular,22,apr,240,1,-1,0,unknown
33752,cellular,22,apr,369,1,-1,0,unknown
33753,cellular,22,apr,416,1,-1,0,unknown
33754,cellular,22,apr,307,1,278,2,failure
33755,cellular,22,apr,232,4,-1,0,unknown
33756,cellular,22,apr,138,2,-1,0,unknown
33757,cellular,22,apr,279,2,-1,0,unknown
33758,cellular,22,apr,91,2,275,1,failure
33759,cellular,22,apr,124,2,343,2,other
33760,cellular,22,apr,107,2,-1,0,unknown
33761,cellular,22,apr,176,1,-1,0,unknown
33762,cellular,22,apr,382,2,-1,0,unknown
33763,cellular,22,apr,116,4,-1,0,unknown
33764,cellular,22,apr,1288,3,-1,0,unknown
33765,cellular,22,apr,545,1,-1,0,unknown
33766,telephone,22,apr,195,3,-1,0,unknown
33767,cellular,22,apr,371,2,-1,0,unknown
33768,cellular,23,apr,229,2,-1,0,unknown
33769,cellular,23,apr,293,1,-1,0,unknown
33770,cellular,23,apr,93,3,-1,0,unknown
33771,telephone,23,apr,164,4,-1,0,unknown
33772,telephone,23,apr,67,3,-1,0,unknown
33773,cellular,23,apr,477,2,-1,0,unknown
33774,cellular,23,apr,94,1,-1,0,unknown
33775,cellular,23,apr,266,5,-1,0,unknown
33776,cellular,23,apr,242,5,153,7,failure
33777,telephone,23,apr,201,1,-1,0,unknown
33778,cellular,23,apr,90,14,-1,0,unknown
33779,cellular,23,apr,172,1,-1,0,unknown
33780,telephone,23,apr,413,3,-1,0,unknown
33781,telephone,23,apr,141,1,-1,0,unknown
33782,cellular,23,apr,117,1,-1,0,unknown
33783,cellular,23,apr,163,1,-1,0,unknown
33784,telephone,23,apr,155,1,-1,0,unknown
33785,cellular,23,apr,206,1,-1,0,unknown
33786,cellular,23,apr,522,4,-1,0,unknown
33787,cellular,23,apr,91,4,156,1,other
33788,cellular,23,apr,159,4,-1,0,unknown
33789,cellular,23,apr,106,3,-1,0,unknown
33790,cellular,23,apr,116,4,-1,0,unknown
33791,telephone,23,apr,77,2,-1,0,unknown
33792,cellular,23,apr,86,1,-1,0,unknown
33793,cellular,23,apr,113,1,-1,0,unknown
33794,cellular,23,apr,158,1,-1,0,unknown
33795,cellular,23,apr,203,4,-1,0,unknown
33796,cellular,23,apr,191,1,-1,0,unknown
33797,cellular,23,apr,115,16,-1,0,unknown
33798,cellular,24,apr,65,2,81,3,failure
33799,cellular,24,apr,219,1,-1,0,unknown
33800,cellular,24,apr,155,9,-1,0,unknown
33801,cellular,24,apr,86,1,-1,0,unknown
33802,cellular,24,apr,235,2,-1,0,unknown
33803,cellular,24,apr,384,2,-1,0,unknown
33804,cellular,24,apr,65,2,-1,0,unknown
33805,cellular,24,apr,160,1,-1,0,unknown
33806,cellular,24,apr,60,3,-1,0,unknown
33807,cellular,24,apr,78,2,-1,0,unknown
33808,cellular,24,apr,227,1,4,1,failure
33809,cellular,24,apr,202,5,261,2,failure
33810,cellular,24,apr,222,4,-1,0,unknown
33811,cellular,24,apr,173,2,-1,0,unknown
33812,cellular,24,apr,83,2,-1,0,unknown
33813,cellular,27,apr,121,8,-1,0,unknown
33814,cellular,27,apr,44,3,-1,0,unknown
33815,cellular,27,apr,388,3,-1,0,unknown
33816,telephone,27,apr,89,12,-1,0,unknown
33817,cellular,27,apr,165,2,-1,0,unknown
33818,cellular,27,apr,124,1,-1,0,unknown
33819,cellular,27,apr,98,1,-1,0,unknown
33820,cellular,27,apr,97,1,-1,0,unknown
33821,cellular,27,apr,218,1,-1,0,unknown
33822,cellular,27,apr,107,1,-1,0,unknown
33823,cellular,27,apr,497,1,-1,0,unknown
33824,cellular,27,apr,148,1,-1,0,unknown
33825,cellular,27,apr,398,1,-1,0,unknown
33826,cellular,27,apr,91,3,-1,0,unknown
33827,cellular,27,apr,444,1,-1,0,unknown
33828,cellular,27,apr,160,1,-1,0,unknown
33829,cellular,27,apr,96,2,-1,0,unknown
33830,cellular,27,apr,167,1,-1,0,unknown
33831,cellular,27,apr,81,1,-1,0,unknown
33832,cellular,27,apr,89,8,-1,0,unknown
33833,cellular,27,apr,66,1,-1,0,unknown
33834,cellular,27,apr,122,1,-1,0,unknown
33835,cellular,27,apr,144,1,-1,0,unknown
33836,cellular,27,apr,90,2,-1,0,unknown
33837,telephone,27,apr,151,3,-1,0,unknown
33838,cellular,27,apr,77,1,-1,0,unknown
33839,cellular,28,apr,151,3,-1,0,unknown
33840,cellular,28,apr,139,2,-1,0,unknown
33841,cellular,28,apr,165,3,-1,0,unknown
33842,cellular,28,apr,118,2,-1,0,unknown
33843,cellular,28,apr,186,2,-1,0,unknown
33844,cellular,28,apr,428,3,-1,0,unknown
33845,cellular,28,apr,50,2,-1,0,unknown
33846,telephone,28,apr,72,4,-1,0,unknown
33847,cellular,28,apr,56,2,-1,0,unknown
33848,cellular,28,apr,101,2,-1,0,unknown
33849,cellular,28,apr,318,2,-1,0,unknown
33850,cellular,28,apr,83,2,-1,0,unknown
33851,cellular,29,apr,89,2,-1,0,unknown
33852,cellular,29,apr,507,3,349,1,other
33853,cellular,29,apr,636,2,-1,0,unknown
33854,cellular,29,apr,961,2,334,2,failure
33855,cellular,29,apr,80,7,-1,0,unknown
33856,telephone,29,apr,75,3,-1,0,unknown
33857,cellular,29,apr,153,4,161,1,failure
33858,telephone,29,apr,164,23,-1,0,unknown
33859,cellular,29,apr,85,7,-1,0,unknown
33860,telephone,29,apr,107,5,-1,0,unknown
33861,cellular,29,apr,375,1,-1,0,unknown
33862,cellular,30,apr,170,1,-1,0,unknown
33863,cellular,30,apr,211,1,87,1,other
33864,cellular,30,apr,192,1,-1,0,unknown
33865,cellular,30,apr,179,1,-1,0,unknown
33866,cellular,30,apr,358,1,-1,0,unknown
33867,cellular,30,apr,523,1,87,2,other
33868,cellular,30,apr,510,1,-1,0,unknown
33869,cellular,30,apr,168,1,-1,0,unknown
33870,cellular,30,apr,587,1,-1,0,unknown
33871,cellular,30,apr,571,1,-1,0,unknown
33872,cellular,30,apr,244,1,-1,0,unknown
33873,cellular,30,apr,400,1,-1,0,unknown
33874,cellular,30,apr,185,1,85,2,success
33875,cellular,30,apr,67,1,-1,0,unknown
33876,cellular,30,apr,701,1,176,1,success
33877,cellular,30,apr,968,1,87,5,failure
33878,cellular,30,apr,117,1,-1,0,unknown
33879,cellular,30,apr,381,1,269,1,failure
33880,cellular,30,apr,108,1,-1,0,unknown
33881,cellular,30,apr,571,1,-1,0,unknown
33882,cellular,30,apr,239,1,-1,0,unknown
33883,cellular,30,apr,75,1,-1,0,unknown
33884,cellular,30,apr,195,1,86,1,success
33885,cellular,30,apr,534,1,-1,0,unknown
33886,cellular,30,apr,224,1,-1,0,unknown
33887,cellular,30,apr,739,1,-1,0,unknown
33888,cellular,30,apr,277,1,85,1,failure
33889,cellular,30,apr,243,1,-1,0,unknown
33890,cellular,30,apr,720,1,-1,0,unknown
33891,cellular,30,apr,364,1,86,2,other
33892,cellular,30,apr,243,1,-1,0,unknown
33893,cellular,30,apr,353,1,-1,0,unknown
33894,cellular,30,apr,412,1,169,1,success
33895,telephone,30,apr,268,1,-1,0,unknown
33896,cellular,30,apr,264,1,-1,0,unknown
33897,cellular,30,apr,208,1,87,1,success
33898,cellular,30,apr,169,2,83,2,success
33899,cellular,30,apr,85,1,-1,0,unknown
33900,cellular,30,apr,121,1,-1,0,unknown
33901,cellular,30,apr,160,1,-1,0,unknown
33902,cellular,30,apr,619,1,-1,0,unknown
33903,cellular,30,apr,401,1,-1,0,unknown
33904,cellular,30,apr,155,1,164,1,failure
33905,cellular,30,apr,239,1,-1,0,unknown
33906,cellular,30,apr,152,1,-1,0,unknown
33907,cellular,30,apr,871,1,-1,0,unknown
33908,cellular,30,apr,297,1,83,6,success
33909,cellular,30,apr,231,1,-1,0,unknown
33910,cellular,30,apr,104,1,-1,0,unknown
33911,cellular,30,apr,365,1,85,1,success
33912,cellular,30,apr,512,1,-1,0,unknown
33913,cellular,30,apr,470,8,-1,0,unknown
33914,cellular,30,apr,281,1,-1,0,unknown
33915,cellular,30,apr,328,1,-1,0,unknown
33916,cellular,30,apr,119,1,-1,0,unknown
33917,cellular,30,apr,252,1,168,1,success
33918,cellular,30,apr,335,1,-1,0,unknown
33919,cellular,30,apr,815,1,87,1,other
33920,cellular,30,apr,354,1,87,1,success
33921,cellular,30,apr,347,1,-1,0,unknown
33922,cellular,30,apr,271,1,79,1,success
33923,cellular,30,apr,110,1,83,7,failure
33924,cellular,30,apr,222,1,-1,0,unknown
33925,cellular,30,apr,551,1,-1,0,unknown
33926,cellular,30,apr,249,1,86,3,failure
33927,cellular,30,apr,383,1,-1,0,unknown
33928,cellular,30,apr,177,2,-1,0,unknown
33929,cellular,30,apr,368,1,-1,0,unknown
33930,cellular,30,apr,1277,1,87,2,other
33931,cellular,30,apr,354,1,79,1,success
33932,cellular,30,apr,267,1,259,2,failure
33933,cellular,30,apr,841,1,85,2,failure
33934,cellular,30,apr,187,10,-1,0,unknown
33935,cellular,30,apr,47,1,-1,0,unknown
33936,cellular,30,apr,69,1,-1,0,unknown
33937,cellular,30,apr,381,1,160,2,other
33938,cellular,30,apr,390,1,-1,0,unknown
33939,cellular,30,apr,221,1,70,2,other
33940,cellular,30,apr,156,2,-1,0,unknown
33941,cellular,30,apr,116,1,21,1,failure
33942,cellular,30,apr,249,1,-1,0,unknown
33943,cellular,30,apr,465,1,-1,0,unknown
33944,cellular,30,apr,900,2,86,2,failure
33945,cellular,30,apr,127,1,-1,0,unknown
33946,cellular,30,apr,394,1,-1,0,unknown
33947,cellular,30,apr,279,1,-1,0,unknown
33948,cellular,30,apr,779,2,-1,0,unknown
33949,cellular,30,apr,246,2,-1,0,unknown
33950,cellular,30,apr,584,1,-1,0,unknown
33951,cellular,30,apr,878,1,-1,0,unknown
33952,cellular,30,apr,195,2,268,2,other
33953,cellular,30,apr,554,1,6,2,success
33954,cellular,30,apr,99,2,-1,0,unknown
33955,cellular,30,apr,222,1,-1,0,unknown
33956,cellular,30,apr,78,2,176,1,success
33957,cellular,30,apr,58,1,163,1,failure
33958,cellular,30,apr,115,1,-1,0,unknown
33959,cellular,30,apr,200,1,259,2,other
33960,cellular,30,apr,442,1,-1,0,unknown
33961,cellular,30,apr,297,1,86,3,success
33962,cellular,30,apr,830,1,-1,0,unknown
33963,cellular,30,apr,237,1,-1,0,unknown
33964,cellular,30,apr,116,1,79,2,success
33965,cellular,30,apr,687,1,9,3,success
33966,cellular,30,apr,193,1,86,1,failure
33967,cellular,30,apr,439,1,-1,0,unknown
33968,cellular,30,apr,565,1,13,1,failure
33969,cellular,30,apr,126,1,-1,0,unknown
33970,cellular,30,apr,53,1,325,1,failure
33971,telephone,30,apr,455,2,-1,0,unknown
33972,cellular,30,apr,524,2,-1,0,unknown
33973,cellular,30,apr,80,1,-1,0,unknown
33974,cellular,30,apr,225,1,83,1,success
33975,telephone,30,apr,110,1,-1,0,unknown
33976,cellular,30,apr,258,2,160,7,other
33977,cellular,30,apr,104,1,31,4,failure
33978,cellular,30,apr,70,1,84,1,failure
33979,cellular,30,apr,124,1,28,3,failure
33980,cellular,30,apr,308,1,-1,0,unknown
33981,cellular,30,apr,257,1,-1,0,unknown
33982,cellular,30,apr,244,1,-1,0,unknown
33983,cellular,30,apr,344,1,-1,0,unknown
33984,cellular,30,apr,323,1,-1,0,unknown
33985,cellular,30,apr,400,1,87,2,failure
33986,cellular,30,apr,514,1,-1,0,unknown
33987,cellular,30,apr,103,3,-1,0,unknown
33988,cellular,30,apr,132,1,-1,0,unknown
33989,telephone,30,apr,141,1,-1,0,unknown
33990,cellular,30,apr,284,1,339,1,failure
33991,cellular,30,apr,319,1,86,1,success
33992,cellular,30,apr,800,1,-1,0,unknown
33993,cellular,30,apr,204,1,-1,0,unknown
33994,cellular,30,apr,482,1,161,1,failure
33995,cellular,30,apr,85,1,-1,0,unknown
33996,cellular,30,apr,99,1,274,4,other
33997,cellular,30,apr,472,1,-1,0,unknown
33998,cellular,30,apr,196,1,86,1,success
33999,cellular,30,apr,452,2,-1,0,unknown
34000,cellular,30,apr,586,2,-1,0,unknown
34001,cellular,30,apr,268,1,261,5,other
34002,cellular,30,apr,166,1,-1,0,unknown
34003,cellular,30,apr,316,1,350,2,failure
34004,cellular,30,apr,270,2,293,2,failure
34005,cellular,30,apr,461,1,-1,0,unknown
34006,cellular,30,apr,113,1,37,1,other
34007,cellular,30,apr,526,2,87,3,failure
34008,cellular,30,apr,130,2,-1,0,unknown
34009,cellular,30,apr,315,1,87,1,success
34010,cellular,30,apr,97,1,-1,0,unknown
34011,cellular,30,apr,284,3,84,3,success
34012,cellular,30,apr,119,1,-1,0,unknown
34013,cellular,30,apr,423,2,-1,0,unknown
34014,cellular,30,apr,311,1,-1,0,unknown
34015,cellular,30,apr,64,1,-1,0,unknown
34016,cellular,30,apr,209,1,-1,0,unknown
34017,cellular,30,apr,209,1,-1,0,unknown
34018,cellular,30,apr,457,1,80,1,success
34019,cellular,30,apr,146,1,-1,0,unknown
34020,cellular,30,apr,268,3,-1,0,unknown
34021,cellular,30,apr,354,1,-1,0,unknown
34022,cellular,30,apr,94,1,85,2,failure
34023,cellular,30,apr,124,1,-1,0,unknown
34024,cellular,30,apr,309,1,-1,0,unknown
34025,cellular,30,apr,173,2,-1,0,unknown
34026,cellular,30,apr,261,1,-1,0,unknown
34027,cellular,30,apr,171,1,-1,0,unknown
34028,cellular,30,apr,439,2,-1,0,unknown
34029,cellular,30,apr,616,1,-1,0,unknown
34030,cellular,30,apr,198,1,160,1,failure
34031,cellular,30,apr,76,1,-1,0,unknown
34032,cellular,30,apr,278,1,-1,0,unknown
34033,cellular,30,apr,249,1,85,1,other
34034,cellular,30,apr,280,1,-1,0,unknown
34035,cellular,30,apr,437,1,80,1,success
34036,cellular,30,apr,68,1,86,1,success
34037,cellular,30,apr,532,1,-1,0,unknown
34038,cellular,30,apr,1373,2,-1,0,unknown
34039,cellular,30,apr,78,1,84,1,failure
34040,cellular,30,apr,97,2,87,2,other
34041,cellular,30,apr,226,1,78,2,success
34042,cellular,30,apr,102,1,-1,0,unknown
34043,cellular,30,apr,48,1,-1,0,unknown
34044,cellular,30,apr,88,1,-1,0,unknown
34045,cellular,30,apr,574,1,-1,0,unknown
34046,telephone,30,apr,917,1,-1,0,unknown
34047,cellular,30,apr,242,1,86,1,success
34048,cellular,30,apr,228,1,86,1,failure
34049,cellular,30,apr,157,1,-1,0,unknown
34050,cellular,30,apr,430,1,-1,0,unknown
34051,cellular,30,apr,483,1,13,5,success
34052,cellular,30,apr,120,2,-1,0,unknown
34053,cellular,30,apr,156,3,-1,0,unknown
34054,telephone,30,apr,130,1,-1,0,unknown
34055,cellular,30,apr,306,2,-1,0,unknown
34056,cellular,30,apr,193,1,-1,0,unknown
34057,cellular,30,apr,96,2,84,1,success
34058,cellular,30,apr,452,1,-1,0,unknown
34059,cellular,30,apr,666,1,-1,0,unknown
34060,cellular,30,apr,247,1,-1,0,unknown
34061,cellular,30,apr,325,1,-1,0,unknown
34062,cellular,30,apr,551,1,-1,0,unknown
34063,cellular,30,apr,458,1,-1,0,unknown
34064,cellular,30,apr,387,3,87,1,success
34065,cellular,30,apr,69,1,164,2,other
34066,cellular,30,apr,352,1,-1,0,unknown
34067,cellular,30,apr,359,1,-1,0,unknown
34068,cellular,30,apr,81,1,164,1,failure
34069,cellular,30,apr,260,1,-1,0,unknown
34070,cellular,30,apr,352,1,-1,0,unknown
34071,cellular,30,apr,780,1,-1,0,unknown
34072,telephone,30,apr,107,1,80,1,success
34073,cellular,30,apr,580,2,84,8,success
34074,cellular,30,apr,214,1,87,1,failure
34075,cellular,30,apr,258,1,86,5,success
34076,cellular,30,apr,114,2,-1,0,unknown
34077,cellular,30,apr,435,1,-1,0,unknown
34078,cellular,30,apr,211,1,86,1,success
34079,cellular,30,apr,441,2,-1,0,unknown
34080,cellular,30,apr,376,1,-1,0,unknown
34081,cellular,30,apr,615,1,-1,0,unknown
34082,cellular,30,apr,555,2,-1,0,unknown
34083,cellular,30,apr,341,2,-1,0,unknown
34084,cellular,30,apr,149,1,84,7,success
34085,cellular,30,apr,951,1,-1,0,unknown
34086,telephone,30,apr,93,2,-1,0,unknown
34087,cellular,30,apr,384,1,80,6,other
34088,cellular,30,apr,168,2,-1,0,unknown
34089,cellular,30,apr,664,2,-1,0,unknown
34090,cellular,30,apr,184,2,-1,0,unknown
34091,telephone,30,apr,37,2,-1,0,unknown
34092,telephone,30,apr,71,2,-1,0,unknown
34093,cellular,30,apr,488,1,-1,0,unknown
34094,cellular,30,apr,460,1,-1,0,unknown
34095,cellular,30,apr,970,1,87,1,failure
34096,cellular,30,apr,761,2,330,4,failure
34097,cellular,30,apr,266,1,87,1,failure
34098,cellular,30,apr,618,2,-1,0,unknown
34099,cellular,30,apr,166,1,-1,0,unknown
34100,cellular,30,apr,122,1,167,1,success
34101,cellular,30,apr,774,2,164,1,failure
34102,cellular,30,apr,132,2,-1,0,unknown
34103,cellular,30,apr,112,1,281,3,failure
34104,cellular,30,apr,121,1,63,2,failure
34105,cellular,30,apr,175,1,-1,0,unknown
34106,cellular,30,apr,296,1,-1,0,unknown
34107,cellular,30,apr,300,1,86,1,success
34108,cellular,30,apr,861,2,-1,0,unknown
34109,cellular,30,apr,240,1,162,2,failure
34110,cellular,30,apr,329,2,346,2,failure
34111,cellular,30,apr,400,1,-1,0,unknown
34112,cellular,30,apr,503,3,-1,0,unknown
34113,cellular,30,apr,327,2,-1,0,unknown
34114,cellular,30,apr,264,2,86,3,failure
34115,cellular,30,apr,176,2,-1,0,unknown
34116,cellular,30,apr,82,6,-1,0,unknown
34117,cellular,30,apr,127,3,-1,0,unknown
34118,telephone,30,apr,127,4,-1,0,unknown
34119,cellular,30,apr,192,2,-1,0,unknown
34120,telephone,30,apr,44,1,-1,0,unknown
34121,telephone,30,apr,56,1,-1,0,unknown
34122,cellular,30,apr,510,2,-1,0,unknown
34123,cellular,30,apr,241,1,-1,0,unknown
34124,cellular,30,apr,513,1,-1,0,unknown
34125,cellular,30,apr,327,1,-1,0,unknown
34126,cellular,30,apr,189,3,344,5,failure
34127,cellular,30,apr,380,1,-1,0,unknown
34128,cellular,30,apr,416,1,-1,0,unknown
34129,cellular,30,apr,301,1,-1,0,unknown
34130,cellular,30,apr,247,1,-1,0,unknown
34131,cellular,30,apr,140,2,-1,0,unknown
34132,cellular,30,apr,109,1,-1,0,unknown
34133,cellular,30,apr,126,3,-1,0,unknown
34134,cellular,30,apr,195,1,13,1,failure
34135,telephone,30,apr,96,1,-1,0,unknown
34136,cellular,30,apr,144,2,-1,0,unknown
34137,cellular,30,apr,257,1,-1,0,unknown
34138,cellular,30,apr,92,1,86,1,failure
34139,cellular,30,apr,475,2,-1,0,unknown
34140,cellular,30,apr,236,1,-1,0,unknown
34141,cellular,30,apr,193,2,265,3,success
34142,cellular,30,apr,645,1,-1,0,unknown
34143,cellular,30,apr,342,3,22,3,other
34144,cellular,30,apr,73,2,350,2,failure
34145,cellular,30,apr,301,1,-1,0,unknown
34146,cellular,30,apr,1143,1,-1,0,unknown
34147,cellular,30,apr,169,1,80,2,success
34148,cellular,30,apr,750,2,164,4,other
34149,cellular,30,apr,210,3,-1,0,unknown
34150,cellular,30,apr,427,3,-1,0,unknown
34151,cellular,30,apr,370,3,-1,0,unknown
34152,cellular,30,apr,949,2,-1,0,unknown
34153,cellular,30,apr,753,1,-1,0,unknown
34154,cellular,30,apr,108,1,-1,0,unknown
34155,cellular,30,apr,139,1,-1,0,unknown
34156,telephone,30,apr,95,1,-1,0,unknown
34157,cellular,30,apr,652,2,-1,0,unknown
34158,cellular,30,apr,266,1,-1,0,unknown
34159,cellular,30,apr,1034,2,-1,0,unknown
34160,telephone,30,apr,766,3,84,3,success
34161,cellular,30,apr,227,2,-1,0,unknown
34162,cellular,30,apr,295,1,-1,0,unknown
34163,cellular,30,apr,230,1,-1,0,unknown
34164,cellular,30,apr,502,1,9,2,success
34165,cellular,30,apr,509,1,85,2,success
34166,cellular,30,apr,132,1,-1,0,unknown
34167,cellular,30,apr,317,1,160,5,other
34168,telephone,30,apr,136,2,-1,0,unknown
34169,cellular,30,apr,567,2,-1,0,unknown
34170,cellular,30,apr,501,1,-1,0,unknown
34171,cellular,30,apr,374,1,79,1,success
34172,telephone,30,apr,712,2,-1,0,unknown
34173,cellular,30,apr,347,3,-1,0,unknown
34174,cellular,30,apr,157,1,-1,0,unknown
34175,cellular,30,apr,259,1,296,1,other
34176,cellular,30,apr,633,1,85,2,success
34177,cellular,4,may,109,2,-1,0,unknown
34178,cellular,4,may,119,2,-1,0,unknown
34179,telephone,4,may,87,3,-1,0,unknown
34180,cellular,4,may,47,2,-1,0,unknown
34181,cellular,4,may,104,5,-1,0,unknown
34182,cellular,4,may,675,2,-1,0,unknown
34183,cellular,4,may,60,5,87,1,success
34184,cellular,4,may,384,2,-1,0,unknown
34185,telephone,4,may,390,3,-1,0,unknown
34186,cellular,4,may,303,3,-1,0,unknown
34187,cellular,4,may,312,2,-1,0,unknown
34188,cellular,4,may,160,4,83,3,failure
34189,cellular,4,may,130,1,91,2,failure
34190,cellular,4,may,74,1,-1,0,unknown
34191,telephone,4,may,364,1,355,1,other
34192,cellular,4,may,65,1,-1,0,unknown
34193,cellular,4,may,392,2,91,3,success
34194,cellular,4,may,63,1,-1,0,unknown
34195,cellular,4,may,240,1,-1,0,unknown
34196,cellular,4,may,193,1,87,3,failure
34197,cellular,4,may,267,1,91,1,failure
34198,cellular,4,may,200,1,91,1,failure
34199,cellular,4,may,218,1,-1,0,unknown
34200,cellular,4,may,244,1,-1,0,unknown
34201,cellular,4,may,359,1,-1,0,unknown
34202,cellular,4,may,301,1,88,2,success
34203,cellular,4,may,40,5,-1,0,unknown
34204,cellular,4,may,45,1,-1,0,unknown
34205,cellular,4,may,447,1,-1,0,unknown
34206,cellular,4,may,170,2,87,1,failure
34207,cellular,4,may,24,3,-1,0,unknown
34208,cellular,4,may,597,1,-1,0,unknown
34209,cellular,4,may,963,1,83,3,success
34210,cellular,4,may,301,3,90,1,success
34211,cellular,4,may,417,1,76,1,success
34212,cellular,4,may,136,1,91,1,failure
34213,telephone,4,may,1076,3,175,1,success
34214,telephone,4,may,47,1,-1,0,unknown
34215,cellular,4,may,643,1,-1,0,unknown
34216,cellular,4,may,275,3,-1,0,unknown
34217,telephone,4,may,115,1,-1,0,unknown
34218,cellular,4,may,251,4,-1,0,unknown
34219,cellular,4,may,90,2,-1,0,unknown
34220,cellular,4,may,592,1,66,1,success
34221,cellular,4,may,101,2,-1,0,unknown
34222,cellular,4,may,346,2,-1,0,unknown
34223,cellular,4,may,364,2,-1,0,unknown
34224,cellular,4,may,195,3,340,1,failure
34225,cellular,4,may,322,11,-1,0,unknown
34226,cellular,4,may,32,2,14,1,failure
34227,cellular,4,may,95,2,91,2,failure
34228,cellular,4,may,233,2,-1,0,unknown
34229,cellular,4,may,64,2,19,1,failure
34230,cellular,4,may,223,9,4,1,success
34231,cellular,4,may,77,2,-1,0,unknown
34232,cellular,4,may,98,4,89,4,success
34233,telephone,4,may,15,5,-1,0,unknown
34234,cellular,4,may,545,2,263,4,failure
34235,cellular,4,may,532,3,-1,0,unknown
34236,cellular,4,may,535,2,-1,0,unknown
34237,cellular,4,may,106,1,91,2,failure
34238,cellular,4,may,117,1,-1,0,unknown
34239,cellular,4,may,174,1,-1,0,unknown
34240,cellular,4,may,212,4,-1,0,unknown
34241,cellular,4,may,367,1,-1,0,unknown
34242,cellular,4,may,52,4,91,1,other
34243,cellular,4,may,297,4,334,1,other
34244,telephone,4,may,77,2,-1,0,unknown
34245,cellular,4,may,490,3,168,1,failure
34246,cellular,4,may,214,3,83,3,success
34247,cellular,4,may,378,3,-1,0,unknown
34248,cellular,4,may,7,4,-1,0,unknown
34249,telephone,4,may,412,5,350,2,success
34250,telephone,4,may,34,6,-1,0,unknown
34251,cellular,4,may,347,2,167,2,failure
34252,cellular,4,may,291,3,-1,0,unknown
34253,cellular,4,may,190,3,-1,0,unknown
34254,cellular,4,may,164,2,167,4,other
34255,cellular,4,may,92,2,-1,0,unknown
34256,cellular,4,may,26,5,-1,0,unknown
34257,cellular,4,may,90,4,-1,0,unknown
34258,telephone,4,may,222,6,-1,0,unknown
34259,cellular,4,may,74,3,-1,0,unknown
34260,cellular,4,may,383,2,35,3,failure
34261,cellular,4,may,172,2,-1,0,unknown
34262,cellular,4,may,54,2,-1,0,unknown
34263,telephone,4,may,96,1,-1,0,unknown
34264,cellular,4,may,54,1,96,1,failure
34265,cellular,4,may,334,2,180,1,failure
34266,cellular,4,may,180,1,-1,0,unknown
34267,cellular,4,may,150,1,-1,0,unknown
34268,cellular,4,may,76,2,87,1,success
34269,cellular,4,may,63,3,272,1,other
34270,cellular,4,may,227,2,-1,0,unknown
34271,telephone,4,may,101,2,-1,0,unknown
34272,cellular,4,may,238,3,-1,0,unknown
34273,cellular,4,may,619,6,-1,0,unknown
34274,cellular,4,may,190,3,355,2,other
34275,cellular,4,may,257,2,-1,0,unknown
34276,cellular,4,may,370,5,-1,0,unknown
34277,cellular,4,may,306,3,360,1,failure
34278,cellular,4,may,130,3,312,3,failure
34279,cellular,4,may,1046,3,333,2,success
34280,cellular,4,may,106,2,-1,0,unknown
34281,cellular,4,may,77,6,-1,0,unknown
34282,cellular,4,may,90,4,167,3,failure
34283,cellular,4,may,225,2,339,2,failure
34284,cellular,4,may,181,2,-1,0,unknown
34285,cellular,4,may,121,5,-1,0,unknown
34286,cellular,4,may,256,3,-1,0,unknown
34287,telephone,4,may,336,9,-1,0,unknown
34288,cellular,4,may,72,4,-1,0,unknown
34289,cellular,4,may,211,5,-1,0,unknown
34290,cellular,4,may,237,5,-1,0,unknown
34291,cellular,4,may,458,3,17,5,failure
34292,cellular,4,may,110,4,-1,0,unknown
34293,cellular,4,may,324,3,-1,0,unknown
34294,cellular,4,may,124,3,165,5,failure
34295,cellular,4,may,115,3,-1,0,unknown
34296,cellular,4,may,922,4,-1,0,unknown
34297,cellular,4,may,107,4,-1,0,unknown
34298,cellular,4,may,77,2,-1,0,unknown
34299,cellular,4,may,220,4,-1,0,unknown
34300,cellular,4,may,108,2,167,1,failure
34301,cellular,4,may,75,5,167,1,other
34302,cellular,4,may,601,3,-1,0,unknown
34303,cellular,4,may,198,2,88,1,other
34304,cellular,4,may,191,3,-1,0,unknown
34305,cellular,4,may,312,3,-1,0,unknown
34306,telephone,4,may,186,4,-1,0,unknown
34307,cellular,4,may,781,3,89,1,success
34308,cellular,4,may,347,2,-1,0,unknown
34309,cellular,4,may,78,3,89,9,success
34310,cellular,4,may,264,3,-1,0,unknown
34311,cellular,4,may,562,3,168,2,other
34312,cellular,4,may,79,4,269,4,failure
34313,cellular,4,may,949,3,-1,0,unknown
34314,cellular,4,may,99,2,14,3,failure
34315,telephone,4,may,181,2,-1,0,unknown
34316,cellular,4,may,364,3,-1,0,unknown
34317,cellular,4,may,815,6,167,6,failure
34318,cellular,4,may,55,2,-1,0,unknown
34319,cellular,4,may,65,3,89,3,failure
34320,cellular,4,may,313,2,-1,0,unknown
34321,telephone,4,may,104,4,-1,0,unknown
34322,cellular,4,may,742,4,-1,0,unknown
34323,cellular,4,may,20,5,-1,0,unknown
34324,cellular,4,may,528,3,-1,0,unknown
34325,cellular,4,may,352,4,-1,0,unknown
34326,cellular,4,may,289,4,-1,0,unknown
34327,cellular,4,may,134,3,91,1,failure
34328,cellular,4,may,126,4,-1,0,unknown
34329,cellular,4,may,326,3,357,15,other
34330,telephone,4,may,159,10,-1,0,unknown
34331,cellular,4,may,1121,3,88,10,success
34332,cellular,4,may,268,3,-1,0,unknown
34333,cellular,4,may,230,6,360,2,other
34334,cellular,4,may,417,2,-1,0,unknown
34335,cellular,4,may,716,3,263,2,failure
34336,cellular,4,may,365,4,-1,0,unknown
34337,telephone,4,may,475,7,-1,0,unknown
34338,cellular,4,may,104,3,-1,0,unknown
34339,cellular,4,may,617,2,-1,0,unknown
34340,telephone,4,may,89,5,-1,0,unknown
34341,cellular,4,may,333,2,-1,0,unknown
34342,cellular,4,may,13,6,89,2,failure
34343,cellular,4,may,174,5,346,3,failure
34344,cellular,4,may,288,5,-1,0,unknown
34345,cellular,4,may,171,4,-1,0,unknown
34346,telephone,4,may,483,4,87,2,success
34347,cellular,4,may,8,4,-1,0,unknown
34348,telephone,4,may,6,4,-1,0,unknown
34349,cellular,4,may,12,7,91,1,other
34350,cellular,4,may,1091,3,-1,0,unknown
34351,telephone,4,may,150,5,-1,0,unknown
34352,cellular,4,may,1063,5,-1,0,unknown
34353,telephone,4,may,36,6,90,2,other
34354,telephone,4,may,254,4,-1,0,unknown
34355,cellular,4,may,8,3,-1,0,unknown
34356,telephone,4,may,21,5,-1,0,unknown
34357,cellular,4,may,99,4,-1,0,unknown
34358,telephone,4,may,354,2,335,3,other
34359,cellular,4,may,267,6,-1,0,unknown
34360,cellular,4,may,520,2,80,3,success
34361,telephone,4,may,340,8,-1,0,unknown
34362,cellular,4,may,254,4,-1,0,unknown
34363,cellular,4,may,76,4,89,3,success
34364,cellular,4,may,15,4,166,1,failure
34365,cellular,4,may,108,1,-1,0,unknown
34366,cellular,4,may,429,4,164,2,failure
34367,cellular,4,may,399,2,-1,0,unknown
34368,cellular,4,may,16,5,-1,0,unknown
34369,cellular,4,may,10,4,87,12,failure
34370,telephone,4,may,33,7,-1,0,unknown
34371,cellular,4,may,399,1,-1,0,unknown
34372,telephone,4,may,331,5,-1,0,unknown
34373,cellular,4,may,11,4,90,7,success
34374,cellular,4,may,775,5,341,3,failure
34375,cellular,4,may,114,6,168,11,other
34376,cellular,4,may,78,4,74,14,failure
34377,cellular,4,may,83,5,-1,0,unknown
34378,telephone,4,may,40,5,-1,0,unknown
34379,cellular,4,may,143,1,-1,0,unknown
34380,cellular,4,may,14,5,75,1,success
34381,cellular,4,may,841,4,-1,0,unknown
34382,cellular,4,may,230,6,354,2,success
34383,cellular,4,may,23,5,-1,0,unknown
34384,cellular,4,may,15,4,87,6,failure
34385,telephone,4,may,526,1,-1,0,unknown
34386,telephone,4,may,846,2,-1,0,unknown
34387,telephone,4,may,211,3,-1,0,unknown
34388,cellular,4,may,9,8,-1,0,unknown
34389,telephone,4,may,640,7,-1,0,unknown
34390,cellular,4,may,124,5,-1,0,unknown
34391,cellular,4,may,673,6,90,1,success
34392,cellular,4,may,362,5,-1,0,unknown
34393,cellular,4,may,520,2,-1,0,unknown
34394,telephone,4,may,75,3,-1,0,unknown
34395,cellular,4,may,8,7,181,1,success
34396,telephone,4,may,157,3,-1,0,unknown
34397,cellular,4,may,226,2,319,1,success
34398,cellular,5,may,214,4,15,3,success
34399,cellular,5,may,205,2,-1,0,unknown
34400,cellular,5,may,574,2,-1,0,unknown
34401,cellular,5,may,159,8,-1,0,unknown
34402,cellular,5,may,171,2,-1,0,unknown
34403,cellular,5,may,85,4,-1,0,unknown
34404,cellular,5,may,136,5,-1,0,unknown
34405,cellular,5,may,813,2,351,3,failure
34406,cellular,5,may,762,3,-1,0,unknown
34407,cellular,5,may,122,3,362,1,failure
34408,cellular,5,may,29,4,349,1,failure
34409,cellular,5,may,29,6,358,3,other
34410,cellular,5,may,142,3,-1,0,unknown
34411,cellular,5,may,94,5,-1,0,unknown
34412,cellular,5,may,35,6,-1,0,unknown
34413,cellular,5,may,17,5,349,2,failure
34414,telephone,5,may,11,6,-1,0,unknown
34415,cellular,5,may,148,4,362,3,failure
34416,cellular,5,may,43,5,-1,0,unknown
34417,cellular,5,may,99,5,333,5,other
34418,cellular,5,may,39,5,349,2,other
34419,cellular,5,may,245,4,354,9,other
34420,cellular,5,may,89,5,-1,0,unknown
34421,cellular,5,may,106,4,-1,0,unknown
34422,cellular,5,may,272,2,336,1,failure
34423,telephone,5,may,15,7,-1,0,unknown
34424,cellular,5,may,245,6,168,1,failure
34425,cellular,5,may,84,5,-1,0,unknown
34426,cellular,5,may,18,6,-1,0,unknown
34427,cellular,5,may,24,7,354,2,other
34428,cellular,5,may,145,1,365,2,failure
34429,cellular,5,may,337,3,-1,0,unknown
34430,cellular,5,may,184,1,167,6,failure
34431,cellular,5,may,632,5,287,6,success
34432,cellular,5,may,105,1,-1,0,unknown
34433,cellular,5,may,326,1,-1,0,unknown
34434,telephone,5,may,363,1,333,7,other
34435,cellular,5,may,332,1,-1,0,unknown
34436,cellular,5,may,334,1,355,6,failure
34437,cellular,5,may,214,1,1,1,success
34438,cellular,5,may,319,1,-1,0,unknown
34439,cellular,5,may,276,1,309,9,failure
34440,cellular,5,may,51,1,-1,0,unknown
34441,cellular,5,may,461,1,-1,0,unknown
34442,cellular,5,may,133,1,-1,0,unknown
34443,cellular,5,may,301,1,-1,0,unknown
34444,cellular,5,may,415,1,-1,0,unknown
34445,cellular,5,may,167,1,-1,0,unknown
34446,cellular,5,may,17,1,-1,0,unknown
34447,cellular,5,may,151,1,-1,0,unknown
34448,cellular,5,may,168,1,265,2,failure
34449,cellular,5,may,495,1,-1,0,unknown
34450,cellular,5,may,123,1,-1,0,unknown
34451,cellular,5,may,243,1,169,3,failure
34452,cellular,5,may,57,1,301,1,failure
34453,cellular,5,may,234,1,165,4,failure
34454,cellular,5,may,17,6,-1,0,unknown
34455,cellular,5,may,234,1,-1,0,unknown
34456,cellular,5,may,154,1,-1,0,unknown
34457,telephone,5,may,29,1,-1,0,unknown
34458,cellular,5,may,266,1,298,2,failure
34459,cellular,5,may,163,1,-1,0,unknown
34460,cellular,5,may,382,1,-1,0,unknown
34461,cellular,5,may,358,1,-1,0,unknown
34462,cellular,5,may,180,1,-1,0,unknown
34463,cellular,5,may,494,1,-1,0,unknown
34464,cellular,5,may,145,1,337,4,failure
34465,cellular,5,may,118,1,-1,0,unknown
34466,cellular,5,may,1240,1,-1,0,unknown
34467,cellular,5,may,895,1,-1,0,unknown
34468,cellular,5,may,175,1,-1,0,unknown
34469,cellular,5,may,301,1,365,1,failure
34470,cellular,5,may,55,1,328,1,failure
34471,cellular,5,may,242,1,365,2,failure
34472,cellular,5,may,286,1,252,3,failure
34473,cellular,5,may,163,1,-1,0,unknown
34474,cellular,5,may,117,1,169,1,failure
34475,cellular,5,may,863,1,78,8,success
34476,telephone,5,may,227,3,-1,0,unknown
34477,cellular,5,may,139,1,286,1,failure
34478,cellular,5,may,156,1,337,3,failure
34479,cellular,5,may,28,1,-1,0,unknown
34480,cellular,5,may,62,1,355,2,other
34481,cellular,5,may,80,1,285,1,failure
34482,cellular,5,may,17,3,-1,0,unknown
34483,cellular,5,may,525,1,-1,0,unknown
34484,cellular,5,may,358,1,337,3,failure
34485,cellular,5,may,48,2,-1,0,unknown
34486,cellular,5,may,159,6,-1,0,unknown
34487,cellular,5,may,187,1,365,1,other
34488,cellular,5,may,233,1,-1,0,unknown
34489,cellular,5,may,131,1,-1,0,unknown
34490,cellular,5,may,95,1,-1,0,unknown
34491,cellular,5,may,188,1,-1,0,unknown
34492,cellular,5,may,381,1,342,7,failure
34493,cellular,5,may,604,1,-1,0,unknown
34494,cellular,5,may,1090,1,-1,0,unknown
34495,cellular,5,may,225,1,-1,0,unknown
34496,cellular,5,may,168,2,-1,0,unknown
34497,cellular,5,may,46,1,-1,0,unknown
34498,cellular,5,may,247,2,358,2,failure
34499,cellular,5,may,323,1,-1,0,unknown
34500,cellular,5,may,138,1,-1,0,unknown
34501,cellular,5,may,269,1,-1,0,unknown
34502,cellular,5,may,400,1,-1,0,unknown
34503,cellular,5,may,500,1,-1,0,unknown
34504,cellular,5,may,180,1,-1,0,unknown
34505,cellular,5,may,171,1,-1,0,unknown
34506,cellular,5,may,252,1,-1,0,unknown
34507,cellular,5,may,298,1,-1,0,unknown
34508,cellular,5,may,718,1,347,1,failure
34509,cellular,5,may,620,1,-1,0,unknown
34510,cellular,5,may,147,1,-1,0,unknown
34511,cellular,5,may,239,1,-1,0,unknown
34512,cellular,5,may,98,4,-1,0,unknown
34513,cellular,5,may,1130,4,-1,0,unknown
34514,cellular,5,may,188,1,-1,0,unknown
34515,cellular,5,may,136,2,362,2,other
34516,cellular,5,may,237,1,319,4,other
34517,cellular,5,may,838,1,-1,0,unknown
34518,cellular,5,may,272,4,-1,0,unknown
34519,cellular,5,may,173,1,-1,0,unknown
34520,cellular,5,may,659,1,167,1,failure
34521,cellular,5,may,201,1,-1,0,unknown
34522,cellular,5,may,143,1,364,1,failure
34523,cellular,5,may,39,1,-1,0,unknown
34524,cellular,5,may,108,1,349,2,failure
34525,cellular,5,may,456,1,287,1,failure
34526,cellular,5,may,196,1,-1,0,unknown
34527,cellular,5,may,150,1,-1,0,unknown
34528,cellular,5,may,236,1,287,2,failure
34529,telephone,5,may,125,2,-1,0,unknown
34530,cellular,5,may,92,1,342,4,other
34531,cellular,5,may,84,1,167,1,failure
34532,telephone,5,may,60,1,-1,0,unknown
34533,cellular,5,may,18,6,-1,0,unknown
34534,cellular,5,may,241,1,347,1,failure
34535,cellular,5,may,151,1,-1,0,unknown
34536,cellular,5,may,154,1,-1,0,unknown
34537,cellular,5,may,399,1,-1,0,unknown
34538,cellular,5,may,273,1,-1,0,unknown
34539,cellular,5,may,295,1,-1,0,unknown
34540,cellular,5,may,123,1,-1,0,unknown
34541,cellular,5,may,345,1,-1,0,unknown
34542,cellular,5,may,323,2,-1,0,unknown
34543,cellular,5,may,335,1,-1,0,unknown
34544,cellular,5,may,26,1,-1,0,unknown
34545,cellular,5,may,294,1,-1,0,unknown
34546,cellular,5,may,138,1,-1,0,unknown
34547,cellular,5,may,87,4,349,2,failure
34548,cellular,5,may,123,1,-1,0,unknown
34549,cellular,5,may,248,1,-1,0,unknown
34550,cellular,5,may,127,1,363,4,failure
34551,cellular,5,may,106,1,362,3,other
34552,cellular,5,may,362,1,-1,0,unknown
34553,cellular,5,may,159,1,365,1,failure
34554,cellular,5,may,67,1,-1,0,unknown
34555,cellular,5,may,54,4,362,1,other
34556,cellular,5,may,197,1,-1,0,unknown
34557,cellular,5,may,623,1,-1,0,unknown
34558,cellular,5,may,335,2,281,8,failure
34559,cellular,5,may,308,1,351,1,failure
34560,cellular,5,may,206,1,355,1,failure
34561,cellular,5,may,272,2,-1,0,unknown
34562,cellular,5,may,811,2,-1,0,unknown
34563,cellular,5,may,145,1,-1,0,unknown
34564,cellular,5,may,442,2,-1,0,unknown
34565,cellular,5,may,568,1,341,7,failure
34566,cellular,5,may,259,1,-1,0,unknown
34567,cellular,5,may,42,1,272,2,failure
34568,cellular,5,may,49,2,-1,0,unknown
34569,cellular,5,may,313,1,-1,0,unknown
34570,cellular,5,may,29,3,-1,0,unknown
34571,cellular,5,may,78,4,-1,0,unknown
34572,cellular,5,may,231,4,-1,0,unknown
34573,cellular,5,may,19,2,-1,0,unknown
34574,cellular,5,may,235,2,-1,0,unknown
34575,cellular,5,may,955,2,-1,0,unknown
34576,cellular,5,may,470,2,166,2,failure
34577,cellular,5,may,11,9,-1,0,unknown
34578,cellular,5,may,383,5,-1,0,unknown
34579,cellular,5,may,58,2,-1,0,unknown
34580,cellular,5,may,155,1,-1,0,unknown
34581,cellular,5,may,166,2,285,1,failure
34582,cellular,5,may,542,4,47,11,other
34583,cellular,5,may,277,1,-1,0,unknown
34584,cellular,5,may,237,4,165,4,failure
34585,cellular,5,may,184,1,334,2,failure
34586,cellular,5,may,325,2,-1,0,unknown
34587,cellular,5,may,360,1,365,2,failure
34588,cellular,5,may,245,5,-1,0,unknown
34589,cellular,5,may,168,1,-1,0,unknown
34590,cellular,5,may,131,1,-1,0,unknown
34591,cellular,5,may,37,1,-1,0,unknown
34592,cellular,5,may,257,1,-1,0,unknown
34593,cellular,5,may,247,1,-1,0,unknown
34594,cellular,5,may,348,1,-1,0,unknown
34595,cellular,5,may,335,1,295,3,failure
34596,cellular,5,may,127,1,-1,0,unknown
34597,cellular,5,may,217,2,-1,0,unknown
34598,cellular,5,may,71,1,-1,0,unknown
34599,cellular,5,may,58,1,-1,0,unknown
34600,cellular,5,may,104,3,256,9,failure
34601,cellular,5,may,352,1,-1,0,unknown
34602,cellular,5,may,398,2,165,4,failure
34603,cellular,5,may,399,1,-1,0,unknown
34604,cellular,5,may,54,3,-1,0,unknown
34605,cellular,5,may,253,3,280,2,failure
34606,cellular,5,may,310,1,-1,0,unknown
34607,telephone,5,may,92,3,-1,0,unknown
34608,cellular,5,may,249,1,300,1,failure
34609,cellular,5,may,303,1,-1,0,unknown
34610,cellular,5,may,160,1,-1,0,unknown
34611,cellular,5,may,227,1,-1,0,unknown
34612,cellular,5,may,316,1,337,4,success
34613,cellular,5,may,65,3,342,1,other
34614,cellular,5,may,41,1,-1,0,unknown
34615,cellular,5,may,60,2,347,1,failure
34616,cellular,5,may,246,1,344,1,failure
34617,cellular,5,may,157,4,-1,0,unknown
34618,cellular,5,may,200,2,294,4,other
34619,cellular,5,may,162,1,337,1,failure
34620,cellular,5,may,259,1,-1,0,unknown
34621,cellular,5,may,290,2,-1,0,unknown
34622,cellular,5,may,387,2,287,1,failure
34623,cellular,5,may,253,1,342,1,success
34624,cellular,5,may,74,1,168,4,failure
34625,cellular,5,may,301,2,-1,0,unknown
34626,cellular,5,may,106,1,-1,0,unknown
34627,cellular,5,may,283,1,362,9,failure
34628,cellular,5,may,159,1,-1,0,unknown
34629,cellular,5,may,64,1,-1,0,unknown
34630,cellular,5,may,343,4,167,6,other
34631,cellular,5,may,223,1,-1,0,unknown
34632,cellular,5,may,496,1,343,3,failure
34633,cellular,5,may,113,2,-1,0,unknown
34634,cellular,5,may,397,1,-1,0,unknown
34635,cellular,5,may,876,1,-1,0,unknown
34636,cellular,5,may,101,2,-1,0,unknown
34637,cellular,5,may,334,1,-1,0,unknown
34638,cellular,5,may,788,1,-1,0,unknown
34639,cellular,5,may,183,1,265,2,failure
34640,cellular,5,may,355,2,-1,0,unknown
34641,cellular,5,may,894,1,-1,0,unknown
34642,cellular,5,may,1101,1,-1,0,unknown
34643,cellular,5,may,128,1,336,1,other
34644,telephone,5,may,170,2,-1,0,unknown
34645,cellular,5,may,325,2,-1,0,unknown
34646,cellular,5,may,150,2,342,2,failure
34647,cellular,5,may,442,2,278,3,failure
34648,cellular,5,may,444,2,-1,0,unknown
34649,cellular,5,may,85,8,-1,0,unknown
34650,cellular,5,may,83,9,168,2,other
34651,cellular,5,may,369,2,278,5,failure
34652,cellular,5,may,281,2,-1,0,unknown
34653,cellular,5,may,304,2,259,2,failure
34654,cellular,5,may,159,2,350,2,failure
34655,cellular,5,may,725,3,-1,0,unknown
34656,cellular,5,may,263,2,-1,0,unknown
34657,cellular,5,may,335,2,165,5,other
34658,cellular,5,may,334,6,165,5,failure
34659,cellular,5,may,414,5,361,3,other
34660,cellular,5,may,342,2,-1,0,unknown
34661,cellular,5,may,200,3,-1,0,unknown
34662,cellular,5,may,297,2,167,1,failure
34663,cellular,5,may,338,4,288,2,other
34664,cellular,5,may,279,2,342,2,failure
34665,cellular,5,may,318,3,-1,0,unknown
34666,cellular,5,may,147,2,347,1,failure
34667,cellular,5,may,306,2,-1,0,unknown
34668,cellular,5,may,81,9,-1,0,unknown
34669,cellular,5,may,176,2,341,3,failure
34670,cellular,5,may,670,2,286,6,failure
34671,cellular,5,may,1100,3,-1,0,unknown
34672,cellular,5,may,192,2,-1,0,unknown
34673,cellular,5,may,77,2,-1,0,unknown
34674,cellular,5,may,124,2,344,1,other
34675,telephone,5,may,291,5,-1,0,unknown
34676,cellular,5,may,122,2,344,2,failure
34677,cellular,5,may,180,3,166,15,failure
34678,cellular,5,may,178,2,363,3,failure
34679,cellular,5,may,157,7,250,3,failure
34680,cellular,5,may,211,2,347,1,failure
34681,cellular,5,may,862,3,337,1,other
34682,cellular,5,may,319,2,169,1,failure
34683,cellular,5,may,272,3,-1,0,unknown
34684,cellular,5,may,169,2,-1,0,unknown
34685,cellular,5,may,67,4,-1,0,unknown
34686,cellular,5,may,75,7,-1,0,unknown
34687,cellular,5,may,674,2,250,4,failure
34688,cellular,5,may,704,2,-1,0,unknown
34689,cellular,5,may,321,2,-1,0,unknown
34690,cellular,5,may,209,5,343,1,failure
34691,cellular,5,may,211,2,278,23,other
34692,cellular,5,may,185,2,165,2,failure
34693,cellular,5,may,205,2,-1,0,unknown
34694,cellular,5,may,469,2,342,1,failure
34695,cellular,5,may,253,2,286,1,failure
34696,telephone,5,may,475,4,166,2,failure
34697,cellular,5,may,523,1,334,2,failure
34698,telephone,5,may,36,7,165,5,other
34699,cellular,5,may,371,2,-1,0,unknown
34700,cellular,5,may,52,3,-1,0,unknown
34701,cellular,5,may,165,3,169,5,other
34702,cellular,5,may,475,2,-1,0,unknown
34703,cellular,5,may,233,2,-1,0,unknown
34704,cellular,5,may,102,5,-1,0,unknown
34705,cellular,5,may,176,1,-1,0,unknown
34706,cellular,5,may,238,3,340,2,failure
34707,cellular,5,may,278,1,-1,0,unknown
34708,cellular,5,may,111,1,-1,0,unknown
34709,cellular,5,may,305,5,349,7,other
34710,cellular,5,may,275,1,-1,0,unknown
34711,cellular,5,may,320,1,-1,0,unknown
34712,telephone,5,may,399,2,358,5,other
34713,telephone,5,may,259,2,-1,0,unknown
34714,cellular,5,may,165,1,-1,0,unknown
34715,cellular,5,may,126,1,-1,0,unknown
34716,telephone,5,may,193,1,335,1,failure
34717,cellular,5,may,189,1,-1,0,unknown
34718,cellular,5,may,418,3,-1,0,unknown
34719,telephone,5,may,408,2,350,1,failure
34720,cellular,5,may,74,8,351,11,failure
34721,cellular,5,may,195,1,-1,0,unknown
34722,cellular,5,may,221,1,169,3,failure
34723,cellular,5,may,84,1,-1,0,unknown
34724,cellular,5,may,151,1,-1,0,unknown
34725,cellular,5,may,147,1,-1,0,unknown
34726,cellular,5,may,305,1,294,7,other
34727,cellular,6,may,160,7,343,2,failure
34728,cellular,6,may,104,2,365,2,failure
34729,cellular,6,may,55,2,345,2,other
34730,cellular,6,may,7,11,351,1,failure
34731,cellular,6,may,142,3,-1,0,unknown
34732,cellular,6,may,14,6,-1,0,unknown
34733,cellular,6,may,199,7,167,1,failure
34734,cellular,6,may,105,4,366,2,failure
34735,cellular,6,may,88,2,-1,0,unknown
34736,cellular,6,may,87,1,-1,0,unknown
34737,cellular,6,may,149,1,13,12,success
34738,cellular,6,may,206,1,-1,0,unknown
34739,cellular,6,may,121,1,-1,0,unknown
34740,cellular,6,may,451,1,169,2,failure
34741,cellular,6,may,78,1,170,1,failure
34742,cellular,6,may,303,1,-1,0,unknown
34743,cellular,6,may,438,1,-1,0,unknown
34744,cellular,6,may,95,1,-1,0,unknown
34745,cellular,6,may,113,1,351,1,other
34746,cellular,6,may,210,2,254,5,failure
34747,cellular,6,may,241,2,-1,0,unknown
34748,cellular,6,may,327,1,280,6,failure
34749,cellular,6,may,224,1,363,1,other
34750,cellular,6,may,275,1,-1,0,unknown
34751,cellular,6,may,65,1,358,1,failure
34752,cellular,6,may,207,1,342,1,failure
34753,cellular,6,may,248,1,-1,0,unknown
34754,cellular,6,may,197,1,-1,0,unknown
34755,cellular,6,may,653,1,334,2,success
34756,cellular,6,may,207,1,351,2,failure
34757,cellular,6,may,327,1,356,1,other
34758,cellular,6,may,215,3,280,3,failure
34759,cellular,6,may,62,1,-1,0,unknown
34760,cellular,6,may,179,1,-1,0,unknown
34761,cellular,6,may,345,1,-1,0,unknown
34762,cellular,6,may,372,1,-1,0,unknown
34763,cellular,6,may,285,1,288,17,other
34764,cellular,6,may,128,3,-1,0,unknown
34765,cellular,6,may,26,1,-1,0,unknown
34766,cellular,6,may,207,1,-1,0,unknown
34767,cellular,6,may,401,1,336,2,failure
34768,cellular,6,may,488,1,-1,0,unknown
34769,cellular,6,may,74,2,-1,0,unknown
34770,cellular,6,may,293,1,351,2,failure
34771,cellular,6,may,473,4,-1,0,unknown
34772,cellular,6,may,14,11,-1,0,unknown
34773,cellular,6,may,219,1,-1,0,unknown
34774,cellular,6,may,178,5,352,3,failure
34775,cellular,6,may,362,2,-1,0,unknown
34776,cellular,6,may,343,3,351,1,failure
34777,cellular,6,may,403,4,-1,0,unknown
34778,cellular,6,may,767,1,-1,0,unknown
34779,cellular,6,may,62,2,273,2,failure
34780,cellular,6,may,249,1,-1,0,unknown
34781,cellular,6,may,227,1,-1,0,unknown
34782,cellular,6,may,100,2,168,1,failure
34783,cellular,6,may,139,6,-1,0,unknown
34784,cellular,6,may,142,2,-1,0,unknown
34785,cellular,6,may,595,5,-1,0,unknown
34786,cellular,6,may,160,2,-1,0,unknown
34787,cellular,6,may,132,1,300,1,failure
34788,cellular,6,may,100,1,-1,0,unknown
34789,cellular,6,may,222,1,-1,0,unknown
34790,cellular,6,may,50,1,-1,0,unknown
34791,cellular,6,may,954,1,-1,0,unknown
34792,cellular,6,may,403,1,345,1,failure
34793,cellular,6,may,106,1,-1,0,unknown
34794,cellular,6,may,848,1,364,3,failure
34795,cellular,6,may,304,1,-1,0,unknown
34796,cellular,6,may,36,1,365,3,failure
34797,cellular,6,may,644,1,355,2,failure
34798,cellular,6,may,34,9,-1,0,unknown
34799,cellular,6,may,109,1,-1,0,unknown
34800,cellular,6,may,145,1,-1,0,unknown
34801,cellular,6,may,72,1,-1,0,unknown
34802,cellular,6,may,19,1,-1,0,unknown
34803,cellular,6,may,90,1,345,1,failure
34804,cellular,6,may,347,1,-1,0,unknown
34805,cellular,6,may,153,1,-1,0,unknown
34806,cellular,6,may,208,1,365,1,failure
34807,cellular,6,may,530,1,-1,0,unknown
34808,cellular,6,may,174,1,365,1,failure
34809,cellular,6,may,503,2,280,2,failure
34810,cellular,6,may,257,1,365,1,failure
34811,cellular,6,may,465,1,289,4,failure
34812,cellular,6,may,168,1,-1,0,unknown
34813,cellular,6,may,404,1,338,2,failure
34814,cellular,6,may,153,1,169,2,failure
34815,cellular,6,may,147,1,-1,0,unknown
34816,cellular,6,may,128,1,-1,0,unknown
34817,cellular,6,may,274,1,-1,0,unknown
34818,cellular,6,may,278,1,-1,0,unknown
34819,cellular,6,may,55,1,-1,0,unknown
34820,cellular,6,may,101,1,362,5,other
34821,cellular,6,may,115,1,359,3,failure
34822,cellular,6,may,90,1,-1,0,unknown
34823,cellular,6,may,209,1,321,1,failure
34824,cellular,6,may,195,1,-1,0,unknown
34825,cellular,6,may,137,1,364,1,failure
34826,cellular,6,may,42,1,302,1,failure
34827,cellular,6,may,495,1,-1,0,unknown
34828,cellular,6,may,305,1,281,2,failure
34829,cellular,6,may,151,1,-1,0,unknown
34830,cellular,6,may,340,1,-1,0,unknown
34831,cellular,6,may,209,1,-1,0,unknown
34832,cellular,6,may,569,2,-1,0,unknown
34833,cellular,6,may,274,1,-1,0,unknown
34834,cellular,6,may,606,1,345,1,failure
34835,cellular,6,may,984,1,343,4,failure
34836,telephone,6,may,44,1,-1,0,unknown
34837,cellular,6,may,234,1,-1,0,unknown
34838,cellular,6,may,339,1,362,1,failure
34839,cellular,6,may,205,1,351,2,failure
34840,cellular,6,may,124,1,167,3,failure
34841,cellular,6,may,226,1,363,3,other
34842,cellular,6,may,143,1,-1,0,unknown
34843,cellular,6,may,181,1,-1,0,unknown
34844,cellular,6,may,96,2,295,5,failure
34845,cellular,6,may,158,1,167,1,success
34846,cellular,6,may,164,5,-1,0,unknown
34847,cellular,6,may,236,1,-1,0,unknown
34848,cellular,6,may,210,1,-1,0,unknown
34849,cellular,6,may,158,2,-1,0,unknown
34850,cellular,6,may,159,1,-1,0,unknown
34851,cellular,6,may,338,4,-1,0,unknown
34852,cellular,6,may,159,1,-1,0,unknown
34853,cellular,6,may,116,1,-1,0,unknown
34854,cellular,6,may,49,2,282,3,failure
34855,cellular,6,may,410,1,-1,0,unknown
34856,cellular,6,may,244,1,359,3,failure
34857,cellular,6,may,123,1,169,1,failure
34858,cellular,6,may,258,9,-1,0,unknown
34859,cellular,6,may,267,1,-1,0,unknown
34860,cellular,6,may,59,1,167,1,failure
34861,cellular,6,may,37,2,-1,0,unknown
34862,telephone,6,may,186,1,-1,0,unknown
34863,cellular,6,may,333,1,-1,0,unknown
34864,cellular,6,may,37,1,-1,0,unknown
34865,cellular,6,may,225,2,-1,0,unknown
34866,cellular,6,may,472,1,-1,0,unknown
34867,cellular,6,may,45,1,-1,0,unknown
34868,cellular,6,may,156,1,-1,0,unknown
34869,cellular,6,may,1079,3,-1,0,unknown
34870,cellular,6,may,94,1,-1,0,unknown
34871,cellular,6,may,68,1,363,1,failure
34872,cellular,6,may,161,1,337,1,failure
34873,cellular,6,may,199,1,358,1,failure
34874,cellular,6,may,60,1,272,3,failure
34875,cellular,6,may,64,2,364,3,failure
34876,cellular,6,may,473,1,358,2,other
34877,cellular,6,may,315,1,281,15,other
34878,cellular,6,may,198,1,-1,0,unknown
34879,cellular,6,may,118,1,-1,0,unknown
34880,cellular,6,may,146,1,272,2,failure
34881,cellular,6,may,296,1,-1,0,unknown
34882,cellular,6,may,364,4,-1,0,unknown
34883,cellular,6,may,208,1,344,2,other
34884,cellular,6,may,84,1,282,4,failure
34885,cellular,6,may,378,1,-1,0,unknown
34886,telephone,6,may,39,1,363,2,failure
34887,telephone,6,may,10,1,-1,0,unknown
34888,cellular,6,may,33,1,-1,0,unknown
34889,cellular,6,may,66,2,-1,0,unknown
34890,cellular,6,may,20,1,342,1,failure
34891,telephone,6,may,217,1,169,5,failure
34892,cellular,6,may,193,1,-1,0,unknown
34893,cellular,6,may,611,1,183,1,failure
34894,cellular,6,may,155,5,-1,0,unknown
34895,cellular,6,may,318,1,-1,0,unknown
34896,cellular,6,may,219,2,-1,0,unknown
34897,cellular,6,may,413,1,294,1,other
34898,cellular,6,may,1205,1,-1,0,unknown
34899,cellular,6,may,211,1,288,5,success
34900,cellular,6,may,107,1,-1,0,unknown
34901,cellular,6,may,124,1,-1,0,unknown
34902,cellular,6,may,17,1,-1,0,unknown
34903,cellular,6,may,159,1,343,2,failure
34904,cellular,6,may,477,2,-1,0,unknown
34905,cellular,6,may,265,1,-1,0,unknown
34906,cellular,6,may,136,5,-1,0,unknown
34907,cellular,6,may,221,1,-1,0,unknown
34908,cellular,6,may,837,1,-1,0,unknown
34909,cellular,6,may,318,1,166,1,failure
34910,cellular,6,may,51,1,179,1,failure
34911,cellular,6,may,285,2,254,14,other
34912,cellular,6,may,29,1,356,2,failure
34913,cellular,6,may,585,2,296,2,failure
34914,cellular,6,may,106,2,-1,0,unknown
34915,cellular,6,may,184,2,323,1,failure
34916,cellular,6,may,128,1,350,1,failure
34917,cellular,6,may,44,4,-1,0,unknown
34918,cellular,6,may,282,4,-1,0,unknown
34919,cellular,6,may,114,1,287,8,failure
34920,cellular,6,may,231,1,363,1,failure
34921,cellular,6,may,839,2,188,1,success
34922,cellular,6,may,120,1,170,4,failure
34923,cellular,6,may,50,1,356,1,failure
34924,cellular,6,may,457,1,358,1,other
34925,cellular,6,may,148,1,-1,0,unknown
34926,cellular,6,may,37,1,-1,0,unknown
34927,cellular,6,may,72,1,-1,0,unknown
34928,cellular,6,may,254,1,267,4,failure
34929,cellular,6,may,204,1,-1,0,unknown
34930,cellular,6,may,451,1,350,1,other
34931,cellular,6,may,428,1,-1,0,unknown
34932,cellular,6,may,289,1,-1,0,unknown
34933,cellular,6,may,317,1,363,1,failure
34934,cellular,6,may,153,1,-1,0,unknown
34935,cellular,6,may,108,1,-1,0,unknown
34936,cellular,6,may,150,1,-1,0,unknown
34937,cellular,6,may,445,1,258,2,failure
34938,cellular,6,may,123,1,-1,0,unknown
34939,cellular,6,may,275,1,-1,0,unknown
34940,cellular,6,may,176,1,-1,0,unknown
34941,cellular,6,may,297,1,-1,0,unknown
34942,telephone,6,may,92,3,362,4,other
34943,cellular,6,may,728,1,-1,0,unknown
34944,cellular,6,may,127,2,254,23,other
34945,cellular,6,may,554,2,356,1,failure
34946,cellular,6,may,179,2,-1,0,unknown
34947,cellular,6,may,138,3,-1,0,unknown
34948,cellular,6,may,98,2,-1,0,unknown
34949,cellular,6,may,186,2,-1,0,unknown
34950,cellular,6,may,135,2,289,1,failure
34951,cellular,6,may,1131,2,-1,0,unknown
34952,cellular,6,may,156,2,169,1,failure
34953,cellular,6,may,519,2,166,5,failure
34954,cellular,6,may,343,2,-1,0,unknown
34955,cellular,6,may,64,1,343,2,failure
34956,cellular,6,may,903,2,355,1,other
34957,cellular,6,may,106,1,-1,0,unknown
34958,cellular,6,may,459,4,-1,0,unknown
34959,cellular,6,may,109,1,-1,0,unknown
34960,cellular,6,may,100,1,169,12,other
34961,cellular,6,may,47,1,-1,0,unknown
34962,cellular,6,may,161,1,-1,0,unknown
34963,cellular,6,may,45,2,169,2,failure
34964,cellular,6,may,197,1,282,3,failure
34965,cellular,6,may,687,2,343,1,failure
34966,cellular,6,may,231,2,-1,0,unknown
34967,cellular,6,may,389,2,-1,0,unknown
34968,cellular,6,may,230,1,-1,0,unknown
34969,cellular,6,may,323,2,-1,0,unknown
34970,cellular,6,may,125,2,-1,0,unknown
34971,cellular,6,may,174,3,-1,0,unknown
34972,cellular,6,may,89,1,344,1,failure
34973,cellular,6,may,74,2,167,4,failure
34974,cellular,6,may,150,1,-1,0,unknown
34975,cellular,6,may,60,1,-1,0,unknown
34976,cellular,6,may,540,1,-1,0,unknown
34977,cellular,6,may,181,1,-1,0,unknown
34978,cellular,6,may,305,1,-1,0,unknown
34979,cellular,6,may,139,1,363,1,other
34980,cellular,6,may,169,1,-1,0,unknown
34981,cellular,6,may,827,1,329,9,failure
34982,cellular,6,may,319,2,-1,0,unknown
34983,cellular,6,may,203,2,334,2,failure
34984,cellular,6,may,109,1,315,20,other
34985,cellular,6,may,311,1,169,2,success
34986,cellular,6,may,175,1,322,3,failure
34987,cellular,6,may,110,2,359,2,failure
34988,cellular,6,may,207,1,363,2,failure
34989,cellular,6,may,92,2,250,2,failure
34990,cellular,6,may,147,1,-1,0,unknown
34991,cellular,6,may,911,1,336,2,failure
34992,cellular,6,may,321,1,-1,0,unknown
34993,cellular,6,may,90,1,-1,0,unknown
34994,cellular,6,may,317,1,169,2,failure
34995,cellular,6,may,138,2,-1,0,unknown
34996,cellular,6,may,550,1,-1,0,unknown
34997,cellular,6,may,811,1,334,3,other
34998,cellular,6,may,184,1,-1,0,unknown
34999,cellular,6,may,182,2,355,1,failure
35000,cellular,6,may,118,1,260,3,failure
35001,cellular,6,may,79,2,166,7,failure
35002,cellular,6,may,138,1,-1,0,unknown
35003,cellular,6,may,482,2,-1,0,unknown
35004,cellular,6,may,654,1,-1,0,unknown
35005,cellular,6,may,198,2,170,2,failure
35006,cellular,6,may,145,1,-1,0,unknown
35007,cellular,6,may,116,2,363,1,failure
35008,cellular,6,may,116,2,-1,0,unknown
35009,cellular,6,may,500,1,-1,0,unknown
35010,cellular,6,may,445,2,166,3,failure
35011,cellular,6,may,311,2,341,2,failure
35012,cellular,6,may,141,2,-1,0,unknown
35013,cellular,6,may,68,1,-1,0,unknown
35014,cellular,6,may,346,1,-1,0,unknown
35015,cellular,6,may,131,2,344,2,failure
35016,cellular,6,may,220,1,-1,0,unknown
35017,cellular,6,may,309,1,363,4,failure
35018,cellular,6,may,323,2,364,1,failure
35019,cellular,6,may,91,2,-1,0,unknown
35020,cellular,6,may,82,2,289,1,failure
35021,cellular,6,may,316,2,279,4,failure
35022,cellular,6,may,283,3,-1,0,unknown
35023,cellular,6,may,133,1,-1,0,unknown
35024,cellular,6,may,127,2,-1,0,unknown
35025,cellular,6,may,251,4,289,2,failure
35026,cellular,6,may,754,1,-1,0,unknown
35027,cellular,6,may,84,2,169,3,failure
35028,cellular,6,may,320,1,-1,0,unknown
35029,cellular,6,may,222,2,168,3,failure
35030,cellular,6,may,554,2,-1,0,unknown
35031,cellular,6,may,302,2,-1,0,unknown
35032,cellular,6,may,239,3,-1,0,unknown
35033,cellular,6,may,396,3,-1,0,unknown
35034,cellular,6,may,250,2,-1,0,unknown
35035,cellular,6,may,167,3,299,2,failure
35036,cellular,6,may,322,2,343,2,failure
35037,cellular,6,may,136,3,273,4,failure
35038,cellular,6,may,97,2,-1,0,unknown
35039,cellular,6,may,206,2,342,1,failure
35040,cellular,6,may,281,2,250,2,failure
35041,telephone,6,may,62,4,357,1,failure
35042,cellular,6,may,183,2,355,1,failure
35043,cellular,6,may,487,2,-1,0,unknown
35044,cellular,6,may,155,1,-1,0,unknown
35045,cellular,6,may,311,3,364,1,failure
35046,telephone,6,may,90,2,-1,0,unknown
35047,cellular,6,may,402,2,-1,0,unknown
35048,cellular,6,may,22,2,-1,0,unknown
35049,cellular,6,may,350,2,344,1,failure
35050,cellular,6,may,228,2,-1,0,unknown
35051,telephone,6,may,175,1,-1,0,unknown
35052,cellular,6,may,267,2,-1,0,unknown
35053,cellular,6,may,133,1,-1,0,unknown
35054,cellular,6,may,160,1,-1,0,unknown
35055,cellular,6,may,192,1,-1,0,unknown
35056,cellular,6,may,103,3,168,1,failure
35057,cellular,6,may,765,1,342,2,failure
35058,cellular,6,may,88,1,299,1,failure
35059,cellular,6,may,422,1,363,1,failure
35060,cellular,6,may,74,6,169,4,failure
35061,telephone,6,may,149,4,-1,0,unknown
35062,cellular,6,may,70,3,356,4,other
35063,cellular,6,may,87,3,345,5,other
35064,cellular,6,may,233,2,-1,0,unknown
35065,cellular,6,may,28,2,345,3,other
35066,cellular,6,may,346,3,356,2,other
35067,cellular,6,may,523,2,363,2,failure
35068,cellular,6,may,172,4,-1,0,unknown
35069,cellular,6,may,265,2,342,2,failure
35070,cellular,6,may,82,2,356,2,failure
35071,cellular,6,may,151,2,-1,0,unknown
35072,cellular,6,may,239,2,-1,0,unknown
35073,cellular,6,may,169,2,-1,0,unknown
35074,cellular,6,may,358,2,306,1,failure
35075,cellular,6,may,116,2,169,3,failure
35076,cellular,6,may,222,2,363,4,failure
35077,cellular,6,may,379,2,169,1,failure
35078,cellular,6,may,1489,3,-1,0,unknown
35079,cellular,6,may,593,2,281,4,failure
35080,cellular,6,may,1347,2,363,1,failure
35081,cellular,6,may,69,2,-1,0,unknown
35082,cellular,6,may,242,2,169,2,failure
35083,cellular,6,may,307,2,-1,0,unknown
35084,cellular,6,may,544,4,-1,0,unknown
35085,cellular,6,may,320,3,-1,0,unknown
35086,cellular,6,may,129,3,-1,0,unknown
35087,cellular,6,may,102,2,355,2,failure
35088,cellular,6,may,206,2,-1,0,unknown
35089,cellular,6,may,270,4,366,2,failure
35090,cellular,6,may,1369,3,-1,0,unknown
35091,cellular,6,may,456,3,-1,0,unknown
35092,cellular,6,may,17,3,169,2,failure
35093,cellular,6,may,293,3,-1,0,unknown
35094,cellular,6,may,273,4,-1,0,unknown
35095,cellular,6,may,155,2,-1,0,unknown
35096,cellular,6,may,606,3,335,6,other
35097,cellular,6,may,142,3,-1,0,unknown
35098,telephone,6,may,309,3,355,4,failure
35099,cellular,6,may,232,2,363,5,failure
35100,cellular,6,may,152,4,344,2,failure
35101,cellular,6,may,437,4,345,1,failure
35102,cellular,6,may,373,4,-1,0,unknown
35103,cellular,6,may,140,2,-1,0,unknown
35104,telephone,6,may,167,3,-1,0,unknown
35105,cellular,6,may,91,3,-1,0,unknown
35106,cellular,6,may,458,3,-1,0,unknown
35107,cellular,6,may,284,3,-1,0,unknown
35108,cellular,6,may,185,3,-1,0,unknown
35109,cellular,6,may,77,3,-1,0,unknown
35110,cellular,6,may,467,2,-1,0,unknown
35111,cellular,6,may,187,8,-1,0,unknown
35112,cellular,6,may,787,3,-1,0,unknown
35113,cellular,6,may,1074,4,344,3,failure
35114,telephone,6,may,97,2,-1,0,unknown
35115,cellular,6,may,362,2,307,1,failure
35116,cellular,6,may,165,2,-1,0,unknown
35117,cellular,6,may,445,2,345,2,failure
35118,cellular,6,may,667,2,-1,0,unknown
35119,cellular,6,may,151,2,-1,0,unknown
35120,cellular,6,may,686,2,-1,0,unknown
35121,cellular,6,may,157,3,254,5,failure
35122,telephone,6,may,22,6,-1,0,unknown
35123,telephone,6,may,276,2,-1,0,unknown
35124,cellular,6,may,117,2,-1,0,unknown
35125,cellular,6,may,232,2,167,4,failure
35126,cellular,6,may,268,1,344,1,failure
35127,cellular,6,may,337,2,-1,0,unknown
35128,cellular,6,may,796,2,-1,0,unknown
35129,cellular,6,may,606,3,-1,0,unknown
35130,cellular,7,may,55,5,-1,0,unknown
35131,cellular,7,may,86,2,-1,0,unknown
35132,cellular,7,may,28,2,289,5,failure
35133,cellular,7,may,219,2,-1,0,unknown
35134,cellular,7,may,183,3,-1,0,unknown
35135,cellular,7,may,210,2,346,1,other
35136,telephone,7,may,25,5,169,1,failure
35137,cellular,7,may,16,5,171,1,other
35138,cellular,7,may,113,2,-1,0,unknown
35139,cellular,7,may,343,3,295,5,other
35140,cellular,7,may,315,2,-1,0,unknown
35141,cellular,7,may,186,2,295,1,failure
35142,cellular,7,may,175,4,-1,0,unknown
35143,telephone,7,may,82,1,-1,0,unknown
35144,cellular,7,may,83,4,266,20,other
35145,cellular,7,may,57,4,-1,0,unknown
35146,cellular,7,may,270,3,-1,0,unknown
35147,cellular,7,may,13,5,-1,0,unknown
35148,cellular,7,may,240,1,-1,0,unknown
35149,cellular,7,may,413,1,-1,0,unknown
35150,telephone,7,may,755,3,363,5,failure
35151,cellular,7,may,187,1,-1,0,unknown
35152,cellular,7,may,633,1,-1,0,unknown
35153,cellular,7,may,370,1,-1,0,unknown
35154,cellular,7,may,205,1,-1,0,unknown
35155,cellular,7,may,51,1,294,1,failure
35156,cellular,7,may,157,1,349,4,failure
35157,cellular,7,may,195,1,-1,0,unknown
35158,cellular,7,may,512,1,-1,0,unknown
35159,cellular,7,may,531,3,-1,0,unknown
35160,cellular,7,may,263,1,-1,0,unknown
35161,cellular,7,may,98,1,167,2,failure
35162,cellular,7,may,204,1,-1,0,unknown
35163,cellular,7,may,82,1,-1,0,unknown
35164,cellular,7,may,31,1,363,2,failure
35165,cellular,7,may,92,1,-1,0,unknown
35166,cellular,7,may,47,1,-1,0,unknown
35167,cellular,7,may,923,1,-1,0,unknown
35168,cellular,7,may,22,11,-1,0,unknown
35169,cellular,7,may,149,1,357,1,failure
35170,cellular,7,may,98,1,-1,0,unknown
35171,cellular,7,may,62,6,366,2,failure
35172,cellular,7,may,203,1,-1,0,unknown
35173,cellular,7,may,689,1,-1,0,unknown
35174,cellular,7,may,102,1,-1,0,unknown
35175,cellular,7,may,241,1,-1,0,unknown
35176,cellular,7,may,27,1,345,1,failure
35177,cellular,7,may,191,1,294,1,failure
35178,cellular,7,may,203,1,-1,0,unknown
35179,cellular,7,may,277,1,-1,0,unknown
35180,cellular,7,may,449,1,338,1,other
35181,cellular,7,may,722,1,-1,0,unknown
35182,telephone,7,may,45,1,342,2,failure
35183,cellular,7,may,59,1,258,6,failure
35184,telephone,7,may,224,1,-1,0,unknown
35185,cellular,7,may,98,1,170,2,failure
35186,cellular,7,may,248,1,-1,0,unknown
35187,cellular,7,may,127,1,-1,0,unknown
35188,cellular,7,may,189,2,167,2,other
35189,cellular,7,may,549,1,-1,0,unknown
35190,cellular,7,may,104,1,304,7,failure
35191,cellular,7,may,121,1,344,2,failure
35192,cellular,7,may,261,1,345,1,failure
35193,cellular,7,may,103,1,363,1,failure
35194,cellular,7,may,348,1,-1,0,unknown
35195,cellular,7,may,333,1,351,1,failure
35196,cellular,7,may,25,1,-1,0,unknown
35197,cellular,7,may,223,1,-1,0,unknown
35198,cellular,7,may,381,1,335,5,other
35199,cellular,7,may,84,1,343,1,other
35200,cellular,7,may,623,1,293,1,success
35201,cellular,7,may,131,1,338,2,other
35202,cellular,7,may,132,1,356,1,failure
35203,cellular,7,may,104,1,342,2,failure
35204,cellular,7,may,19,1,360,2,failure
35205,cellular,7,may,366,1,167,2,failure
35206,cellular,7,may,187,1,-1,0,unknown
35207,cellular,7,may,50,1,-1,0,unknown
35208,cellular,7,may,201,1,-1,0,unknown
35209,cellular,7,may,63,1,336,12,other
35210,cellular,7,may,171,2,-1,0,unknown
35211,cellular,7,may,183,4,357,2,other
35212,cellular,7,may,113,1,337,2,other
35213,cellular,7,may,329,1,168,2,success
35214,telephone,7,may,317,2,-1,0,unknown
35215,cellular,7,may,95,1,357,3,other
35216,cellular,7,may,138,1,168,1,failure
35217,cellular,7,may,1957,1,-1,0,unknown
35218,cellular,7,may,556,1,-1,0,unknown
35219,cellular,7,may,49,1,-1,0,unknown
35220,cellular,7,may,393,1,351,1,failure
35221,cellular,7,may,383,1,339,1,other
35222,cellular,7,may,334,1,-1,0,unknown
35223,cellular,7,may,455,1,-1,0,unknown
35224,cellular,7,may,223,1,293,1,failure
35225,cellular,7,may,141,8,297,2,other
35226,cellular,7,may,457,1,-1,0,unknown
35227,cellular,7,may,327,4,-1,0,unknown
35228,cellular,7,may,375,1,-1,0,unknown
35229,cellular,7,may,101,1,-1,0,unknown
35230,cellular,7,may,757,2,170,3,failure
35231,cellular,7,may,46,1,-1,0,unknown
35232,cellular,7,may,184,1,351,1,failure
35233,cellular,7,may,146,1,349,3,failure
35234,cellular,7,may,378,1,-1,0,unknown
35235,cellular,7,may,429,1,170,3,other
35236,cellular,7,may,213,1,-1,0,unknown
35237,cellular,7,may,155,1,357,2,failure
35238,cellular,7,may,130,1,-1,0,unknown
35239,cellular,7,may,155,1,-1,0,unknown
35240,cellular,7,may,107,1,344,4,failure
35241,cellular,7,may,87,1,-1,0,unknown
35242,cellular,7,may,177,1,357,1,failure
35243,cellular,7,may,754,1,-1,0,unknown
35244,telephone,7,may,29,1,-1,0,unknown
35245,cellular,7,may,48,1,-1,0,unknown
35246,cellular,7,may,345,1,-1,0,unknown
35247,telephone,7,may,149,1,343,4,failure
35248,cellular,7,may,193,1,-1,0,unknown
35249,cellular,7,may,252,1,351,1,failure
35250,cellular,7,may,69,1,335,7,failure
35251,cellular,7,may,198,1,167,5,failure
35252,telephone,7,may,63,1,168,3,failure
35253,cellular,7,may,172,1,93,1,failure
35254,cellular,7,may,47,1,-1,0,unknown
35255,cellular,7,may,83,1,-1,0,unknown
35256,cellular,7,may,462,1,-1,0,unknown
35257,cellular,7,may,397,1,169,5,failure
35258,cellular,7,may,229,2,-1,0,unknown
35259,cellular,7,may,1046,1,-1,0,unknown
35260,cellular,7,may,1145,1,170,1,failure
35261,cellular,7,may,159,1,346,2,failure
35262,cellular,7,may,56,1,170,1,failure
35263,cellular,7,may,609,1,-1,0,unknown
35264,cellular,7,may,1148,1,-1,0,unknown
35265,cellular,7,may,133,1,-1,0,unknown
35266,cellular,7,may,502,1,7,2,failure
35267,cellular,7,may,162,1,-1,0,unknown
35268,cellular,7,may,855,2,342,1,failure
35269,cellular,7,may,542,1,-1,0,unknown
35270,cellular,7,may,91,1,345,2,failure
35271,cellular,7,may,245,1,-1,0,unknown
35272,cellular,7,may,40,1,-1,0,unknown
35273,cellular,7,may,234,1,356,2,failure
35274,cellular,7,may,126,1,-1,0,unknown
35275,cellular,7,may,93,1,363,1,failure
35276,cellular,7,may,219,1,-1,0,unknown
35277,cellular,7,may,128,1,-1,0,unknown
35278,cellular,7,may,609,1,337,1,success
35279,cellular,7,may,217,1,167,2,other
35280,cellular,7,may,302,1,356,3,failure
35281,cellular,7,may,223,1,-1,0,unknown
35282,cellular,7,may,1191,1,-1,0,unknown
35283,cellular,7,may,406,1,-1,0,unknown
35284,cellular,7,may,36,3,-1,0,unknown
35285,cellular,7,may,16,1,-1,0,unknown
35286,cellular,7,may,551,1,351,1,failure
35287,cellular,7,may,158,1,318,4,failure
35288,cellular,7,may,278,1,343,2,other
35289,cellular,7,may,192,1,168,1,failure
35290,cellular,7,may,143,1,346,5,failure
35291,cellular,7,may,273,1,-1,0,unknown
35292,cellular,7,may,147,1,359,4,failure
35293,cellular,7,may,346,1,-1,0,unknown
35294,cellular,7,may,272,1,-1,0,unknown
35295,cellular,7,may,282,1,-1,0,unknown
35296,cellular,7,may,60,4,-1,0,unknown
35297,cellular,7,may,50,1,171,4,failure
35298,cellular,7,may,86,1,367,1,failure
35299,cellular,7,may,163,2,-1,0,unknown
35300,cellular,7,may,229,1,-1,0,unknown
35301,cellular,7,may,236,1,-1,0,unknown
35302,cellular,7,may,109,1,367,1,failure
35303,cellular,7,may,72,1,-1,0,unknown
35304,cellular,7,may,122,1,357,1,failure
35305,cellular,7,may,529,2,-1,0,unknown
35306,cellular,7,may,574,1,-1,0,unknown
35307,cellular,7,may,213,1,288,1,failure
35308,cellular,7,may,128,1,-1,0,unknown
35309,cellular,7,may,983,4,-1,0,unknown
35310,cellular,7,may,168,3,301,1,failure
35311,cellular,7,may,31,1,-1,0,unknown
35312,cellular,7,may,72,1,-1,0,unknown
35313,cellular,7,may,199,1,297,3,failure
35314,cellular,7,may,232,1,-1,0,unknown
35315,cellular,7,may,279,1,358,9,other
35316,cellular,7,may,282,1,367,1,failure
35317,cellular,7,may,63,1,-1,0,unknown
35318,cellular,7,may,282,1,-1,0,unknown
35319,cellular,7,may,391,1,-1,0,unknown
35320,telephone,7,may,973,1,366,1,failure
35321,cellular,7,may,199,1,-1,0,unknown
35322,cellular,7,may,219,1,295,1,failure
35323,cellular,7,may,176,1,322,5,other
35324,cellular,7,may,336,1,-1,0,unknown
35325,cellular,7,may,17,5,360,3,failure
35326,cellular,7,may,275,1,-1,0,unknown
35327,cellular,7,may,143,1,-1,0,unknown
35328,cellular,7,may,362,1,303,1,failure
35329,cellular,7,may,320,1,-1,0,unknown
35330,cellular,7,may,166,1,-1,0,unknown
35331,cellular,7,may,170,1,366,1,other
35332,cellular,7,may,54,1,345,2,failure
35333,cellular,7,may,569,1,297,3,failure
35334,cellular,7,may,161,1,324,2,failure
35335,cellular,7,may,57,2,170,4,failure
35336,cellular,7,may,490,1,-1,0,unknown
35337,cellular,7,may,59,1,-1,0,unknown
35338,cellular,7,may,158,1,300,2,failure
35339,cellular,7,may,147,1,-1,0,unknown
35340,cellular,7,may,134,1,344,2,failure
35341,cellular,7,may,195,1,-1,0,unknown
35342,cellular,7,may,447,2,346,2,failure
35343,cellular,7,may,293,1,-1,0,unknown
35344,cellular,7,may,52,2,-1,0,unknown
35345,cellular,7,may,130,2,167,5,failure
35346,cellular,7,may,113,2,345,1,other
35347,cellular,7,may,263,1,357,4,failure
35348,cellular,7,may,105,1,324,2,failure
35349,cellular,7,may,155,1,282,5,failure
35350,cellular,7,may,142,1,353,1,failure
35351,cellular,7,may,448,2,-1,0,unknown
35352,cellular,7,may,141,1,-1,0,unknown
35353,cellular,7,may,176,1,287,2,other
35354,cellular,7,may,154,1,-1,0,unknown
35355,cellular,7,may,77,1,-1,0,unknown
35356,cellular,7,may,148,1,-1,0,unknown
35357,cellular,7,may,290,1,356,11,failure
35358,telephone,7,may,309,1,-1,0,unknown
35359,cellular,7,may,69,1,-1,0,unknown
35360,cellular,7,may,275,2,-1,0,unknown
35361,cellular,7,may,79,1,-1,0,unknown
35362,cellular,7,may,226,1,339,1,other
35363,cellular,7,may,58,1,-1,0,unknown
35364,cellular,7,may,481,2,-1,0,unknown
35365,cellular,7,may,124,1,338,2,failure
35366,cellular,7,may,381,1,-1,0,unknown
35367,cellular,7,may,307,1,-1,0,unknown
35368,cellular,7,may,355,1,-1,0,unknown
35369,cellular,7,may,125,1,364,1,failure
35370,cellular,7,may,172,1,353,2,other
35371,cellular,7,may,118,1,-1,0,unknown
35372,cellular,7,may,55,1,-1,0,unknown
35373,cellular,7,may,412,2,-1,0,unknown
35374,cellular,7,may,361,1,-1,0,unknown
35375,cellular,7,may,160,4,-1,0,unknown
35376,cellular,7,may,174,1,293,3,failure
35377,cellular,7,may,51,1,366,1,other
35378,cellular,7,may,661,1,267,11,other
35379,cellular,7,may,183,1,-1,0,unknown
35380,cellular,7,may,99,1,-1,0,unknown
35381,cellular,7,may,110,1,-1,0,unknown
35382,cellular,7,may,101,1,-1,0,unknown
35383,cellular,7,may,174,1,343,2,failure
35384,cellular,7,may,66,1,359,1,failure
35385,cellular,7,may,102,1,-1,0,unknown
35386,cellular,7,may,136,1,359,1,failure
35387,cellular,7,may,190,1,276,1,other
35388,cellular,7,may,332,1,-1,0,unknown
35389,cellular,7,may,228,1,-1,0,unknown
35390,cellular,7,may,162,1,-1,0,unknown
35391,cellular,7,may,43,3,-1,0,unknown
35392,cellular,7,may,623,1,-1,0,unknown
35393,cellular,7,may,312,1,-1,0,unknown
35394,cellular,7,may,56,1,-1,0,unknown
35395,cellular,7,may,265,1,-1,0,unknown
35396,cellular,7,may,219,1,-1,0,unknown
35397,cellular,7,may,446,6,342,2,failure
35398,cellular,7,may,263,1,293,3,failure
35399,cellular,7,may,135,1,-1,0,unknown
35400,cellular,7,may,57,1,366,2,failure
35401,cellular,7,may,158,1,275,1,other
35402,cellular,7,may,228,1,-1,0,unknown
35403,cellular,7,may,476,1,352,1,other
35404,cellular,7,may,193,2,296,5,other
35405,cellular,7,may,122,2,-1,0,unknown
35406,cellular,7,may,247,1,-1,0,unknown
35407,cellular,7,may,103,2,349,4,failure
35408,cellular,7,may,67,3,-1,0,unknown
35409,cellular,7,may,159,2,357,2,failure
35410,cellular,7,may,121,2,-1,0,unknown
35411,cellular,7,may,182,2,356,1,failure
35412,cellular,7,may,101,1,301,1,failure
35413,cellular,7,may,156,1,177,1,success
35414,cellular,7,may,957,2,-1,0,unknown
35415,cellular,7,may,423,1,-1,0,unknown
35416,cellular,7,may,258,2,-1,0,unknown
35417,cellular,7,may,349,1,338,1,failure
35418,cellular,7,may,281,1,-1,0,unknown
35419,cellular,7,may,154,3,363,2,failure
35420,telephone,7,may,287,2,-1,0,unknown
35421,cellular,7,may,193,1,-1,0,unknown
35422,cellular,7,may,356,2,286,3,failure
35423,cellular,7,may,94,1,-1,0,unknown
35424,cellular,7,may,122,2,-1,0,unknown
35425,telephone,7,may,140,2,-1,0,unknown
35426,cellular,7,may,135,2,-1,0,unknown
35427,cellular,7,may,97,2,171,2,failure
35428,cellular,7,may,590,1,-1,0,unknown
35429,cellular,7,may,87,2,351,1,success
35430,cellular,7,may,92,3,167,4,other
35431,cellular,7,may,541,2,-1,0,unknown
35432,cellular,7,may,560,3,367,1,other
35433,cellular,7,may,295,1,168,4,other
35434,cellular,7,may,473,2,-1,0,unknown
35435,cellular,7,may,195,1,357,1,failure
35436,cellular,7,may,225,3,321,3,failure
35437,cellular,7,may,166,2,-1,0,unknown
35438,cellular,7,may,589,2,-1,0,unknown
35439,cellular,7,may,228,2,-1,0,unknown
35440,cellular,7,may,101,1,349,1,failure
35441,cellular,7,may,258,1,357,1,failure
35442,cellular,7,may,178,1,-1,0,unknown
35443,cellular,7,may,253,2,304,4,failure
35444,cellular,7,may,347,2,337,6,failure
35445,telephone,7,may,430,2,367,2,failure
35446,cellular,7,may,100,4,358,1,failure
35447,cellular,7,may,1030,1,169,3,success
35448,cellular,7,may,45,1,22,2,failure
35449,cellular,7,may,127,1,171,2,other
35450,cellular,7,may,129,2,-1,0,unknown
35451,cellular,7,may,160,2,360,3,failure
35452,cellular,7,may,56,1,359,1,failure
35453,cellular,7,may,1254,3,365,1,failure
35454,cellular,7,may,895,2,295,2,failure
35455,cellular,7,may,270,2,-1,0,unknown
35456,cellular,7,may,279,1,367,1,failure
35457,telephone,7,may,325,1,-1,0,unknown
35458,cellular,7,may,539,1,-1,0,unknown
35459,cellular,7,may,54,1,-1,0,unknown
35460,cellular,7,may,643,1,-1,0,unknown
35461,cellular,7,may,798,2,-1,0,unknown
35462,cellular,7,may,115,3,-1,0,unknown
35463,cellular,7,may,95,6,-1,0,unknown
35464,cellular,7,may,425,1,336,1,failure
35465,cellular,7,may,153,2,-1,0,unknown
35466,cellular,7,may,266,2,168,1,failure
35467,cellular,7,may,57,1,-1,0,unknown
35468,cellular,7,may,243,2,-1,0,unknown
35469,cellular,7,may,33,3,359,1,failure
35470,cellular,7,may,330,1,342,1,failure
35471,cellular,7,may,308,1,335,3,failure
35472,cellular,7,may,50,2,359,3,failure
35473,cellular,7,may,245,2,288,2,failure
35474,cellular,7,may,247,2,349,2,failure
35475,cellular,7,may,437,3,351,2,failure
35476,cellular,7,may,458,2,349,1,other
35477,cellular,7,may,96,3,301,1,failure
35478,cellular,7,may,404,2,-1,0,unknown
35479,cellular,7,may,253,4,-1,0,unknown
35480,cellular,7,may,271,2,-1,0,unknown
35481,cellular,7,may,582,2,283,4,failure
35482,cellular,7,may,227,2,-1,0,unknown
35483,cellular,7,may,49,2,345,2,failure
35484,cellular,7,may,244,2,-1,0,unknown
35485,cellular,7,may,924,3,-1,0,unknown
35486,cellular,7,may,62,2,-1,0,unknown
35487,cellular,7,may,240,3,293,5,failure
35488,cellular,7,may,126,2,-1,0,unknown
35489,cellular,7,may,188,2,366,2,other
35490,cellular,7,may,580,2,-1,0,unknown
35491,cellular,7,may,600,2,330,17,failure
35492,cellular,7,may,639,2,280,5,success
35493,cellular,7,may,83,5,-1,0,unknown
35494,cellular,7,may,244,2,-1,0,unknown
35495,cellular,7,may,245,3,-1,0,unknown
35496,cellular,7,may,178,3,-1,0,unknown
35497,cellular,7,may,212,2,-1,0,unknown
35498,cellular,7,may,17,2,-1,0,unknown
35499,cellular,7,may,35,3,-1,0,unknown
35500,cellular,7,may,227,2,-1,0,unknown
35501,cellular,7,may,201,8,-1,0,unknown
35502,cellular,7,may,209,2,-1,0,unknown
35503,cellular,7,may,198,2,-1,0,unknown
35504,cellular,7,may,1806,2,287,3,other
35505,cellular,7,may,146,2,171,3,failure
35506,cellular,7,may,202,2,349,1,other
35507,cellular,7,may,556,3,-1,0,unknown
35508,cellular,7,may,262,2,-1,0,unknown
35509,cellular,7,may,189,2,-1,0,unknown
35510,cellular,7,may,1391,2,-1,0,unknown
35511,cellular,7,may,132,2,293,1,other
35512,telephone,7,may,11,2,-1,0,unknown
35513,cellular,7,may,166,3,338,2,failure
35514,cellular,7,may,217,2,342,1,failure
35515,cellular,7,may,1516,2,353,2,other
35516,telephone,7,may,202,2,167,1,failure
35517,cellular,7,may,252,2,-1,0,unknown
35518,cellular,7,may,93,4,168,3,failure
35519,cellular,7,may,350,2,-1,0,unknown
35520,telephone,7,may,908,2,357,1,other
35521,cellular,7,may,246,2,-1,0,unknown
35522,cellular,7,may,140,3,-1,0,unknown
35523,cellular,7,may,603,2,17,2,failure
35524,cellular,7,may,152,2,-1,0,unknown
35525,cellular,7,may,739,2,325,3,failure
35526,cellular,7,may,245,3,-1,0,unknown
35527,cellular,7,may,300,2,-1,0,unknown
35528,cellular,7,may,225,2,275,2,failure
35529,cellular,7,may,429,2,343,4,failure
35530,cellular,7,may,275,2,342,4,other
35531,cellular,7,may,196,3,-1,0,unknown
35532,cellular,7,may,293,2,-1,0,unknown
35533,cellular,7,may,787,3,356,2,failure
35534,cellular,7,may,434,3,342,2,failure
35535,telephone,7,may,79,2,360,6,other
35536,cellular,7,may,388,2,349,2,failure
35537,cellular,7,may,128,2,-1,0,unknown
35538,cellular,7,may,269,2,-1,0,unknown
35539,cellular,7,may,217,2,351,2,other
35540,cellular,7,may,291,2,-1,0,unknown
35541,cellular,7,may,249,2,169,1,failure
35542,cellular,7,may,249,4,332,3,failure
35543,cellular,7,may,109,2,-1,0,unknown
35544,cellular,7,may,219,2,-1,0,unknown
35545,cellular,7,may,235,2,293,1,other
35546,cellular,7,may,161,2,-1,0,unknown
35547,cellular,7,may,181,2,255,5,failure
35548,cellular,7,may,432,3,363,2,other
35549,cellular,7,may,476,2,-1,0,unknown
35550,cellular,7,may,877,3,-1,0,unknown
35551,cellular,7,may,263,2,294,1,success
35552,cellular,7,may,156,2,349,2,other
35553,cellular,7,may,792,3,-1,0,unknown
35554,cellular,7,may,589,2,-1,0,unknown
35555,cellular,7,may,215,2,294,1,failure
35556,cellular,7,may,84,3,168,1,failure
35557,cellular,7,may,329,2,-1,0,unknown
35558,cellular,7,may,680,2,367,2,failure
35559,cellular,7,may,553,3,288,1,other
35560,cellular,7,may,174,3,366,2,failure
35561,cellular,7,may,253,2,302,1,failure
35562,cellular,7,may,127,6,-1,0,unknown
35563,cellular,7,may,265,3,-1,0,unknown
35564,cellular,7,may,272,4,357,1,other
35565,cellular,7,may,113,2,-1,0,unknown
35566,cellular,7,may,1135,3,323,30,failure
35567,cellular,7,may,239,2,-1,0,unknown
35568,telephone,7,may,376,2,339,7,failure
35569,cellular,7,may,324,2,351,1,failure
35570,cellular,7,may,255,6,169,3,failure
35571,cellular,7,may,20,8,-1,0,unknown
35572,cellular,7,may,274,3,358,2,failure
35573,cellular,7,may,831,4,-1,0,unknown
35574,cellular,7,may,541,3,343,5,failure
35575,cellular,7,may,162,7,-1,0,unknown
35576,cellular,7,may,892,2,-1,0,unknown
35577,telephone,7,may,123,3,-1,0,unknown
35578,cellular,7,may,63,3,-1,0,unknown
35579,cellular,7,may,882,2,-1,0,unknown
35580,telephone,7,may,146,4,-1,0,unknown
35581,cellular,7,may,463,2,-1,0,unknown
35582,telephone,7,may,174,12,-1,0,unknown
35583,cellular,7,may,190,2,-1,0,unknown
35584,cellular,7,may,273,4,-1,0,unknown
35585,cellular,7,may,172,2,-1,0,unknown
35586,cellular,7,may,304,3,-1,0,unknown
35587,cellular,7,may,245,5,366,2,failure
35588,cellular,7,may,251,2,-1,0,unknown
35589,cellular,7,may,177,2,-1,0,unknown
35590,cellular,7,may,239,3,-1,0,unknown
35591,cellular,7,may,100,1,-1,0,unknown
35592,cellular,7,may,206,3,-1,0,unknown
35593,cellular,7,may,878,3,170,5,failure
35594,cellular,7,may,1262,3,-1,0,unknown
35595,telephone,7,may,138,4,286,1,other
35596,telephone,7,may,10,4,-1,0,unknown
35597,cellular,7,may,407,2,-1,0,unknown
35598,cellular,7,may,1051,2,-1,0,unknown
35599,cellular,7,may,323,3,-1,0,unknown
35600,cellular,7,may,411,2,-1,0,unknown
35601,cellular,7,may,42,2,324,3,failure
35602,cellular,7,may,369,1,-1,0,unknown
35603,telephone,7,may,100,1,-1,0,unknown
35604,cellular,7,may,212,1,-1,0,unknown
35605,telephone,7,may,55,1,-1,0,unknown
35606,cellular,7,may,490,1,-1,0,unknown
35607,cellular,7,may,227,2,-1,0,unknown
35608,cellular,7,may,722,2,-1,0,unknown
35609,cellular,7,may,388,2,-1,0,unknown
35610,cellular,7,may,1297,2,-1,0,unknown
35611,cellular,7,may,201,1,-1,0,unknown
35612,cellular,7,may,155,1,-1,0,unknown
35613,cellular,7,may,208,1,357,1,failure
35614,cellular,7,may,340,1,-1,0,unknown
35615,cellular,7,may,189,3,-1,0,unknown
35616,cellular,7,may,148,5,336,7,other
35617,cellular,7,may,378,1,-1,0,unknown
35618,cellular,7,may,373,2,360,4,failure
35619,cellular,7,may,181,1,253,6,other
35620,cellular,7,may,54,1,337,1,failure
35621,cellular,7,may,873,1,293,1,failure
35622,telephone,8,may,128,8,324,7,other
35623,cellular,8,may,182,2,169,2,failure
35624,cellular,8,may,141,2,-1,0,unknown
35625,cellular,8,may,156,2,-1,0,unknown
35626,cellular,8,may,209,3,367,3,other
35627,cellular,8,may,262,3,-1,0,unknown
35628,cellular,8,may,328,2,353,2,failure
35629,telephone,8,may,142,3,358,3,failure
35630,telephone,8,may,17,9,-1,0,unknown
35631,telephone,8,may,143,4,-1,0,unknown
35632,cellular,8,may,40,3,359,8,other
35633,cellular,8,may,8,8,-1,0,unknown
35634,cellular,8,may,157,4,-1,0,unknown
35635,telephone,8,may,145,1,-1,0,unknown
35636,cellular,8,may,191,1,-1,0,unknown
35637,cellular,8,may,491,2,344,2,failure
35638,cellular,8,may,41,1,360,1,failure
35639,cellular,8,may,253,3,-1,0,unknown
35640,cellular,8,may,440,1,-1,0,unknown
35641,cellular,8,may,127,1,170,2,failure
35642,cellular,8,may,104,1,170,1,failure
35643,cellular,8,may,317,2,-1,0,unknown
35644,cellular,8,may,67,2,-1,0,unknown
35645,cellular,8,may,795,6,170,3,failure
35646,cellular,8,may,11,8,365,4,failure
35647,cellular,8,may,165,1,-1,0,unknown
35648,cellular,8,may,80,4,358,1,other
35649,cellular,8,may,729,1,-1,0,unknown
35650,cellular,8,may,39,1,-1,0,unknown
35651,cellular,8,may,85,1,-1,0,unknown
35652,cellular,8,may,33,1,-1,0,unknown
35653,cellular,8,may,159,1,361,2,failure
35654,cellular,8,may,57,1,368,1,failure
35655,cellular,8,may,298,1,-1,0,unknown
35656,cellular,8,may,266,1,281,11,other
35657,cellular,8,may,95,3,-1,0,unknown
35658,cellular,8,may,76,1,-1,0,unknown
35659,cellular,8,may,166,1,42,1,other
35660,cellular,8,may,88,1,-1,0,unknown
35661,cellular,8,may,113,1,360,2,failure
35662,cellular,8,may,440,1,-1,0,unknown
35663,cellular,8,may,126,1,359,5,other
35664,cellular,8,may,380,4,295,1,failure
35665,cellular,8,may,65,2,-1,0,unknown
35666,cellular,8,may,38,1,-1,0,unknown
35667,cellular,8,may,114,1,-1,0,unknown
35668,cellular,8,may,181,3,-1,0,unknown
35669,cellular,8,may,157,1,-1,0,unknown
35670,cellular,8,may,1022,1,360,2,failure
35671,cellular,8,may,293,3,364,2,failure
35672,cellular,8,may,225,1,-1,0,unknown
35673,cellular,8,may,106,1,288,6,failure
35674,cellular,8,may,84,1,290,1,failure
35675,cellular,8,may,174,1,-1,0,unknown
35676,cellular,8,may,72,1,368,1,failure
35677,cellular,8,may,7,5,-1,0,unknown
35678,cellular,8,may,105,1,-1,0,unknown
35679,cellular,8,may,26,1,-1,0,unknown
35680,cellular,8,may,206,1,-1,0,unknown
35681,cellular,8,may,197,1,-1,0,unknown
35682,cellular,8,may,285,1,170,1,failure
35683,cellular,8,may,63,1,169,2,failure
35684,cellular,8,may,132,1,-1,0,unknown
35685,cellular,8,may,213,5,-1,0,unknown
35686,cellular,8,may,475,3,-1,0,unknown
35687,cellular,8,may,94,1,-1,0,unknown
35688,cellular,8,may,763,1,-1,0,unknown
35689,cellular,8,may,240,1,-1,0,unknown
35690,cellular,8,may,122,1,350,1,failure
35691,cellular,8,may,198,1,-1,0,unknown
35692,cellular,8,may,247,1,-1,0,unknown
35693,cellular,8,may,122,1,368,2,failure
35694,cellular,8,may,154,1,-1,0,unknown
35695,cellular,8,may,65,2,367,1,failure
35696,cellular,8,may,279,1,-1,0,unknown
35697,cellular,8,may,557,1,172,1,failure
35698,cellular,8,may,130,2,-1,0,unknown
35699,telephone,8,may,63,1,-1,0,unknown
35700,cellular,8,may,77,2,-1,0,unknown
35701,cellular,8,may,171,1,-1,0,unknown
35702,cellular,8,may,265,1,290,2,failure
35703,cellular,8,may,17,5,-1,0,unknown
35704,cellular,8,may,40,2,-1,0,unknown
35705,cellular,8,may,163,1,358,1,failure
35706,cellular,8,may,208,1,-1,0,unknown
35707,cellular,8,may,74,2,287,2,failure
35708,cellular,8,may,49,1,303,1,failure
35709,cellular,8,may,208,4,-1,0,unknown
35710,cellular,8,may,70,1,-1,0,unknown
35711,cellular,8,may,103,1,368,1,failure
35712,cellular,8,may,302,1,283,3,failure
35713,cellular,8,may,103,6,-1,0,unknown
35714,cellular,8,may,75,1,-1,0,unknown
35715,cellular,8,may,97,1,343,2,failure
35716,cellular,8,may,14,5,364,5,failure
35717,cellular,8,may,19,6,304,11,other
35718,cellular,8,may,98,2,170,1,failure
35719,cellular,8,may,158,3,354,1,failure
35720,cellular,8,may,307,1,-1,0,unknown
35721,cellular,8,may,57,1,303,1,failure
35722,cellular,8,may,182,1,-1,0,unknown
35723,cellular,8,may,153,4,171,3,failure
35724,cellular,8,may,389,1,-1,0,unknown
35725,cellular,8,may,153,1,353,1,failure
35726,cellular,8,may,134,1,256,6,failure
35727,cellular,8,may,290,1,-1,0,unknown
35728,cellular,8,may,851,1,-1,0,unknown
35729,cellular,8,may,295,1,-1,0,unknown
35730,telephone,8,may,139,1,-1,0,unknown
35731,cellular,8,may,500,1,-1,0,unknown
35732,cellular,8,may,704,1,323,6,failure
35733,cellular,8,may,168,2,-1,0,unknown
35734,cellular,8,may,299,3,-1,0,unknown
35735,cellular,8,may,6,5,350,2,failure
35736,cellular,8,may,318,1,172,1,failure
35737,cellular,8,may,291,1,-1,0,unknown
35738,telephone,8,may,833,1,-1,0,unknown
35739,cellular,8,may,209,1,-1,0,unknown
35740,cellular,8,may,113,1,-1,0,unknown
35741,cellular,8,may,130,1,172,2,other
35742,cellular,8,may,86,1,298,3,failure
35743,cellular,8,may,80,1,322,4,failure
35744,cellular,8,may,52,1,302,4,failure
35745,cellular,8,may,346,1,368,1,failure
35746,cellular,8,may,813,1,-1,0,unknown
35747,cellular,8,may,47,5,-1,0,unknown
35748,cellular,8,may,612,1,344,1,other
35749,cellular,8,may,1014,2,-1,0,unknown
35750,cellular,8,may,144,2,368,1,failure
35751,cellular,8,may,498,1,263,5,failure
35752,cellular,8,may,232,1,-1,0,unknown
35753,cellular,8,may,203,2,-1,0,unknown
35754,cellular,8,may,268,1,281,4,other
35755,cellular,8,may,312,1,-1,0,unknown
35756,cellular,8,may,364,1,262,2,failure
35757,cellular,8,may,561,1,-1,0,unknown
35758,cellular,8,may,212,2,-1,0,unknown
35759,cellular,8,may,49,1,-1,0,unknown
35760,cellular,8,may,278,1,-1,0,unknown
35761,cellular,8,may,50,1,303,1,failure
35762,cellular,8,may,763,1,-1,0,unknown
35763,cellular,8,may,134,1,170,5,failure
35764,cellular,8,may,343,1,282,3,failure
35765,cellular,8,may,120,1,-1,0,unknown
35766,cellular,8,may,191,1,-1,0,unknown
35767,cellular,8,may,239,1,368,2,failure
35768,cellular,8,may,111,4,347,3,other
35769,cellular,8,may,114,2,-1,0,unknown
35770,cellular,8,may,92,1,347,1,failure
35771,cellular,8,may,43,1,-1,0,unknown
35772,cellular,8,may,88,1,360,1,failure
35773,telephone,8,may,301,1,-1,0,unknown
35774,cellular,8,may,87,2,67,2,failure
35775,cellular,8,may,36,1,-1,0,unknown
35776,telephone,8,may,330,2,-1,0,unknown
35777,cellular,8,may,86,1,366,2,failure
35778,cellular,8,may,98,1,-1,0,unknown
35779,cellular,8,may,39,3,-1,0,unknown
35780,cellular,8,may,80,2,-1,0,unknown
35781,cellular,8,may,144,4,340,4,other
35782,telephone,8,may,91,2,170,2,failure
35783,cellular,8,may,525,1,-1,0,unknown
35784,cellular,8,may,99,3,343,3,other
35785,cellular,8,may,127,2,-1,0,unknown
35786,cellular,8,may,501,2,-1,0,unknown
35787,cellular,8,may,105,1,347,2,failure
35788,cellular,8,may,414,2,287,2,failure
35789,cellular,8,may,445,2,303,1,failure
35790,cellular,8,may,318,2,338,1,success
35791,cellular,8,may,606,3,-1,0,unknown
35792,cellular,8,may,191,3,-1,0,unknown
35793,cellular,8,may,374,2,-1,0,unknown
35794,cellular,8,may,51,1,-1,0,unknown
35795,cellular,8,may,139,1,345,1,other
35796,cellular,8,may,237,1,368,1,other
35797,cellular,8,may,145,2,172,13,other
35798,cellular,8,may,136,2,-1,0,unknown
35799,cellular,8,may,308,1,367,3,failure
35800,cellular,8,may,92,2,172,2,other
35801,cellular,8,may,1243,2,-1,0,unknown
35802,cellular,8,may,52,1,-1,0,unknown
35803,cellular,8,may,197,1,350,4,failure
35804,cellular,8,may,55,1,-1,0,unknown
35805,cellular,8,may,579,2,295,1,success
35806,cellular,8,may,125,1,-1,0,unknown
35807,cellular,8,may,90,1,-1,0,unknown
35808,cellular,8,may,131,1,-1,0,unknown
35809,cellular,8,may,171,1,368,1,failure
35810,cellular,8,may,478,1,-1,0,unknown
35811,telephone,8,may,75,1,323,2,failure
35812,cellular,8,may,120,2,-1,0,unknown
35813,cellular,8,may,326,1,326,2,success
35814,cellular,8,may,1080,1,-1,0,unknown
35815,cellular,8,may,87,3,-1,0,unknown
35816,cellular,8,may,196,2,172,2,other
35817,cellular,8,may,166,1,340,1,failure
35818,cellular,8,may,159,1,-1,0,unknown
35819,cellular,8,may,94,3,-1,0,unknown
35820,cellular,8,may,308,3,-1,0,unknown
35821,cellular,8,may,763,1,-1,0,unknown
35822,cellular,8,may,140,1,-1,0,unknown
35823,cellular,8,may,132,1,-1,0,unknown
35824,cellular,8,may,261,1,344,1,failure
35825,cellular,8,may,66,1,308,2,failure
35826,cellular,8,may,56,1,-1,0,unknown
35827,cellular,8,may,197,2,-1,0,unknown
35828,cellular,8,may,254,1,-1,0,unknown
35829,cellular,8,may,157,1,-1,0,unknown
35830,cellular,8,may,520,2,343,3,other
35831,cellular,8,may,451,3,-1,0,unknown
35832,cellular,8,may,9,2,172,5,failure
35833,cellular,8,may,191,2,368,1,failure
35834,cellular,8,may,87,1,-1,0,unknown
35835,cellular,8,may,301,2,-1,0,unknown
35836,cellular,8,may,662,1,367,1,success
35837,telephone,8,may,101,1,-1,0,unknown
35838,cellular,8,may,248,1,343,9,failure
35839,cellular,8,may,78,1,359,3,failure
35840,cellular,8,may,18,1,366,1,failure
35841,cellular,8,may,273,1,-1,0,unknown
35842,cellular,8,may,82,2,361,4,failure
35843,cellular,8,may,207,1,-1,0,unknown
35844,cellular,8,may,53,2,-1,0,unknown
35845,cellular,8,may,568,1,-1,0,unknown
35846,cellular,8,may,67,3,-1,0,unknown
35847,cellular,8,may,255,2,-1,0,unknown
35848,cellular,8,may,212,1,-1,0,unknown
35849,cellular,8,may,306,1,262,1,other
35850,cellular,8,may,198,1,-1,0,unknown
35851,cellular,8,may,579,1,-1,0,unknown
35852,telephone,8,may,185,1,-1,0,unknown
35853,cellular,8,may,176,1,-1,0,unknown
35854,cellular,8,may,1448,2,-1,0,unknown
35855,cellular,8,may,99,1,339,2,other
35856,cellular,8,may,69,1,298,3,failure
35857,cellular,8,may,155,2,-1,0,unknown
35858,cellular,8,may,142,1,-1,0,unknown
35859,cellular,8,may,428,1,-1,0,unknown
35860,cellular,8,may,209,2,172,1,failure
35861,cellular,8,may,728,1,-1,0,unknown
35862,cellular,8,may,171,1,172,3,failure
35863,cellular,8,may,81,3,170,1,failure
35864,cellular,8,may,291,1,337,1,failure
35865,cellular,8,may,435,2,340,3,failure
35866,cellular,8,may,272,1,364,2,failure
35867,cellular,8,may,121,1,343,3,failure
35868,cellular,8,may,164,1,-1,0,unknown
35869,cellular,8,may,144,3,-1,0,unknown
35870,cellular,8,may,339,1,66,3,other
35871,cellular,8,may,154,2,350,1,failure
35872,cellular,8,may,319,1,368,1,failure
35873,cellular,8,may,608,2,170,5,failure
35874,cellular,8,may,218,1,172,1,failure
35875,cellular,8,may,398,2,-1,0,unknown
35876,cellular,8,may,124,2,353,1,other
35877,cellular,8,may,87,2,-1,0,unknown
35878,cellular,8,may,151,4,171,11,other
35879,cellular,8,may,87,2,-1,0,unknown
35880,cellular,8,may,89,6,-1,0,unknown
35881,cellular,8,may,183,1,-1,0,unknown
35882,cellular,8,may,270,2,-1,0,unknown
35883,cellular,8,may,247,1,261,4,failure
35884,cellular,8,may,206,1,-1,0,unknown
35885,cellular,8,may,85,1,168,2,failure
35886,cellular,8,may,325,1,170,2,failure
35887,cellular,8,may,682,2,85,7,success
35888,cellular,8,may,462,1,359,2,failure
35889,cellular,8,may,238,6,169,3,failure
35890,cellular,8,may,81,2,-1,0,unknown
35891,cellular,8,may,68,5,-1,0,unknown
35892,cellular,8,may,127,1,-1,0,unknown
35893,cellular,8,may,158,2,350,2,failure
35894,cellular,8,may,264,2,-1,0,unknown
35895,cellular,8,may,345,2,358,1,failure
35896,cellular,8,may,254,2,361,8,other
35897,cellular,8,may,77,2,-1,0,unknown
35898,cellular,8,may,219,2,-1,0,unknown
35899,cellular,8,may,134,3,185,1,failure
35900,cellular,8,may,175,2,-1,0,unknown
35901,cellular,8,may,241,2,-1,0,unknown
35902,cellular,8,may,297,2,-1,0,unknown
35903,cellular,8,may,103,2,344,1,failure
35904,cellular,8,may,198,2,358,5,other
35905,cellular,8,may,182,2,366,1,other
35906,cellular,8,may,226,5,-1,0,unknown
35907,cellular,8,may,133,8,-1,0,unknown
35908,cellular,8,may,123,3,-1,0,unknown
35909,cellular,8,may,137,1,340,5,failure
35910,cellular,8,may,122,2,338,8,other
35911,cellular,8,may,233,2,-1,0,unknown
35912,cellular,8,may,85,2,368,2,failure
35913,cellular,8,may,238,6,-1,0,unknown
35914,cellular,8,may,408,2,-1,0,unknown
35915,cellular,8,may,428,3,-1,0,unknown
35916,cellular,8,may,422,2,-1,0,unknown
35917,telephone,8,may,44,4,367,1,other
35918,cellular,8,may,91,4,-1,0,unknown
35919,cellular,8,may,75,4,-1,0,unknown
35920,cellular,8,may,36,5,336,9,failure
35921,telephone,8,may,37,3,303,1,failure
35922,cellular,8,may,326,4,-1,0,unknown
35923,cellular,8,may,104,2,-1,0,unknown
35924,cellular,8,may,44,2,275,2,failure
35925,cellular,8,may,376,3,-1,0,unknown
35926,cellular,8,may,323,2,368,2,failure
35927,cellular,8,may,309,2,-1,0,unknown
35928,cellular,8,may,347,2,-1,0,unknown
35929,cellular,8,may,130,1,-1,0,unknown
35930,cellular,8,may,207,2,-1,0,unknown
35931,cellular,8,may,346,2,-1,0,unknown
35932,cellular,8,may,154,3,367,2,failure
35933,cellular,8,may,202,2,-1,0,unknown
35934,telephone,8,may,147,2,298,3,failure
35935,cellular,8,may,86,4,-1,0,unknown
35936,cellular,8,may,503,1,-1,0,unknown
35937,cellular,8,may,177,2,364,6,other
35938,telephone,8,may,186,4,358,11,failure
35939,cellular,8,may,334,3,-1,0,unknown
35940,cellular,8,may,274,2,-1,0,unknown
35941,cellular,8,may,286,2,168,3,failure
35942,cellular,8,may,134,2,-1,0,unknown
35943,cellular,8,may,104,4,252,3,failure
35944,cellular,8,may,40,6,343,2,failure
35945,cellular,8,may,612,3,-1,0,unknown
35946,cellular,8,may,506,2,170,3,failure
35947,telephone,8,may,191,2,347,5,failure
35948,cellular,8,may,187,3,360,2,failure
35949,cellular,8,may,296,5,361,11,failure
35950,cellular,8,may,174,2,-1,0,unknown
35951,cellular,8,may,224,2,170,3,failure
35952,cellular,8,may,235,2,-1,0,unknown
35953,cellular,8,may,128,3,322,2,failure
35954,cellular,8,may,144,2,-1,0,unknown
35955,cellular,8,may,55,2,298,4,failure
35956,cellular,8,may,685,2,366,1,other
35957,telephone,8,may,479,2,359,3,failure
35958,cellular,8,may,413,2,-1,0,unknown
35959,cellular,8,may,211,2,337,3,other
35960,cellular,8,may,129,2,-1,0,unknown
35961,cellular,8,may,295,2,343,1,other
35962,cellular,8,may,217,7,-1,0,unknown
35963,cellular,8,may,216,2,368,2,failure
35964,cellular,8,may,152,2,347,1,failure
35965,cellular,8,may,1024,3,347,3,failure
35966,cellular,8,may,405,3,-1,0,unknown
35967,cellular,8,may,129,2,359,4,failure
35968,cellular,8,may,682,3,347,3,failure
35969,cellular,8,may,361,3,-1,0,unknown
35970,cellular,8,may,311,3,-1,0,unknown
35971,cellular,8,may,746,2,-1,0,unknown
35972,cellular,8,may,348,4,350,2,other
35973,telephone,8,may,283,3,296,5,failure
35974,cellular,8,may,108,2,367,2,failure
35975,cellular,8,may,583,2,-1,0,unknown
35976,telephone,8,may,265,4,337,2,failure
35977,cellular,8,may,146,3,340,2,failure
35978,cellular,8,may,487,2,367,2,other
35979,cellular,8,may,1049,2,-1,0,unknown
35980,cellular,8,may,466,1,354,2,failure
35981,cellular,8,may,348,4,-1,0,unknown
35982,cellular,8,may,263,1,171,2,failure
35983,cellular,8,may,83,1,367,2,failure
35984,cellular,8,may,324,2,268,2,failure
35985,telephone,8,may,267,3,-1,0,unknown
35986,cellular,8,may,340,2,312,4,failure
35987,telephone,8,may,546,3,368,4,failure
35988,cellular,8,may,364,1,365,3,failure
35989,cellular,8,may,156,4,-1,0,unknown
35990,cellular,8,may,288,3,172,2,failure
35991,cellular,8,may,129,4,-1,0,unknown
35992,cellular,8,may,282,5,347,5,other
35993,cellular,8,may,89,1,-1,0,unknown
35994,cellular,8,may,152,1,-1,0,unknown
35995,cellular,8,may,323,1,-1,0,unknown
35996,cellular,8,may,311,1,-1,0,unknown
35997,cellular,8,may,108,1,-1,0,unknown
35998,cellular,8,may,199,1,301,2,other
35999,cellular,8,may,548,1,-1,0,unknown
36000,cellular,8,may,177,1,-1,0,unknown
36001,telephone,8,may,72,6,181,1,success
36002,telephone,8,may,26,1,-1,0,unknown
36003,telephone,8,may,713,3,-1,0,unknown
36004,telephone,8,may,15,1,-1,0,unknown
36005,cellular,8,may,423,1,-1,0,unknown
36006,cellular,8,may,81,2,365,1,failure
36007,cellular,8,may,211,1,358,5,failure
36008,cellular,8,may,322,1,323,1,failure
36009,cellular,8,may,349,1,-1,0,unknown
36010,cellular,11,may,102,3,-1,0,unknown
36011,cellular,11,may,82,2,-1,0,unknown
36012,cellular,11,may,84,7,-1,0,unknown
36013,telephone,11,may,9,5,-1,0,unknown
36014,telephone,11,may,20,5,-1,0,unknown
36015,telephone,11,may,21,5,346,6,other
36016,cellular,11,may,62,3,339,2,failure
36017,cellular,11,may,138,3,353,1,other
36018,cellular,11,may,61,3,255,2,failure
36019,telephone,11,may,30,4,304,2,other
36020,cellular,11,may,88,2,343,2,other
36021,cellular,11,may,764,4,-1,0,unknown
36022,cellular,11,may,14,8,-1,0,unknown
36023,telephone,11,may,10,8,-1,0,unknown
36024,cellular,11,may,125,2,175,1,failure
36025,cellular,11,may,50,5,-1,0,unknown
36026,telephone,11,may,28,2,306,1,failure
36027,cellular,11,may,15,8,270,7,other
36028,cellular,11,may,80,1,-1,0,unknown
36029,cellular,11,may,108,6,371,2,failure
36030,cellular,11,may,295,1,-1,0,unknown
36031,cellular,11,may,259,1,370,2,other
36032,cellular,11,may,54,1,-1,0,unknown
36033,cellular,11,may,573,1,28,4,other
36034,cellular,11,may,652,1,370,4,other
36035,telephone,11,may,22,1,-1,0,unknown
36036,cellular,11,may,443,1,350,1,failure
36037,cellular,11,may,55,1,171,8,failure
36038,cellular,11,may,67,1,-1,0,unknown
36039,cellular,11,may,206,1,-1,0,unknown
36040,telephone,11,may,64,1,362,7,failure
36041,cellular,11,may,249,1,-1,0,unknown
36042,cellular,11,may,485,2,-1,0,unknown
36043,telephone,11,may,26,1,-1,0,unknown
36044,cellular,11,may,94,1,-1,0,unknown
36045,telephone,11,may,194,1,340,2,failure
36046,cellular,11,may,309,1,342,3,other
36047,cellular,11,may,313,1,349,3,other
36048,cellular,11,may,657,1,-1,0,unknown
36049,cellular,11,may,577,1,368,1,other
36050,cellular,11,may,33,12,-1,0,unknown
36051,cellular,11,may,158,1,-1,0,unknown
36052,cellular,11,may,457,1,-1,0,unknown
36053,cellular,11,may,363,1,343,2,failure
36054,cellular,11,may,547,1,-1,0,unknown
36055,cellular,11,may,431,1,172,2,failure
36056,cellular,11,may,210,1,-1,0,unknown
36057,cellular,11,may,502,1,343,2,failure
36058,cellular,11,may,139,1,-1,0,unknown
36059,cellular,11,may,57,1,-1,0,unknown
36060,cellular,11,may,212,1,-1,0,unknown
36061,cellular,11,may,7,5,171,12,failure
36062,cellular,11,may,528,1,-1,0,unknown
36063,cellular,11,may,195,5,172,11,other
36064,cellular,11,may,169,2,-1,0,unknown
36065,cellular,11,may,210,1,-1,0,unknown
36066,cellular,11,may,179,1,304,2,failure
36067,cellular,11,may,106,1,278,3,failure
36068,cellular,11,may,9,7,325,19,failure
36069,cellular,11,may,716,1,-1,0,unknown
36070,cellular,11,may,94,1,-1,0,unknown
36071,cellular,11,may,73,1,-1,0,unknown
36072,cellular,11,may,313,1,369,2,failure
36073,cellular,11,may,66,3,173,2,failure
36074,cellular,11,may,143,4,-1,0,unknown
36075,cellular,11,may,261,1,-1,0,unknown
36076,cellular,11,may,603,1,-1,0,unknown
36077,cellular,11,may,496,1,-1,0,unknown
36078,cellular,11,may,87,1,-1,0,unknown
36079,telephone,11,may,108,2,306,1,failure
36080,cellular,11,may,285,1,-1,0,unknown
36081,cellular,11,may,580,1,173,1,failure
36082,cellular,11,may,207,7,-1,0,unknown
36083,cellular,11,may,128,3,371,1,failure
36084,cellular,11,may,7,11,360,2,other
36085,cellular,11,may,277,1,271,2,success
36086,cellular,11,may,40,8,299,1,success
36087,cellular,11,may,1038,1,370,1,failure
36088,cellular,11,may,94,1,350,5,other
36089,cellular,11,may,346,1,96,3,failure
36090,cellular,11,may,62,1,-1,0,unknown
36091,telephone,11,may,65,1,356,2,failure
36092,cellular,11,may,341,1,-1,0,unknown
36093,cellular,11,may,12,8,342,9,failure
36094,telephone,11,may,32,5,-1,0,unknown
36095,cellular,11,may,344,1,-1,0,unknown
36096,cellular,11,may,195,1,357,1,other
36097,cellular,11,may,469,1,350,1,failure
36098,cellular,11,may,58,1,305,1,failure
36099,cellular,11,may,155,2,-1,0,unknown
36100,cellular,11,may,629,1,173,1,failure
36101,telephone,11,may,243,1,-1,0,unknown
36102,cellular,11,may,12,5,-1,0,unknown
36103,telephone,11,may,42,1,-1,0,unknown
36104,cellular,11,may,460,1,-1,0,unknown
36105,cellular,11,may,183,1,-1,0,unknown
36106,cellular,11,may,242,1,-1,0,unknown
36107,cellular,11,may,112,1,-1,0,unknown
36108,cellular,11,may,197,1,277,2,failure
36109,cellular,11,may,150,1,370,2,failure
36110,cellular,11,may,1514,1,284,2,failure
36111,cellular,11,may,15,7,-1,0,unknown
36112,cellular,11,may,63,7,-1,0,unknown
36113,cellular,11,may,422,1,364,5,success
36114,cellular,11,may,214,2,276,3,failure
36115,cellular,11,may,182,2,-1,0,unknown
36116,cellular,11,may,152,1,-1,0,unknown
36117,cellular,11,may,248,1,356,1,failure
36118,cellular,11,may,67,1,-1,0,unknown
36119,cellular,11,may,279,1,370,2,failure
36120,telephone,11,may,221,6,284,29,other
36121,cellular,11,may,188,1,-1,0,unknown
36122,cellular,11,may,254,2,353,1,failure
36123,telephone,11,may,231,1,284,2,failure
36124,cellular,11,may,135,2,-1,0,unknown
36125,cellular,11,may,212,1,-1,0,unknown
36126,cellular,11,may,227,1,-1,0,unknown
36127,cellular,11,may,85,1,-1,0,unknown
36128,cellular,11,may,220,1,339,4,failure
36129,cellular,11,may,80,1,308,4,failure
36130,cellular,11,may,340,1,264,4,failure
36131,cellular,11,may,202,3,265,2,failure
36132,cellular,11,may,549,1,-1,0,unknown
36133,cellular,11,may,472,1,356,2,failure
36134,cellular,11,may,409,1,14,8,success
36135,cellular,11,may,236,1,-1,0,unknown
36136,cellular,11,may,308,1,-1,0,unknown
36137,cellular,11,may,91,1,-1,0,unknown
36138,cellular,11,may,90,1,348,1,failure
36139,cellular,11,may,186,1,-1,0,unknown
36140,cellular,11,may,138,1,-1,0,unknown
36141,cellular,11,may,442,1,370,3,failure
36142,cellular,11,may,277,1,301,2,failure
36143,cellular,11,may,200,2,-1,0,unknown
36144,cellular,11,may,161,2,-1,0,unknown
36145,cellular,11,may,51,1,305,1,failure
36146,cellular,11,may,262,3,-1,0,unknown
36147,cellular,11,may,49,1,349,3,failure
36148,cellular,11,may,369,2,350,1,failure
36149,cellular,11,may,471,2,174,12,other
36150,cellular,11,may,198,1,-1,0,unknown
36151,cellular,11,may,568,1,285,2,other
36152,cellular,11,may,116,6,-1,0,unknown
36153,cellular,11,may,163,1,370,1,failure
36154,cellular,11,may,100,1,-1,0,unknown
36155,cellular,11,may,59,1,-1,0,unknown
36156,cellular,11,may,686,1,-1,0,unknown
36157,telephone,11,may,28,1,-1,0,unknown
36158,cellular,11,may,256,1,-1,0,unknown
36159,cellular,11,may,295,1,370,1,failure
36160,cellular,11,may,114,2,-1,0,unknown
36161,cellular,11,may,733,2,-1,0,unknown
36162,cellular,11,may,170,1,370,1,failure
36163,cellular,11,may,214,1,-1,0,unknown
36164,cellular,11,may,101,1,350,1,failure
36165,cellular,11,may,474,1,256,1,success
36166,cellular,11,may,306,1,-1,0,unknown
36167,cellular,11,may,106,1,-1,0,unknown
36168,cellular,11,may,14,5,-1,0,unknown
36169,cellular,11,may,231,1,-1,0,unknown
36170,cellular,11,may,240,2,343,5,failure
36171,cellular,11,may,701,1,362,1,success
36172,cellular,11,may,231,1,350,1,failure
36173,cellular,11,may,666,1,-1,0,unknown
36174,cellular,11,may,247,2,367,4,other
36175,cellular,11,may,239,5,367,2,failure
36176,cellular,11,may,712,1,-1,0,unknown
36177,cellular,11,may,219,1,173,2,failure
36178,cellular,11,may,199,1,326,5,other
36179,cellular,11,may,88,3,362,1,other
36180,cellular,11,may,102,6,349,1,failure
36181,cellular,11,may,216,1,370,1,failure
36182,cellular,11,may,190,1,300,2,failure
36183,cellular,11,may,181,1,-1,0,unknown
36184,cellular,11,may,73,4,-1,0,unknown
36185,cellular,11,may,405,1,174,3,failure
36186,cellular,11,may,204,2,-1,0,unknown
36187,cellular,11,may,274,1,-1,0,unknown
36188,cellular,11,may,227,1,-1,0,unknown
36189,cellular,11,may,360,1,370,1,other
36190,cellular,11,may,490,2,-1,0,unknown
36191,cellular,11,may,105,1,336,2,failure
36192,cellular,11,may,189,1,-1,0,unknown
36193,cellular,11,may,143,2,347,1,failure
36194,cellular,11,may,18,6,172,10,success
36195,cellular,11,may,149,1,259,4,failure
36196,cellular,11,may,222,2,300,2,failure
36197,cellular,11,may,131,2,-1,0,unknown
36198,cellular,11,may,225,1,347,1,failure
36199,telephone,11,may,21,1,-1,0,unknown
36200,cellular,11,may,151,2,370,2,failure
36201,cellular,11,may,105,3,-1,0,unknown
36202,cellular,11,may,8,5,350,3,other
36203,telephone,11,may,114,1,368,1,failure
36204,cellular,11,may,154,1,305,9,failure
36205,cellular,11,may,347,1,284,2,failure
36206,cellular,11,may,281,2,266,6,failure
36207,cellular,11,may,103,1,367,1,other
36208,cellular,11,may,95,1,-1,0,unknown
36209,cellular,11,may,214,8,326,2,failure
36210,cellular,11,may,323,1,-1,0,unknown
36211,cellular,11,may,197,2,-1,0,unknown
36212,cellular,11,may,465,1,364,3,other
36213,cellular,11,may,628,1,-1,0,unknown
36214,cellular,11,may,133,1,-1,0,unknown
36215,cellular,11,may,553,1,367,7,failure
36216,cellular,11,may,59,1,-1,0,unknown
36217,cellular,11,may,49,1,-1,0,unknown
36218,cellular,11,may,721,1,-1,0,unknown
36219,telephone,11,may,86,1,369,2,failure
36220,cellular,11,may,21,6,-1,0,unknown
36221,cellular,11,may,58,1,-1,0,unknown
36222,cellular,11,may,123,2,343,2,other
36223,cellular,11,may,114,1,301,3,failure
36224,cellular,11,may,54,1,-1,0,unknown
36225,cellular,11,may,41,1,-1,0,unknown
36226,cellular,11,may,35,1,350,1,failure
36227,cellular,11,may,327,1,-1,0,unknown
36228,cellular,11,may,177,1,173,1,failure
36229,cellular,11,may,68,1,-1,0,unknown
36230,cellular,11,may,125,1,-1,0,unknown
36231,cellular,11,may,580,1,350,4,success
36232,cellular,11,may,79,2,-1,0,unknown
36233,cellular,11,may,1017,1,-1,0,unknown
36234,cellular,11,may,85,1,308,2,failure
36235,cellular,11,may,82,1,369,3,other
36236,cellular,11,may,187,1,174,1,failure
36237,cellular,11,may,29,3,-1,0,unknown
36238,cellular,11,may,282,1,-1,0,unknown
36239,cellular,11,may,610,2,-1,0,unknown
36240,cellular,11,may,257,1,-1,0,unknown
36241,cellular,11,may,128,3,-1,0,unknown
36242,cellular,11,may,622,1,-1,0,unknown
36243,cellular,11,may,489,2,174,1,other
36244,cellular,11,may,70,8,339,6,other
36245,cellular,11,may,304,1,349,4,failure
36246,cellular,11,may,102,2,-1,0,unknown
36247,cellular,11,may,278,1,-1,0,unknown
36248,cellular,11,may,66,1,301,3,failure
36249,cellular,11,may,78,2,264,3,failure
36250,cellular,11,may,432,2,-1,0,unknown
36251,cellular,11,may,275,1,-1,0,unknown
36252,cellular,11,may,146,2,-1,0,unknown
36253,cellular,11,may,134,2,370,1,failure
36254,cellular,11,may,313,1,369,2,failure
36255,cellular,11,may,333,1,-1,0,unknown
36256,cellular,11,may,1114,2,-1,0,unknown
36257,cellular,11,may,50,1,-1,0,unknown
36258,cellular,11,may,207,1,370,1,failure
36259,cellular,11,may,185,1,305,1,failure
36260,cellular,11,may,197,1,-1,0,unknown
36261,cellular,11,may,672,1,-1,0,unknown
36262,cellular,11,may,552,2,301,2,failure
36263,cellular,11,may,249,1,356,2,failure
36264,cellular,11,may,86,7,285,3,failure
36265,cellular,11,may,412,1,301,3,other
36266,cellular,11,may,72,4,-1,0,unknown
36267,cellular,11,may,299,2,-1,0,unknown
36268,cellular,11,may,124,1,369,2,failure
36269,cellular,11,may,251,1,304,2,other
36270,cellular,11,may,400,2,340,2,failure
36271,cellular,11,may,82,9,306,1,other
36272,cellular,11,may,930,1,-1,0,unknown
36273,cellular,11,may,262,2,367,4,failure
36274,cellular,11,may,177,4,367,1,failure
36275,cellular,11,may,124,2,347,1,failure
36276,cellular,11,may,239,3,172,1,failure
36277,cellular,11,may,89,1,-1,0,unknown
36278,cellular,11,may,40,4,-1,0,unknown
36279,cellular,11,may,52,2,-1,0,unknown
36280,telephone,11,may,159,1,364,2,failure
36281,cellular,11,may,294,2,-1,0,unknown
36282,cellular,11,may,175,5,333,19,other
36283,cellular,11,may,132,3,-1,0,unknown
36284,cellular,11,may,282,1,-1,0,unknown
36285,cellular,11,may,295,3,-1,0,unknown
36286,cellular,11,may,505,2,-1,0,unknown
36287,cellular,11,may,608,3,-1,0,unknown
36288,cellular,11,may,261,1,286,2,failure
36289,cellular,11,may,154,2,340,2,failure
36290,cellular,11,may,330,2,368,2,failure
36291,cellular,11,may,148,1,367,2,failure
36292,cellular,11,may,76,2,304,2,failure
36293,cellular,11,may,255,1,-1,0,unknown
36294,cellular,11,may,193,1,-1,0,unknown
36295,cellular,11,may,643,2,-1,0,unknown
36296,cellular,11,may,74,1,-1,0,unknown
36297,cellular,11,may,475,1,171,6,failure
36298,telephone,11,may,41,2,300,5,failure
36299,telephone,11,may,168,3,-1,0,unknown
36300,cellular,11,may,93,2,-1,0,unknown
36301,cellular,11,may,164,2,-1,0,unknown
36302,cellular,11,may,228,2,363,2,failure
36303,cellular,11,may,157,1,-1,0,unknown
36304,cellular,11,may,161,1,-1,0,unknown
36305,cellular,11,may,327,1,-1,0,unknown
36306,cellular,11,may,758,1,347,2,failure
36307,telephone,11,may,52,1,-1,0,unknown
36308,cellular,11,may,371,1,305,1,failure
36309,cellular,11,may,426,1,-1,0,unknown
36310,cellular,11,may,369,1,-1,0,unknown
36311,cellular,11,may,129,1,-1,0,unknown
36312,cellular,11,may,264,1,-1,0,unknown
36313,cellular,11,may,246,1,-1,0,unknown
36314,cellular,11,may,145,2,300,3,failure
36315,cellular,11,may,329,2,-1,0,unknown
36316,cellular,11,may,242,3,341,1,other
36317,cellular,11,may,77,1,350,1,failure
36318,telephone,11,may,267,1,369,1,failure
36319,cellular,11,may,160,2,-1,0,unknown
36320,cellular,11,may,184,2,-1,0,unknown
36321,cellular,11,may,289,5,-1,0,unknown
36322,cellular,11,may,143,3,357,1,failure
36323,cellular,11,may,288,1,360,2,failure
36324,cellular,11,may,305,1,-1,0,unknown
36325,cellular,11,may,186,2,350,3,failure
36326,cellular,11,may,296,1,-1,0,unknown
36327,cellular,11,may,79,3,-1,0,unknown
36328,cellular,11,may,261,1,369,2,failure
36329,cellular,11,may,240,1,-1,0,unknown
36330,cellular,11,may,270,1,348,10,failure
36331,cellular,11,may,47,1,343,2,failure
36332,cellular,11,may,63,1,-1,0,unknown
36333,cellular,11,may,57,1,-1,0,unknown
36334,telephone,11,may,176,1,284,4,other
36335,cellular,11,may,193,1,333,17,other
36336,cellular,11,may,321,2,-1,0,unknown
36337,cellular,11,may,200,2,364,2,other
36338,cellular,11,may,161,1,-1,0,unknown
36339,cellular,11,may,204,1,336,2,failure
36340,cellular,11,may,188,2,346,3,other
36341,cellular,11,may,290,1,-1,0,unknown
36342,cellular,11,may,254,1,-1,0,unknown
36343,cellular,11,may,232,2,347,1,failure
36344,cellular,11,may,97,2,305,1,failure
36345,telephone,11,may,296,1,287,12,failure
36346,cellular,11,may,263,2,348,4,failure
36347,cellular,11,may,228,1,-1,0,unknown
36348,cellular,11,may,306,2,347,1,other
36349,cellular,11,may,776,4,349,1,other
36350,cellular,11,may,429,2,-1,0,unknown
36351,cellular,11,may,51,6,-1,0,unknown
36352,cellular,11,may,150,2,364,8,failure
36353,cellular,11,may,275,2,307,1,other
36354,cellular,11,may,160,2,-1,0,unknown
36355,cellular,11,may,125,2,304,2,failure
36356,cellular,11,may,146,2,-1,0,unknown
36357,cellular,11,may,171,2,-1,0,unknown
36358,cellular,11,may,142,1,-1,0,unknown
36359,cellular,11,may,430,3,-1,0,unknown
36360,cellular,11,may,189,1,-1,0,unknown
36361,cellular,11,may,798,2,-1,0,unknown
36362,cellular,11,may,65,2,-1,0,unknown
36363,cellular,11,may,66,4,173,7,other
36364,cellular,11,may,34,1,361,7,failure
36365,cellular,11,may,333,1,-1,0,unknown
36366,cellular,11,may,128,1,369,1,failure
36367,cellular,11,may,102,1,-1,0,unknown
36368,cellular,11,may,400,1,173,5,failure
36369,cellular,11,may,175,1,-1,0,unknown
36370,cellular,11,may,69,1,-1,0,unknown
36371,cellular,11,may,126,2,-1,0,unknown
36372,cellular,11,may,285,2,349,10,failure
36373,telephone,11,may,168,5,-1,0,unknown
36374,cellular,11,may,133,2,370,2,failure
36375,cellular,11,may,147,3,342,4,failure
36376,cellular,11,may,472,2,-1,0,unknown
36377,cellular,11,may,173,2,-1,0,unknown
36378,cellular,11,may,220,2,-1,0,unknown
36379,cellular,11,may,130,3,-1,0,unknown
36380,cellular,11,may,299,3,-1,0,unknown
36381,cellular,11,may,247,6,-1,0,unknown
36382,cellular,11,may,218,4,285,5,failure
36383,cellular,11,may,445,2,299,6,other
36384,cellular,11,may,111,6,-1,0,unknown
36385,cellular,11,may,195,2,301,3,failure
36386,cellular,11,may,148,2,-1,0,unknown
36387,cellular,11,may,96,2,-1,0,unknown
36388,cellular,11,may,286,3,-1,0,unknown
36389,telephone,11,may,75,4,-1,0,unknown
36390,telephone,11,may,386,2,-1,0,unknown
36391,telephone,11,may,544,3,-1,0,unknown
36392,cellular,11,may,127,2,369,1,failure
36393,cellular,11,may,565,2,-1,0,unknown
36394,cellular,11,may,155,2,173,1,failure
36395,cellular,11,may,184,4,-1,0,unknown
36396,cellular,11,may,480,2,-1,0,unknown
36397,cellular,11,may,1232,2,-1,0,unknown
36398,cellular,11,may,133,3,-1,0,unknown
36399,telephone,11,may,193,2,-1,0,unknown
36400,telephone,11,may,70,2,367,3,failure
36401,cellular,11,may,206,2,-1,0,unknown
36402,cellular,11,may,152,2,305,1,success
36403,telephone,11,may,64,2,347,1,other
36404,cellular,11,may,243,2,-1,0,unknown
36405,cellular,11,may,270,2,347,1,failure
36406,telephone,11,may,437,2,361,5,failure
36407,telephone,11,may,259,4,-1,0,unknown
36408,cellular,11,may,269,3,353,2,failure
36409,cellular,11,may,182,5,-1,0,unknown
36410,cellular,11,may,447,2,-1,0,unknown
36411,cellular,11,may,238,2,361,5,failure
36412,cellular,11,may,143,3,356,1,other
36413,cellular,11,may,410,2,292,11,failure
36414,cellular,11,may,472,2,-1,0,unknown
36415,cellular,11,may,254,2,-1,0,unknown
36416,cellular,11,may,56,3,-1,0,unknown
36417,cellular,11,may,204,2,348,2,failure
36418,telephone,11,may,226,2,-1,0,unknown
36419,cellular,11,may,819,2,-1,0,unknown
36420,cellular,11,may,217,3,264,4,failure
36421,cellular,11,may,217,6,-1,0,unknown
36422,cellular,11,may,379,3,-1,0,unknown
36423,cellular,11,may,718,2,-1,0,unknown
36424,cellular,11,may,271,2,-1,0,unknown
36425,cellular,11,may,0,2,-1,0,unknown
36426,cellular,11,may,258,4,329,2,failure
36427,cellular,11,may,180,3,-1,0,unknown
36428,cellular,11,may,298,2,-1,0,unknown
36429,cellular,11,may,196,2,-1,0,unknown
36430,cellular,11,may,115,2,370,2,failure
36431,cellular,11,may,327,2,-1,0,unknown
36432,cellular,11,may,1001,4,-1,0,unknown
36433,cellular,11,may,72,2,-1,0,unknown
36434,cellular,11,may,498,2,-1,0,unknown
36435,cellular,11,may,279,2,-1,0,unknown
36436,cellular,11,may,50,3,277,2,failure
36437,cellular,11,may,171,2,-1,0,unknown
36438,cellular,11,may,211,2,347,1,failure
36439,telephone,11,may,567,3,325,1,failure
36440,cellular,11,may,772,2,357,1,failure
36441,cellular,11,may,120,2,-1,0,unknown
36442,cellular,11,may,214,2,-1,0,unknown
36443,cellular,11,may,877,7,300,2,other
36444,telephone,11,may,82,2,350,1,failure
36445,cellular,11,may,304,3,173,7,failure
36446,cellular,11,may,273,5,-1,0,unknown
36447,cellular,11,may,471,3,-1,0,unknown
36448,cellular,11,may,133,2,-1,0,unknown
36449,cellular,11,may,301,2,298,6,failure
36450,cellular,11,may,350,3,-1,0,unknown
36451,cellular,11,may,94,4,-1,0,unknown
36452,cellular,11,may,1388,2,-1,0,unknown
36453,cellular,11,may,508,3,173,5,failure
36454,telephone,11,may,338,2,-1,0,unknown
36455,cellular,11,may,208,4,325,4,failure
36456,telephone,11,may,1143,4,-1,0,unknown
36457,cellular,11,may,503,3,339,2,failure
36458,telephone,11,may,58,3,334,3,other
36459,cellular,11,may,142,5,-1,0,unknown
36460,cellular,11,may,196,2,356,1,failure
36461,cellular,11,may,63,2,370,2,failure
36462,cellular,11,may,222,3,-1,0,unknown
36463,cellular,11,may,168,2,-1,0,unknown
36464,cellular,11,may,163,2,-1,0,unknown
36465,cellular,11,may,911,3,-1,0,unknown
36466,cellular,11,may,72,2,361,1,other
36467,cellular,11,may,273,3,-1,0,unknown
36468,cellular,11,may,284,4,-1,0,unknown
36469,cellular,11,may,288,2,-1,0,unknown
36470,telephone,11,may,136,2,362,1,other
36471,cellular,11,may,66,3,-1,0,unknown
36472,cellular,11,may,445,2,371,1,other
36473,cellular,11,may,123,2,-1,0,unknown
36474,cellular,11,may,85,2,-1,0,unknown
36475,cellular,11,may,927,2,-1,0,unknown
36476,cellular,12,may,48,3,285,4,failure
36477,telephone,12,may,66,2,356,1,other
36478,cellular,12,may,81,4,-1,0,unknown
36479,cellular,12,may,89,3,-1,0,unknown
36480,cellular,12,may,278,2,370,3,other
36481,cellular,12,may,214,2,-1,0,unknown
36482,cellular,12,may,116,2,-1,0,unknown
36483,cellular,12,may,167,2,350,2,failure
36484,cellular,12,may,56,3,351,3,other
36485,cellular,12,may,8,8,-1,0,unknown
36486,telephone,12,may,200,2,370,2,failure
36487,cellular,12,may,75,5,-1,0,unknown
36488,cellular,12,may,13,5,-1,0,unknown
36489,cellular,12,may,312,6,-1,0,unknown
36490,cellular,12,may,134,2,361,1,failure
36491,telephone,12,may,34,12,347,5,other
36492,cellular,12,may,15,8,351,9,other
36493,telephone,12,may,13,7,172,4,other
36494,cellular,12,may,788,2,-1,0,unknown
36495,cellular,12,may,25,6,-1,0,unknown
36496,cellular,12,may,52,3,-1,0,unknown
36497,cellular,12,may,255,2,-1,0,unknown
36498,cellular,12,may,217,3,-1,0,unknown
36499,cellular,12,may,315,2,363,1,failure
36500,cellular,12,may,214,3,-1,0,unknown
36501,telephone,12,may,352,2,175,11,other
36502,cellular,12,may,97,3,365,6,failure
36503,cellular,12,may,54,2,371,1,failure
36504,cellular,12,may,77,4,341,2,failure
36505,cellular,12,may,34,2,288,12,failure
36506,cellular,12,may,104,3,172,2,failure
36507,cellular,12,may,14,5,172,2,failure
36508,cellular,12,may,15,7,-1,0,unknown
36509,telephone,12,may,11,6,-1,0,unknown
36510,cellular,12,may,197,2,370,3,failure
36511,cellular,12,may,151,2,343,4,failure
36512,cellular,12,may,131,2,-1,0,unknown
36513,cellular,12,may,756,3,-1,0,unknown
36514,cellular,12,may,731,3,176,1,failure
36515,cellular,12,may,304,3,-1,0,unknown
36516,cellular,12,may,365,2,-1,0,unknown
36517,cellular,12,may,20,8,350,9,failure
36518,telephone,12,may,11,6,-1,0,unknown
36519,cellular,12,may,50,5,-1,0,unknown
36520,cellular,12,may,138,3,-1,0,unknown
36521,cellular,12,may,6,5,-1,0,unknown
36522,cellular,12,may,63,1,-1,0,unknown
36523,cellular,12,may,42,1,292,1,other
36524,cellular,12,may,271,1,-1,0,unknown
36525,cellular,12,may,341,1,-1,0,unknown
36526,cellular,12,may,100,4,-1,0,unknown
36527,cellular,12,may,123,4,277,2,failure
36528,cellular,12,may,40,4,-1,0,unknown
36529,cellular,12,may,114,1,-1,0,unknown
36530,cellular,12,may,150,4,330,11,other
36531,cellular,12,may,431,1,-1,0,unknown
36532,telephone,12,may,11,1,-1,0,unknown
36533,cellular,12,may,91,1,-1,0,unknown
36534,cellular,12,may,99,1,370,1,failure
36535,cellular,12,may,49,1,-1,0,unknown
36536,cellular,12,may,882,1,-1,0,unknown
36537,cellular,12,may,158,1,351,1,failure
36538,cellular,12,may,515,1,350,5,failure
36539,cellular,12,may,206,1,357,1,failure
36540,cellular,12,may,259,1,-1,0,unknown
36541,cellular,12,may,25,1,309,3,failure
36542,cellular,12,may,300,1,370,3,failure
36543,telephone,12,may,246,2,-1,0,unknown
36544,cellular,12,may,178,1,-1,0,unknown
36545,cellular,12,may,201,1,-1,0,unknown
36546,cellular,12,may,318,1,-1,0,unknown
36547,cellular,12,may,214,1,358,2,other
36548,cellular,12,may,185,1,-1,0,unknown
36549,cellular,12,may,67,1,-1,0,unknown
36550,cellular,12,may,85,4,350,1,failure
36551,cellular,12,may,178,1,175,2,failure
36552,cellular,12,may,115,2,-1,0,unknown
36553,cellular,12,may,82,4,-1,0,unknown
36554,cellular,12,may,187,1,-1,0,unknown
36555,cellular,12,may,69,1,361,1,failure
36556,cellular,12,may,62,1,354,5,failure
36557,cellular,12,may,580,1,-1,0,unknown
36558,cellular,12,may,58,1,-1,0,unknown
36559,cellular,12,may,1203,1,306,1,failure
36560,cellular,12,may,64,4,371,1,failure
36561,cellular,12,may,631,1,344,1,success
36562,cellular,12,may,658,1,351,3,failure
36563,cellular,12,may,207,1,306,1,failure
36564,cellular,12,may,104,5,-1,0,unknown
36565,cellular,12,may,942,1,-1,0,unknown
36566,cellular,12,may,377,1,357,1,failure
36567,telephone,12,may,291,5,-1,0,unknown
36568,cellular,12,may,115,1,-1,0,unknown
36569,cellular,12,may,87,4,-1,0,unknown
36570,cellular,12,may,524,3,326,1,other
36571,cellular,12,may,358,1,260,5,other
36572,cellular,12,may,366,1,172,4,success
36573,cellular,12,may,23,1,-1,0,unknown
36574,telephone,12,may,52,1,-1,0,unknown
36575,cellular,12,may,560,1,-1,0,unknown
36576,cellular,12,may,347,1,-1,0,unknown
36577,telephone,12,may,48,1,-1,0,unknown
36578,cellular,12,may,145,1,-1,0,unknown
36579,cellular,12,may,74,1,-1,0,unknown
36580,cellular,12,may,451,2,349,2,failure
36581,cellular,12,may,305,1,370,1,failure
36582,cellular,12,may,53,2,-1,0,unknown
36583,cellular,12,may,612,1,-1,0,unknown
36584,cellular,12,may,104,3,371,2,failure
36585,cellular,12,may,176,2,175,1,failure
36586,cellular,12,may,507,1,-1,0,unknown
36587,cellular,12,may,242,1,-1,0,unknown
36588,cellular,12,may,137,1,-1,0,unknown
36589,cellular,12,may,223,1,363,1,failure
36590,cellular,12,may,63,5,370,1,other
36591,cellular,12,may,137,1,-1,0,unknown
36592,cellular,12,may,23,6,295,6,failure
36593,cellular,12,may,22,4,-1,0,unknown
36594,cellular,12,may,59,3,-1,0,unknown
36595,cellular,12,may,703,4,-1,0,unknown
36596,telephone,12,may,25,6,258,18,other
36597,cellular,12,may,179,3,-1,0,unknown
36598,cellular,12,may,85,1,-1,0,unknown
36599,cellular,12,may,690,1,-1,0,unknown
36600,cellular,12,may,11,12,175,3,other
36601,cellular,12,may,1272,1,-1,0,unknown
36602,cellular,12,may,69,3,364,11,failure
36603,cellular,12,may,256,1,-1,0,unknown
36604,cellular,12,may,300,5,-1,0,unknown
36605,cellular,12,may,256,1,-1,0,unknown
36606,cellular,12,may,7,5,342,15,other
36607,cellular,12,may,43,1,347,2,failure
36608,cellular,12,may,244,3,-1,0,unknown
36609,cellular,12,may,1062,3,349,3,other
36610,cellular,12,may,429,2,-1,0,unknown
36611,cellular,12,may,22,8,-1,0,unknown
36612,cellular,12,may,296,1,-1,0,unknown
36613,cellular,12,may,92,1,-1,0,unknown
36614,cellular,12,may,43,3,369,2,failure
36615,cellular,12,may,17,7,-1,0,unknown
36616,cellular,12,may,243,1,271,4,failure
36617,cellular,12,may,826,1,-1,0,unknown
36618,cellular,12,may,245,1,356,1,failure
36619,cellular,12,may,198,1,-1,0,unknown
36620,cellular,12,may,360,1,173,1,other
36621,telephone,12,may,139,4,371,1,other
36622,cellular,12,may,232,1,-1,0,unknown
36623,cellular,12,may,517,1,173,2,failure
36624,cellular,12,may,418,1,-1,0,unknown
36625,cellular,12,may,153,1,-1,0,unknown
36626,cellular,12,may,116,2,-1,0,unknown
36627,cellular,12,may,261,1,363,1,success
36628,telephone,12,may,168,5,288,3,failure
36629,cellular,12,may,212,1,-1,0,unknown
36630,cellular,12,may,69,3,-1,0,unknown
36631,cellular,12,may,23,1,370,1,failure
36632,cellular,12,may,121,1,-1,0,unknown
36633,cellular,12,may,306,1,-1,0,unknown
36634,cellular,12,may,342,1,354,2,failure
36635,cellular,12,may,202,2,-1,0,unknown
36636,telephone,12,may,22,1,-1,0,unknown
36637,cellular,12,may,455,1,-1,0,unknown
36638,cellular,12,may,245,1,-1,0,unknown
36639,cellular,12,may,58,3,347,5,failure
36640,cellular,12,may,33,3,175,2,other
36641,cellular,12,may,41,1,-1,0,unknown
36642,cellular,12,may,399,1,-1,0,unknown
36643,cellular,12,may,360,1,-1,0,unknown
36644,cellular,12,may,179,1,-1,0,unknown
36645,cellular,12,may,174,1,-1,0,unknown
36646,cellular,12,may,68,1,363,1,failure
36647,cellular,12,may,212,1,349,4,failure
36648,cellular,12,may,639,3,326,10,failure
36649,telephone,12,may,38,6,-1,0,unknown
36650,cellular,12,may,205,2,306,1,failure
36651,cellular,12,may,344,1,-1,0,unknown
36652,cellular,12,may,141,1,-1,0,unknown
36653,cellular,12,may,113,1,-1,0,unknown
36654,cellular,12,may,985,1,-1,0,unknown
36655,cellular,12,may,87,2,-1,0,unknown
36656,cellular,12,may,238,1,301,3,failure
36657,cellular,12,may,27,6,344,12,failure
36658,cellular,12,may,337,1,309,6,failure
36659,telephone,12,may,24,1,-1,0,unknown
36660,cellular,12,may,365,2,-1,0,unknown
36661,cellular,12,may,37,1,-1,0,unknown
36662,cellular,12,may,109,1,351,4,other
36663,cellular,12,may,152,3,351,2,failure
36664,telephone,12,may,179,5,-1,0,unknown
36665,cellular,12,may,272,5,258,4,failure
36666,cellular,12,may,30,7,-1,0,unknown
36667,cellular,12,may,118,1,-1,0,unknown
36668,cellular,12,may,79,1,329,2,failure
36669,cellular,12,may,324,1,-1,0,unknown
36670,cellular,12,may,426,1,370,2,failure
36671,cellular,12,may,196,2,357,1,failure
36672,cellular,12,may,132,1,-1,0,unknown
36673,cellular,12,may,151,1,-1,0,unknown
36674,cellular,12,may,211,1,364,3,failure
36675,cellular,12,may,366,1,-1,0,unknown
36676,cellular,12,may,816,1,342,4,failure
36677,cellular,12,may,189,1,-1,0,unknown
36678,cellular,12,may,590,1,370,1,other
36679,cellular,12,may,131,1,361,1,other
36680,cellular,12,may,78,5,292,3,failure
36681,cellular,12,may,337,1,-1,0,unknown
36682,cellular,12,may,185,2,-1,0,unknown
36683,cellular,12,may,78,5,-1,0,unknown
36684,cellular,12,may,442,1,-1,0,unknown
36685,cellular,12,may,36,3,172,5,failure
36686,cellular,12,may,74,3,301,3,other
36687,cellular,12,may,326,2,-1,0,unknown
36688,telephone,12,may,81,5,-1,0,unknown
36689,cellular,12,may,45,1,-1,0,unknown
36690,telephone,12,may,179,4,-1,0,unknown
36691,cellular,12,may,527,2,-1,0,unknown
36692,cellular,12,may,918,1,-1,0,unknown
36693,telephone,12,may,148,6,308,1,failure
36694,telephone,12,may,15,1,-1,0,unknown
36695,cellular,12,may,279,1,354,1,failure
36696,cellular,12,may,65,2,285,2,failure
36697,cellular,12,may,416,4,-1,0,unknown
36698,cellular,12,may,83,1,368,4,failure
36699,telephone,12,may,25,1,-1,0,unknown
36700,cellular,12,may,189,1,326,5,failure
36701,cellular,12,may,256,1,349,1,failure
36702,cellular,12,may,251,1,-1,0,unknown
36703,cellular,12,may,116,1,-1,0,unknown
36704,telephone,12,may,1100,2,-1,0,unknown
36705,cellular,12,may,451,4,85,2,success
36706,telephone,12,may,232,3,-1,0,unknown
36707,cellular,12,may,209,1,-1,0,unknown
36708,cellular,12,may,191,1,369,3,failure
36709,cellular,12,may,340,2,175,1,failure
36710,cellular,12,may,313,1,-1,0,unknown
36711,cellular,12,may,16,5,-1,0,unknown
36712,cellular,12,may,7,5,285,30,other
36713,cellular,12,may,493,10,362,1,other
36714,cellular,12,may,1182,1,286,4,failure
36715,cellular,12,may,184,3,-1,0,unknown
36716,telephone,12,may,360,2,-1,0,unknown
36717,cellular,12,may,165,1,-1,0,unknown
36718,cellular,12,may,61,2,369,3,failure
36719,cellular,12,may,84,3,-1,0,unknown
36720,cellular,12,may,51,2,342,3,failure
36721,cellular,12,may,267,1,-1,0,unknown
36722,cellular,12,may,183,5,-1,0,unknown
36723,cellular,12,may,351,1,-1,0,unknown
36724,cellular,12,may,95,1,327,9,other
36725,cellular,12,may,393,1,-1,0,unknown
36726,cellular,12,may,454,2,364,3,failure
36727,cellular,12,may,286,1,-1,0,unknown
36728,cellular,12,may,87,4,357,4,failure
36729,cellular,12,may,277,1,-1,0,unknown
36730,cellular,12,may,814,1,-1,0,unknown
36731,cellular,12,may,725,1,-1,0,unknown
36732,cellular,12,may,175,1,298,5,failure
36733,cellular,12,may,204,1,364,1,failure
36734,cellular,12,may,247,1,-1,0,unknown
36735,cellular,12,may,136,1,-1,0,unknown
36736,cellular,12,may,59,1,301,1,other
36737,cellular,12,may,146,3,370,1,failure
36738,cellular,12,may,77,1,301,2,failure
36739,cellular,12,may,56,1,361,2,other
36740,cellular,12,may,482,1,-1,0,unknown
36741,cellular,12,may,354,1,-1,0,unknown
36742,cellular,12,may,396,1,172,3,failure
36743,cellular,12,may,136,2,-1,0,unknown
36744,cellular,12,may,549,1,368,2,failure
36745,cellular,12,may,17,1,365,2,other
36746,cellular,12,may,439,1,-1,0,unknown
36747,cellular,12,may,107,3,369,4,failure
36748,cellular,12,may,369,1,-1,0,unknown
36749,cellular,12,may,356,1,-1,0,unknown
36750,cellular,12,may,561,4,369,3,failure
36751,cellular,12,may,175,1,-1,0,unknown
36752,cellular,12,may,309,1,306,4,success
36753,telephone,12,may,139,3,361,4,failure
36754,cellular,12,may,139,2,350,1,failure
36755,cellular,12,may,128,2,-1,0,unknown
36756,cellular,12,may,549,1,300,1,success
36757,cellular,12,may,313,2,-1,0,unknown
36758,cellular,12,may,395,2,-1,0,unknown
36759,cellular,12,may,119,1,294,5,failure
36760,cellular,12,may,88,2,173,1,success
36761,cellular,12,may,463,1,-1,0,unknown
36762,cellular,12,may,232,2,-1,0,unknown
36763,cellular,12,may,57,1,342,1,failure
36764,cellular,12,may,300,3,-1,0,unknown
36765,cellular,12,may,200,2,-1,0,unknown
36766,cellular,12,may,225,1,-1,0,unknown
36767,cellular,12,may,844,1,-1,0,unknown
36768,cellular,12,may,293,2,-1,0,unknown
36769,cellular,12,may,262,2,-1,0,unknown
36770,cellular,12,may,137,2,-1,0,unknown
36771,cellular,12,may,211,2,173,1,failure
36772,cellular,12,may,387,3,-1,0,unknown
36773,cellular,12,may,246,1,343,1,other
36774,cellular,12,may,322,1,350,2,failure
36775,cellular,12,may,357,1,175,4,failure
36776,cellular,12,may,584,2,-1,0,unknown
36777,cellular,12,may,215,1,-1,0,unknown
36778,cellular,12,may,240,1,-1,0,unknown
36779,cellular,12,may,230,1,-1,0,unknown
36780,cellular,12,may,337,1,347,5,failure
36781,cellular,12,may,22,8,-1,0,unknown
36782,cellular,12,may,183,6,-1,0,unknown
36783,telephone,12,may,207,4,-1,0,unknown
36784,cellular,12,may,100,1,369,2,failure
36785,cellular,12,may,955,2,-1,0,unknown
36786,cellular,12,may,146,1,356,1,failure
36787,cellular,12,may,334,1,347,6,failure
36788,cellular,12,may,271,1,349,4,failure
36789,cellular,12,may,95,4,357,1,failure
36790,cellular,12,may,223,4,258,3,failure
36791,cellular,12,may,106,4,-1,0,unknown
36792,cellular,12,may,458,1,-1,0,unknown
36793,cellular,12,may,92,1,369,1,failure
36794,cellular,12,may,148,1,-1,0,unknown
36795,cellular,12,may,179,1,350,1,failure
36796,cellular,12,may,223,1,-1,0,unknown
36797,cellular,12,may,165,2,363,1,failure
36798,cellular,12,may,127,1,363,2,success
36799,cellular,12,may,158,1,-1,0,unknown
36800,cellular,12,may,165,1,175,2,failure
36801,cellular,12,may,409,1,274,6,other
36802,cellular,12,may,88,2,-1,0,unknown
36803,cellular,12,may,107,2,368,2,failure
36804,cellular,12,may,1531,1,-1,0,unknown
36805,cellular,12,may,132,3,-1,0,unknown
36806,cellular,12,may,406,1,-1,0,unknown
36807,cellular,12,may,240,1,365,2,failure
36808,cellular,12,may,278,1,-1,0,unknown
36809,cellular,12,may,1063,2,361,1,success
36810,cellular,12,may,908,1,-1,0,unknown
36811,cellular,12,may,706,3,-1,0,unknown
36812,cellular,12,may,161,5,174,2,failure
36813,cellular,12,may,215,2,-1,0,unknown
36814,telephone,12,may,370,2,-1,0,unknown
36815,cellular,12,may,157,5,-1,0,unknown
36816,cellular,12,may,209,2,-1,0,unknown
36817,cellular,12,may,399,4,343,1,other
36818,cellular,12,may,1925,1,351,7,other
36819,cellular,12,may,829,7,-1,0,unknown
36820,cellular,12,may,328,2,-1,0,unknown
36821,telephone,12,may,109,2,-1,0,unknown
36822,cellular,12,may,178,3,370,1,failure
36823,cellular,12,may,242,2,-1,0,unknown
36824,cellular,12,may,450,2,-1,0,unknown
36825,cellular,12,may,183,4,-1,0,unknown
36826,cellular,12,may,485,2,342,4,other
36827,cellular,12,may,76,2,348,1,failure
36828,cellular,12,may,328,2,-1,0,unknown
36829,cellular,12,may,289,2,-1,0,unknown
36830,cellular,12,may,163,2,350,1,failure
36831,cellular,12,may,118,2,369,1,failure
36832,cellular,12,may,53,9,362,8,other
36833,cellular,12,may,453,2,-1,0,unknown
36834,cellular,12,may,637,3,328,22,other
36835,cellular,12,may,301,3,263,11,success
36836,cellular,12,may,118,2,357,3,failure
36837,cellular,12,may,139,2,-1,0,unknown
36838,cellular,12,may,32,1,-1,0,unknown
36839,cellular,12,may,470,2,-1,0,unknown
36840,cellular,12,may,278,2,309,5,failure
36841,cellular,12,may,112,2,330,3,other
36842,telephone,12,may,34,4,-1,0,unknown
36843,cellular,12,may,169,1,-1,0,unknown
36844,cellular,12,may,609,1,-1,0,unknown
36845,cellular,12,may,1710,2,286,1,other
36846,telephone,12,may,217,1,175,2,failure
36847,cellular,12,may,192,3,-1,0,unknown
36848,cellular,12,may,208,6,371,1,failure
36849,cellular,12,may,415,1,344,1,failure
36850,telephone,12,may,326,3,350,2,failure
36851,cellular,12,may,173,2,350,7,failure
36852,cellular,12,may,306,2,350,1,failure
36853,cellular,12,may,350,5,286,2,failure
36854,cellular,12,may,224,2,357,2,failure
36855,cellular,12,may,614,3,-1,0,unknown
36856,cellular,12,may,474,2,357,1,failure
36857,cellular,12,may,143,4,-1,0,unknown
36858,cellular,12,may,168,4,-1,0,unknown
36859,cellular,12,may,317,2,-1,0,unknown
36860,cellular,12,may,106,3,-1,0,unknown
36861,cellular,12,may,234,6,174,3,failure
36862,cellular,12,may,314,2,-1,0,unknown
36863,cellular,12,may,897,4,-1,0,unknown
36864,telephone,12,may,422,2,-1,0,unknown
36865,cellular,12,may,398,6,-1,0,unknown
36866,cellular,12,may,130,3,-1,0,unknown
36867,cellular,12,may,61,4,-1,0,unknown
36868,cellular,12,may,255,2,357,4,failure
36869,cellular,12,may,259,3,-1,0,unknown
36870,telephone,12,may,29,2,370,1,failure
36871,cellular,12,may,750,2,-1,0,unknown
36872,cellular,12,may,306,2,-1,0,unknown
36873,cellular,12,may,775,3,-1,0,unknown
36874,cellular,12,may,181,2,300,1,failure
36875,cellular,12,may,254,4,365,2,failure
36876,cellular,12,may,373,3,-1,0,unknown
36877,cellular,12,may,180,2,-1,0,unknown
36878,telephone,12,may,123,3,-1,0,unknown
36879,cellular,12,may,135,4,-1,0,unknown
36880,cellular,12,may,216,2,259,3,other
36881,cellular,12,may,86,2,-1,0,unknown
36882,cellular,12,may,85,2,71,3,failure
36883,cellular,12,may,325,2,-1,0,unknown
36884,cellular,12,may,142,2,357,3,failure
36885,cellular,12,may,187,4,-1,0,unknown
36886,cellular,12,may,463,3,-1,0,unknown
36887,cellular,12,may,280,2,335,3,failure
36888,cellular,12,may,398,2,-1,0,unknown
36889,cellular,12,may,528,5,-1,0,unknown
36890,telephone,12,may,149,5,299,10,failure
36891,cellular,12,may,288,2,350,2,failure
36892,cellular,12,may,191,3,-1,0,unknown
36893,cellular,12,may,193,2,-1,0,unknown
36894,cellular,12,may,302,2,344,3,other
36895,cellular,12,may,317,2,-1,0,unknown
36896,cellular,12,may,211,5,-1,0,unknown
36897,cellular,12,may,101,2,-1,0,unknown
36898,cellular,12,may,187,3,-1,0,unknown
36899,cellular,12,may,464,3,-1,0,unknown
36900,cellular,12,may,98,5,-1,0,unknown
36901,cellular,12,may,198,2,-1,0,unknown
36902,cellular,12,may,361,2,-1,0,unknown
36903,telephone,12,may,345,2,-1,0,unknown
36904,telephone,12,may,114,5,-1,0,unknown
36905,cellular,12,may,481,2,-1,0,unknown
36906,cellular,12,may,210,2,-1,0,unknown
36907,telephone,12,may,556,2,287,13,success
36908,cellular,12,may,239,4,278,2,other
36909,cellular,12,may,349,2,174,1,failure
36910,cellular,12,may,253,3,334,2,failure
36911,cellular,12,may,112,4,369,2,other
36912,cellular,12,may,396,2,-1,0,unknown
36913,cellular,12,may,181,4,369,5,failure
36914,cellular,12,may,178,3,357,7,failure
36915,cellular,12,may,206,2,329,6,failure
36916,cellular,12,may,209,2,351,3,other
36917,cellular,12,may,692,4,172,4,other
36918,telephone,12,may,210,3,-1,0,unknown
36919,telephone,12,may,206,6,337,6,failure
36920,telephone,12,may,339,4,347,2,failure
36921,cellular,12,may,191,3,-1,0,unknown
36922,cellular,12,may,737,3,-1,0,unknown
36923,cellular,12,may,175,2,369,2,failure
36924,cellular,12,may,286,5,-1,0,unknown
36925,cellular,12,may,170,3,-1,0,unknown
36926,cellular,12,may,173,8,278,4,failure
36927,cellular,12,may,541,2,330,2,other
36928,telephone,12,may,89,2,-1,0,unknown
36929,cellular,12,may,242,3,371,2,failure
36930,cellular,12,may,213,6,-1,0,unknown
36931,cellular,12,may,194,3,-1,0,unknown
36932,cellular,12,may,158,2,-1,0,unknown
36933,telephone,12,may,472,2,351,1,failure
36934,cellular,12,may,135,2,354,3,other
36935,cellular,12,may,275,3,-1,0,unknown
36936,telephone,12,may,155,2,-1,0,unknown
36937,cellular,12,may,235,6,-1,0,unknown
36938,telephone,12,may,125,4,-1,0,unknown
36939,telephone,12,may,175,5,278,7,failure
36940,cellular,12,may,22,5,-1,0,unknown
36941,cellular,12,may,134,4,-1,0,unknown
36942,cellular,12,may,807,3,172,4,failure
36943,cellular,12,may,235,2,361,2,failure
36944,cellular,12,may,57,2,344,8,other
36945,cellular,12,may,673,4,-1,0,unknown
36946,cellular,12,may,124,2,-1,0,unknown
36947,cellular,12,may,225,3,-1,0,unknown
36948,cellular,12,may,144,5,342,16,failure
36949,cellular,12,may,177,2,-1,0,unknown
36950,cellular,12,may,455,2,328,13,failure
36951,telephone,12,may,185,3,-1,0,unknown
36952,cellular,12,may,285,3,287,8,failure
36953,telephone,12,may,295,3,-1,0,unknown
36954,telephone,12,may,101,2,356,2,failure
36955,cellular,12,may,456,2,364,1,failure
36956,telephone,12,may,256,4,-1,0,unknown
36957,cellular,12,may,600,4,-1,0,unknown
36958,cellular,12,may,339,2,369,3,failure
36959,cellular,12,may,268,3,-1,0,unknown
36960,telephone,12,may,899,3,-1,0,unknown
36961,telephone,12,may,220,3,363,1,other
36962,cellular,12,may,700,3,-1,0,unknown
36963,cellular,12,may,150,7,-1,0,unknown
36964,cellular,12,may,147,4,307,1,failure
36965,telephone,12,may,236,6,342,1,other
36966,telephone,12,may,58,2,334,1,failure
36967,telephone,12,may,1388,7,347,2,failure
36968,cellular,13,may,57,5,349,1,other
36969,cellular,13,may,130,2,-1,0,unknown
36970,cellular,13,may,70,5,-1,0,unknown
36971,cellular,13,may,31,7,330,17,failure
36972,cellular,13,may,50,2,-1,0,unknown
36973,cellular,13,may,94,3,-1,0,unknown
36974,cellular,13,may,496,2,345,3,failure
36975,telephone,13,may,83,5,175,4,other
36976,telephone,13,may,16,6,-1,0,unknown
36977,telephone,13,may,29,4,-1,0,unknown
36978,telephone,13,may,20,2,-1,0,unknown
36979,cellular,13,may,46,4,-1,0,unknown
36980,cellular,13,may,152,4,366,3,failure
36981,telephone,13,may,61,4,350,1,failure
36982,cellular,13,may,389,4,-1,0,unknown
36983,telephone,13,may,91,5,175,9,failure
36984,cellular,13,may,1108,3,-1,0,unknown
36985,cellular,13,may,477,3,-1,0,unknown
36986,cellular,13,may,197,3,357,1,other
36987,cellular,13,may,8,7,-1,0,unknown
36988,cellular,13,may,117,2,278,3,other
36989,cellular,13,may,564,2,265,4,other
36990,cellular,13,may,24,2,362,1,other
36991,telephone,13,may,413,6,-1,0,unknown
36992,cellular,13,may,254,3,-1,0,unknown
36993,cellular,13,may,164,2,366,2,failure
36994,cellular,13,may,53,5,175,6,failure
36995,telephone,13,may,65,5,-1,0,unknown
36996,cellular,13,may,20,6,358,9,failure
36997,telephone,13,may,6,5,-1,0,unknown
36998,cellular,13,may,5,7,355,4,failure
36999,cellular,13,may,82,5,355,4,failure
37000,cellular,13,may,321,4,-1,0,unknown
37001,cellular,13,may,81,3,174,2,other
37002,cellular,13,may,136,2,-1,0,unknown
37003,cellular,13,may,14,4,331,22,other
37004,cellular,13,may,133,2,-1,0,unknown
37005,cellular,13,may,77,2,345,2,failure
37006,cellular,13,may,320,4,175,4,other
37007,cellular,13,may,211,3,345,3,failure
37008,telephone,13,may,26,1,174,2,failure
37009,cellular,13,may,129,1,-1,0,unknown
37010,telephone,13,may,38,1,37,1,failure
37011,cellular,13,may,200,1,-1,0,unknown
37012,telephone,13,may,95,3,-1,0,unknown
37013,cellular,13,may,210,1,351,2,failure
37014,telephone,13,may,15,7,366,10,other
37015,cellular,13,may,259,1,370,3,failure
37016,cellular,13,may,130,1,371,1,failure
37017,cellular,13,may,863,3,-1,0,unknown
37018,telephone,13,may,211,1,-1,0,unknown
37019,cellular,13,may,87,3,364,1,failure
37020,cellular,13,may,774,2,301,1,failure
37021,cellular,13,may,129,1,-1,0,unknown
37022,cellular,13,may,44,9,-1,0,unknown
37023,cellular,13,may,348,1,-1,0,unknown
37024,cellular,13,may,231,2,362,1,other
37025,cellular,13,may,74,1,351,1,failure
37026,cellular,13,may,155,1,-1,0,unknown
37027,cellular,13,may,135,6,370,5,failure
37028,cellular,13,may,22,1,370,1,failure
37029,telephone,13,may,32,1,301,1,failure
37030,cellular,13,may,217,1,287,2,failure
37031,telephone,13,may,25,1,-1,0,unknown
37032,cellular,13,may,370,1,363,1,failure
37033,cellular,13,may,201,1,-1,0,unknown
37034,cellular,13,may,152,1,351,1,failure
37035,cellular,13,may,793,5,-1,0,unknown
37036,cellular,13,may,66,1,-1,0,unknown
37037,cellular,13,may,150,3,174,4,failure
37038,cellular,13,may,213,1,-1,0,unknown
37039,cellular,13,may,364,1,348,1,failure
37040,cellular,13,may,329,1,-1,0,unknown
37041,cellular,13,may,173,1,-1,0,unknown
37042,cellular,13,may,68,2,363,2,failure
37043,telephone,13,may,51,1,-1,0,unknown
37044,cellular,13,may,109,1,359,8,failure
37045,cellular,13,may,23,1,359,3,failure
37046,cellular,13,may,207,1,-1,0,unknown
37047,cellular,13,may,1073,1,-1,0,unknown
37048,telephone,13,may,134,1,350,7,failure
37049,cellular,13,may,193,1,-1,0,unknown
37050,cellular,13,may,224,1,370,2,failure
37051,cellular,13,may,173,2,307,1,other
37052,telephone,13,may,67,1,365,1,failure
37053,cellular,13,may,149,1,-1,0,unknown
37054,cellular,13,may,29,6,348,4,other
37055,cellular,13,may,610,1,-1,0,unknown
37056,cellular,13,may,95,1,357,1,failure
37057,cellular,13,may,118,1,365,1,failure
37058,cellular,13,may,84,1,-1,0,unknown
37059,cellular,13,may,43,3,-1,0,unknown
37060,cellular,13,may,93,1,-1,0,unknown
37061,cellular,13,may,172,1,-1,0,unknown
37062,cellular,13,may,161,1,-1,0,unknown
37063,cellular,13,may,172,2,364,5,failure
37064,cellular,13,may,785,1,-1,0,unknown
37065,cellular,13,may,628,1,-1,0,unknown
37066,cellular,13,may,200,2,259,9,failure
37067,cellular,13,may,134,1,370,1,failure
37068,cellular,13,may,51,1,-1,0,unknown
37069,cellular,13,may,850,1,-1,0,unknown
37070,cellular,13,may,140,3,-1,0,unknown
37071,cellular,13,may,531,1,-1,0,unknown
37072,cellular,13,may,87,1,-1,0,unknown
37073,cellular,13,may,79,1,370,1,failure
37074,cellular,13,may,157,1,299,3,failure
37075,telephone,13,may,19,8,358,1,failure
37076,telephone,13,may,9,9,-1,0,unknown
37077,cellular,13,may,9,12,349,1,other
37078,cellular,13,may,19,11,-1,0,unknown
37079,cellular,13,may,39,1,301,2,success
37080,cellular,13,may,659,1,-1,0,unknown
37081,cellular,13,may,502,1,-1,0,unknown
37082,cellular,13,may,113,1,-1,0,unknown
37083,cellular,13,may,267,1,-1,0,unknown
37084,telephone,13,may,30,10,-1,0,unknown
37085,telephone,13,may,355,4,-1,0,unknown
37086,telephone,13,may,43,1,-1,0,unknown
37087,cellular,13,may,240,1,-1,0,unknown
37088,telephone,13,may,47,1,-1,0,unknown
37089,cellular,13,may,69,1,260,6,failure
37090,cellular,13,may,296,1,-1,0,unknown
37091,cellular,13,may,167,1,174,7,other
37092,cellular,13,may,323,1,-1,0,unknown
37093,cellular,13,may,570,1,-1,0,unknown
37094,cellular,13,may,147,4,-1,0,unknown
37095,cellular,13,may,516,1,-1,0,unknown
37096,cellular,13,may,177,4,-1,0,unknown
37097,cellular,13,may,388,1,-1,0,unknown
37098,cellular,13,may,61,1,-1,0,unknown
37099,cellular,13,may,585,1,-1,0,unknown
37100,cellular,13,may,133,1,274,6,failure
37101,cellular,13,may,699,1,-1,0,unknown
37102,cellular,13,may,96,2,358,2,failure
37103,cellular,13,may,6,7,175,4,other
37104,telephone,13,may,318,5,176,1,success
37105,cellular,13,may,66,1,176,1,failure
37106,cellular,13,may,606,1,-1,0,unknown
37107,cellular,13,may,590,1,-1,0,unknown
37108,cellular,13,may,272,1,342,2,other
37109,cellular,13,may,88,2,-1,0,unknown
37110,cellular,13,may,15,7,-1,0,unknown
37111,cellular,13,may,294,1,370,1,failure
37112,cellular,13,may,152,3,-1,0,unknown
37113,cellular,13,may,902,1,-1,0,unknown
37114,telephone,13,may,15,5,348,3,failure
37115,cellular,13,may,290,1,-1,0,unknown
37116,cellular,13,may,12,7,-1,0,unknown
37117,cellular,13,may,669,1,355,4,failure
37118,cellular,13,may,123,2,-1,0,unknown
37119,cellular,13,may,93,1,301,1,failure
37120,cellular,13,may,133,1,-1,0,unknown
37121,cellular,13,may,99,1,-1,0,unknown
37122,cellular,13,may,256,2,351,2,failure
37123,cellular,13,may,394,3,-1,0,unknown
37124,cellular,13,may,149,1,364,2,failure
37125,cellular,13,may,131,1,364,2,failure
37126,cellular,13,may,74,3,-1,0,unknown
37127,cellular,13,may,67,2,-1,0,unknown
37128,cellular,13,may,152,2,369,1,other
37129,cellular,13,may,27,5,-1,0,unknown
37130,telephone,13,may,41,2,327,17,failure
37131,cellular,13,may,275,1,370,2,failure
37132,cellular,13,may,116,4,-1,0,unknown
37133,cellular,13,may,302,1,301,1,success
37134,cellular,13,may,128,2,-1,0,unknown
37135,cellular,13,may,11,8,299,3,other
37136,cellular,13,may,78,2,-1,0,unknown
37137,cellular,13,may,262,1,349,1,failure
37138,cellular,13,may,147,2,-1,0,unknown
37139,cellular,13,may,46,1,-1,0,unknown
37140,cellular,13,may,546,3,-1,0,unknown
37141,cellular,13,may,104,1,-1,0,unknown
37142,cellular,13,may,1512,1,345,8,failure
37143,telephone,13,may,119,3,371,3,failure
37144,cellular,13,may,85,4,358,1,other
37145,cellular,13,may,423,1,349,1,failure
37146,cellular,13,may,315,1,364,2,failure
37147,cellular,13,may,78,1,-1,0,unknown
37148,cellular,13,may,44,1,278,2,failure
37149,cellular,13,may,9,5,-1,0,unknown
37150,cellular,13,may,75,2,-1,0,unknown
37151,cellular,13,may,66,1,363,22,failure
37152,telephone,13,may,157,3,-1,0,unknown
37153,cellular,13,may,109,1,-1,0,unknown
37154,cellular,13,may,7,6,-1,0,unknown
37155,cellular,13,may,101,1,-1,0,unknown
37156,cellular,13,may,127,1,-1,0,unknown
37157,cellular,13,may,83,2,-1,0,unknown
37158,cellular,13,may,333,1,-1,0,unknown
37159,cellular,13,may,205,1,350,2,failure
37160,cellular,13,may,158,1,357,1,failure
37161,cellular,13,may,408,1,-1,0,unknown
37162,telephone,13,may,18,1,-1,0,unknown
37163,cellular,13,may,276,1,364,1,success
37164,cellular,13,may,109,1,-1,0,unknown
37165,cellular,13,may,234,2,299,5,failure
37166,telephone,13,may,115,1,-1,0,unknown
37167,cellular,13,may,155,1,327,5,failure
37168,cellular,13,may,272,2,-1,0,unknown
37169,cellular,13,may,329,1,-1,0,unknown
37170,telephone,13,may,363,1,359,3,failure
37171,cellular,13,may,589,1,-1,0,unknown
37172,cellular,13,may,951,3,370,4,failure
37173,cellular,13,may,172,1,370,1,failure
37174,cellular,13,may,53,1,-1,0,unknown
37175,telephone,13,may,34,8,-1,0,unknown
37176,cellular,13,may,82,2,-1,0,unknown
37177,cellular,13,may,60,5,-1,0,unknown
37178,cellular,13,may,788,2,331,6,other
37179,cellular,13,may,528,1,358,2,failure
37180,cellular,13,may,296,1,366,6,failure
37181,cellular,13,may,114,1,352,5,failure
37182,telephone,13,may,155,6,-1,0,unknown
37183,cellular,13,may,249,2,365,3,failure
37184,cellular,13,may,562,1,-1,0,unknown
37185,cellular,13,may,112,1,-1,0,unknown
37186,cellular,13,may,204,1,331,3,success
37187,cellular,13,may,168,2,-1,0,unknown
37188,telephone,13,may,60,1,176,1,failure
37189,telephone,13,may,80,1,343,10,failure
37190,cellular,13,may,734,2,-1,0,unknown
37191,cellular,13,may,281,1,345,2,failure
37192,cellular,13,may,321,1,-1,0,unknown
37193,cellular,13,may,155,1,351,1,failure
37194,cellular,13,may,87,1,-1,0,unknown
37195,cellular,13,may,149,1,-1,0,unknown
37196,cellular,13,may,354,1,370,2,failure
37197,cellular,13,may,294,1,-1,0,unknown
37198,cellular,13,may,137,3,-1,0,unknown
37199,cellular,13,may,191,1,342,2,failure
37200,cellular,13,may,55,1,364,1,failure
37201,cellular,13,may,172,1,-1,0,unknown
37202,cellular,13,may,167,1,-1,0,unknown
37203,cellular,13,may,85,2,265,4,other
37204,cellular,13,may,16,6,176,5,other
37205,telephone,13,may,444,1,-1,0,unknown
37206,cellular,13,may,132,2,-1,0,unknown
37207,cellular,13,may,10,5,362,3,other
37208,cellular,13,may,324,2,-1,0,unknown
37209,cellular,13,may,64,5,336,11,other
37210,cellular,13,may,110,4,-1,0,unknown
37211,telephone,13,may,421,3,-1,0,unknown
37212,cellular,13,may,174,1,359,2,other
37213,cellular,13,may,228,2,370,1,failure
37214,cellular,13,may,257,4,-1,0,unknown
37215,cellular,13,may,296,1,-1,0,unknown
37216,cellular,13,may,9,8,-1,0,unknown
37217,cellular,13,may,337,3,330,6,other
37218,telephone,13,may,185,1,370,3,failure
37219,cellular,13,may,244,1,-1,0,unknown
37220,cellular,13,may,104,4,-1,0,unknown
37221,cellular,13,may,152,1,370,1,failure
37222,cellular,13,may,231,1,370,1,other
37223,cellular,13,may,184,1,364,1,failure
37224,cellular,13,may,573,7,327,3,failure
37225,cellular,13,may,124,1,-1,0,unknown
37226,cellular,13,may,96,2,349,5,failure
37227,cellular,13,may,21,6,-1,0,unknown
37228,cellular,13,may,99,1,-1,0,unknown
37229,cellular,13,may,233,3,-1,0,unknown
37230,cellular,13,may,117,2,370,1,failure
37231,cellular,13,may,261,1,-1,0,unknown
37232,cellular,13,may,568,1,-1,0,unknown
37233,cellular,13,may,201,1,344,7,failure
37234,cellular,13,may,43,1,-1,0,unknown
37235,cellular,13,may,53,1,-1,0,unknown
37236,cellular,13,may,363,1,173,24,other
37237,cellular,13,may,56,1,343,1,other
37238,cellular,13,may,96,1,364,1,failure
37239,cellular,13,may,108,1,-1,0,unknown
37240,cellular,13,may,8,5,-1,0,unknown
37241,cellular,13,may,425,2,-1,0,unknown
37242,cellular,13,may,459,1,-1,0,unknown
37243,cellular,13,may,200,1,-1,0,unknown
37244,cellular,13,may,413,1,-1,0,unknown
37245,cellular,13,may,66,1,351,1,failure
37246,cellular,13,may,177,1,174,1,failure
37247,cellular,13,may,747,2,371,3,failure
37248,cellular,13,may,14,6,327,23,failure
37249,cellular,13,may,253,1,-1,0,unknown
37250,cellular,13,may,716,1,-1,0,unknown
37251,cellular,13,may,152,1,348,1,failure
37252,cellular,13,may,316,1,-1,0,unknown
37253,telephone,13,may,137,1,369,2,failure
37254,cellular,13,may,154,1,174,2,failure
37255,cellular,13,may,165,1,300,1,failure
37256,cellular,13,may,201,1,348,3,failure
37257,cellular,13,may,146,1,-1,0,unknown
37258,cellular,13,may,466,2,-1,0,unknown
37259,cellular,13,may,368,1,-1,0,unknown
37260,cellular,13,may,1101,1,-1,0,unknown
37261,cellular,13,may,88,1,370,1,failure
37262,cellular,13,may,157,1,-1,0,unknown
37263,cellular,13,may,77,4,-1,0,unknown
37264,cellular,13,may,96,6,173,4,other
37265,cellular,13,may,365,1,-1,0,unknown
37266,cellular,13,may,38,2,369,4,failure
37267,telephone,13,may,104,1,-1,0,unknown
37268,cellular,13,may,154,5,176,1,other
37269,telephone,13,may,148,4,-1,0,unknown
37270,telephone,13,may,43,1,349,1,failure
37271,cellular,13,may,68,1,369,2,other
37272,cellular,13,may,394,1,-1,0,unknown
37273,telephone,13,may,125,2,370,3,failure
37274,cellular,13,may,364,2,-1,0,unknown
37275,cellular,13,may,179,1,-1,0,unknown
37276,cellular,13,may,427,1,-1,0,unknown
37277,cellular,13,may,63,1,-1,0,unknown
37278,cellular,13,may,197,2,-1,0,unknown
37279,cellular,13,may,409,2,-1,0,unknown
37280,cellular,13,may,215,1,175,3,failure
37281,cellular,13,may,323,2,-1,0,unknown
37282,cellular,13,may,290,1,176,2,failure
37283,cellular,13,may,147,1,-1,0,unknown
37284,cellular,13,may,143,1,352,5,failure
37285,cellular,13,may,541,1,295,6,failure
37286,cellular,13,may,172,1,-1,0,unknown
37287,cellular,13,may,309,1,350,9,failure
37288,cellular,13,may,69,1,-1,0,unknown
37289,cellular,13,may,79,1,-1,0,unknown
37290,cellular,13,may,213,1,-1,0,unknown
37291,cellular,13,may,101,3,-1,0,unknown
37292,cellular,13,may,54,1,300,1,failure
37293,cellular,13,may,54,1,174,1,success
37294,cellular,13,may,196,3,-1,0,unknown
37295,cellular,13,may,247,1,-1,0,unknown
37296,cellular,13,may,426,1,50,2,failure
37297,cellular,13,may,133,1,370,1,failure
37298,cellular,13,may,121,1,-1,0,unknown
37299,cellular,13,may,135,1,364,2,failure
37300,cellular,13,may,404,2,-1,0,unknown
37301,cellular,13,may,80,2,-1,0,unknown
37302,cellular,13,may,341,1,-1,0,unknown
37303,cellular,13,may,156,1,-1,0,unknown
37304,cellular,13,may,366,3,348,2,failure
37305,cellular,13,may,168,1,-1,0,unknown
37306,cellular,13,may,118,2,-1,0,unknown
37307,cellular,13,may,176,1,-1,0,unknown
37308,cellular,13,may,223,1,299,2,failure
37309,cellular,13,may,469,1,-1,0,unknown
37310,cellular,13,may,35,1,-1,0,unknown
37311,cellular,13,may,199,1,173,2,failure
37312,cellular,13,may,206,1,-1,0,unknown
37313,cellular,13,may,721,1,-1,0,unknown
37314,cellular,13,may,641,1,-1,0,unknown
37315,cellular,13,may,163,1,-1,0,unknown
37316,cellular,13,may,1207,2,-1,0,unknown
37317,cellular,13,may,234,1,349,3,failure
37318,cellular,13,may,86,3,-1,0,unknown
37319,cellular,13,may,180,2,173,6,failure
37320,cellular,13,may,68,4,357,3,success
37321,cellular,13,may,103,1,-1,0,unknown
37322,cellular,13,may,239,1,369,5,failure
37323,cellular,13,may,102,6,-1,0,unknown
37324,cellular,13,may,325,2,-1,0,unknown
37325,cellular,13,may,234,3,-1,0,unknown
37326,cellular,13,may,194,4,359,2,other
37327,cellular,13,may,134,1,362,3,failure
37328,cellular,13,may,650,5,-1,0,unknown
37329,cellular,13,may,77,4,-1,0,unknown
37330,cellular,13,may,674,1,-1,0,unknown
37331,cellular,13,may,122,1,355,1,failure
37332,cellular,13,may,109,1,344,1,failure
37333,telephone,13,may,216,4,-1,0,unknown
37334,cellular,13,may,1966,1,-1,0,unknown
37335,cellular,13,may,131,1,-1,0,unknown
37336,telephone,13,may,622,3,-1,0,unknown
37337,cellular,13,may,281,1,-1,0,unknown
37338,cellular,13,may,156,5,369,2,failure
37339,cellular,13,may,161,2,-1,0,unknown
37340,cellular,13,may,44,1,364,1,failure
37341,cellular,13,may,240,1,300,1,failure
37342,cellular,13,may,172,1,-1,0,unknown
37343,cellular,13,may,127,1,-1,0,unknown
37344,cellular,13,may,248,1,330,3,other
37345,cellular,13,may,115,1,-1,0,unknown
37346,cellular,13,may,38,1,362,2,failure
37347,cellular,13,may,201,1,369,3,failure
37348,cellular,13,may,341,1,-1,0,unknown
37349,cellular,13,may,314,2,-1,0,unknown
37350,cellular,13,may,52,4,-1,0,unknown
37351,cellular,13,may,77,3,174,1,other
37352,cellular,13,may,109,1,-1,0,unknown
37353,cellular,13,may,390,1,-1,0,unknown
37354,cellular,13,may,804,1,-1,0,unknown
37355,cellular,13,may,361,1,364,1,failure
37356,cellular,13,may,417,1,-1,0,unknown
37357,cellular,13,may,809,1,300,1,failure
37358,cellular,13,may,262,1,343,5,failure
37359,cellular,13,may,44,1,-1,0,unknown
37360,cellular,13,may,156,1,174,4,failure
37361,cellular,13,may,166,1,338,10,failure
37362,cellular,13,may,76,3,-1,0,unknown
37363,cellular,13,may,298,1,-1,0,unknown
37364,cellular,13,may,466,1,-1,0,unknown
37365,cellular,13,may,829,1,296,11,failure
37366,cellular,13,may,291,8,293,1,failure
37367,cellular,13,may,484,3,364,1,other
37368,cellular,13,may,204,3,-1,0,unknown
37369,cellular,13,may,169,2,-1,0,unknown
37370,cellular,13,may,437,2,-1,0,unknown
37371,cellular,13,may,937,3,-1,0,unknown
37372,cellular,13,may,37,3,302,3,other
37373,cellular,13,may,193,3,344,1,other
37374,cellular,13,may,204,2,-1,0,unknown
37375,cellular,13,may,163,2,370,1,failure
37376,cellular,13,may,159,2,278,4,failure
37377,cellular,13,may,1970,3,-1,0,unknown
37378,cellular,13,may,358,2,174,1,failure
37379,cellular,13,may,195,2,357,2,failure
37380,telephone,13,may,246,2,370,2,success
37381,cellular,13,may,122,2,-1,0,unknown
37382,telephone,13,may,276,2,-1,0,unknown
37383,cellular,13,may,151,2,-1,0,unknown
37384,cellular,13,may,297,2,-1,0,unknown
37385,cellular,13,may,119,2,370,1,failure
37386,cellular,13,may,172,3,173,1,other
37387,cellular,13,may,788,3,363,4,other
37388,cellular,13,may,187,3,-1,0,unknown
37389,cellular,13,may,124,2,278,4,failure
37390,cellular,13,may,1975,5,-1,0,unknown
37391,cellular,13,may,252,5,-1,0,unknown
37392,cellular,13,may,85,2,370,2,failure
37393,cellular,13,may,248,2,-1,0,unknown
37394,cellular,13,may,199,3,-1,0,unknown
37395,cellular,13,may,482,2,-1,0,unknown
37396,cellular,13,may,98,2,370,1,failure
37397,cellular,13,may,107,7,173,2,other
37398,cellular,13,may,158,5,-1,0,unknown
37399,cellular,13,may,194,3,-1,0,unknown
37400,cellular,13,may,340,2,357,5,failure
37401,cellular,13,may,88,2,-1,0,unknown
37402,cellular,13,may,323,3,345,3,failure
37403,cellular,13,may,275,2,357,1,other
37404,cellular,13,may,177,3,343,1,other
37405,cellular,13,may,431,2,-1,0,unknown
37406,cellular,13,may,53,3,308,1,failure
37407,cellular,13,may,396,2,355,2,failure
37408,cellular,13,may,157,4,-1,0,unknown
37409,cellular,13,may,65,2,-1,0,unknown
37410,cellular,13,may,954,2,293,4,success
37411,cellular,13,may,612,2,348,3,other
37412,cellular,13,may,251,2,-1,0,unknown
37413,cellular,13,may,537,5,303,2,failure
37414,cellular,13,may,402,2,351,1,failure
37415,cellular,13,may,1119,2,-1,0,unknown
37416,cellular,13,may,94,2,338,1,failure
37417,cellular,13,may,499,3,-1,0,unknown
37418,cellular,13,may,197,2,363,2,other
37419,cellular,13,may,195,3,351,10,failure
37420,telephone,13,may,56,2,-1,0,unknown
37421,telephone,13,may,65,2,-1,0,unknown
37422,cellular,13,may,38,3,-1,0,unknown
37423,cellular,13,may,168,4,310,11,failure
37424,cellular,13,may,154,2,350,3,failure
37425,cellular,13,may,307,2,-1,0,unknown
37426,cellular,13,may,45,4,-1,0,unknown
37427,telephone,13,may,107,3,-1,0,unknown
37428,telephone,13,may,121,2,341,4,failure
37429,cellular,13,may,318,3,303,2,failure
37430,cellular,13,may,255,2,264,5,failure
37431,cellular,13,may,174,2,-1,0,unknown
37432,telephone,13,may,53,7,-1,0,unknown
37433,cellular,13,may,196,2,331,3,failure
37434,cellular,13,may,173,2,-1,0,unknown
37435,telephone,13,may,65,4,350,6,failure
37436,cellular,13,may,444,2,174,2,failure
37437,cellular,13,may,308,3,364,1,other
37438,cellular,13,may,562,2,174,2,success
37439,cellular,13,may,228,3,-1,0,unknown
37440,cellular,13,may,698,2,292,1,failure
37441,cellular,13,may,272,4,293,2,failure
37442,cellular,13,may,220,4,370,2,other
37443,cellular,13,may,419,2,-1,0,unknown
37444,cellular,13,may,369,2,-1,0,unknown
37445,cellular,13,may,107,2,-1,0,unknown
37446,cellular,13,may,62,3,-1,0,unknown
37447,cellular,13,may,65,2,299,3,other
37448,cellular,13,may,76,7,13,6,success
37449,cellular,13,may,805,2,-1,0,unknown
37450,telephone,13,may,97,5,-1,0,unknown
37451,cellular,13,may,777,2,-1,0,unknown
37452,cellular,13,may,378,2,359,1,failure
37453,cellular,13,may,185,2,278,3,failure
37454,cellular,13,may,1805,4,-1,0,unknown
37455,cellular,13,may,139,2,-1,0,unknown
37456,cellular,13,may,222,2,370,1,failure
37457,cellular,13,may,649,2,-1,0,unknown
37458,cellular,13,may,168,2,-1,0,unknown
37459,cellular,13,may,237,2,363,2,other
37460,cellular,13,may,141,2,-1,0,unknown
37461,cellular,13,may,135,3,-1,0,unknown
37462,cellular,13,may,102,2,-1,0,unknown
37463,cellular,13,may,65,2,370,1,failure
37464,cellular,13,may,80,2,268,2,other
37465,cellular,13,may,281,3,-1,0,unknown
37466,cellular,13,may,36,2,-1,0,unknown
37467,cellular,13,may,143,2,364,1,other
37468,telephone,13,may,212,3,-1,0,unknown
37469,telephone,13,may,259,3,-1,0,unknown
37470,cellular,13,may,221,2,-1,0,unknown
37471,cellular,13,may,84,2,364,2,failure
37472,cellular,13,may,406,5,364,1,other
37473,cellular,13,may,185,4,-1,0,unknown
37474,cellular,13,may,155,2,363,4,failure
37475,cellular,13,may,53,3,-1,0,unknown
37476,telephone,13,may,99,2,369,4,failure
37477,cellular,13,may,254,2,299,3,failure
37478,cellular,13,may,531,2,-1,0,unknown
37479,cellular,13,may,217,2,-1,0,unknown
37480,telephone,13,may,25,4,350,7,failure
37481,cellular,13,may,253,3,-1,0,unknown
37482,cellular,13,may,277,2,343,2,failure
37483,cellular,13,may,125,2,-1,0,unknown
37484,cellular,13,may,151,2,351,1,failure
37485,cellular,13,may,125,3,-1,0,unknown
37486,cellular,13,may,97,5,-1,0,unknown
37487,cellular,13,may,449,6,-1,0,unknown
37488,cellular,13,may,16,2,-1,0,unknown
37489,cellular,13,may,134,2,-1,0,unknown
37490,cellular,13,may,265,2,-1,0,unknown
37491,cellular,13,may,285,2,335,1,other
37492,cellular,13,may,32,5,-1,0,unknown
37493,cellular,13,may,383,5,288,11,other
37494,telephone,13,may,179,3,257,6,other
37495,cellular,13,may,446,3,357,8,other
37496,cellular,13,may,136,5,-1,0,unknown
37497,cellular,13,may,420,3,-1,0,unknown
37498,cellular,13,may,513,3,176,2,failure
37499,cellular,13,may,133,4,-1,0,unknown
37500,cellular,13,may,225,2,365,7,failure
37501,cellular,13,may,240,3,370,1,failure
37502,cellular,13,may,204,3,-1,0,unknown
37503,cellular,13,may,135,2,370,2,failure
37504,cellular,13,may,245,4,-1,0,unknown
37505,cellular,13,may,119,3,-1,0,unknown
37506,cellular,13,may,1279,3,-1,0,unknown
37507,telephone,13,may,38,3,-1,0,unknown
37508,cellular,13,may,331,3,-1,0,unknown
37509,cellular,13,may,771,2,173,4,other
37510,cellular,13,may,491,2,-1,0,unknown
37511,cellular,13,may,873,3,370,2,failure
37512,cellular,13,may,440,2,-1,0,unknown
37513,telephone,13,may,992,5,370,3,other
37514,telephone,13,may,689,2,-1,0,unknown
37515,cellular,13,may,302,4,-1,0,unknown
37516,cellular,13,may,72,4,176,1,failure
37517,cellular,13,may,324,3,-1,0,unknown
37518,cellular,13,may,1130,2,-1,0,unknown
37519,cellular,13,may,310,2,-1,0,unknown
37520,cellular,13,may,182,4,-1,0,unknown
37521,cellular,13,may,1309,2,-1,0,unknown
37522,cellular,13,may,364,2,343,4,failure
37523,cellular,13,may,36,9,173,1,failure
37524,cellular,13,may,426,3,344,1,other
37525,cellular,13,may,196,3,265,2,failure
37526,cellular,13,may,25,7,-1,0,unknown
37527,cellular,13,may,126,2,344,1,failure
37528,cellular,13,may,201,3,-1,0,unknown
37529,cellular,13,may,300,5,358,6,failure
37530,telephone,13,may,630,3,371,3,failure
37531,telephone,13,may,48,4,176,2,failure
37532,cellular,13,may,189,3,-1,0,unknown
37533,cellular,13,may,305,8,-1,0,unknown
37534,cellular,13,may,205,3,-1,0,unknown
37535,cellular,14,may,68,3,-1,0,unknown
37536,cellular,14,may,65,3,-1,0,unknown
37537,cellular,14,may,115,3,-1,0,unknown
37538,cellular,14,may,247,2,-1,0,unknown
37539,cellular,14,may,164,3,-1,0,unknown
37540,cellular,14,may,178,2,360,3,failure
37541,cellular,14,may,24,7,302,1,failure
37542,cellular,14,may,9,6,-1,0,unknown
37543,cellular,14,may,91,4,-1,0,unknown
37544,telephone,14,may,36,6,-1,0,unknown
37545,cellular,14,may,8,6,267,4,failure
37546,cellular,14,may,33,3,-1,0,unknown
37547,cellular,14,may,121,2,-1,0,unknown
37548,telephone,14,may,921,4,-1,0,unknown
37549,cellular,14,may,436,3,-1,0,unknown
37550,cellular,14,may,119,2,293,1,failure
37551,telephone,14,may,13,5,-1,0,unknown
37552,cellular,14,may,16,7,-1,0,unknown
37553,telephone,14,may,7,7,-1,0,unknown
37554,cellular,14,may,259,4,-1,0,unknown
37555,telephone,14,may,536,3,-1,0,unknown
37556,cellular,14,may,102,3,-1,0,unknown
37557,cellular,14,may,19,8,366,6,failure
37558,cellular,14,may,152,2,259,8,other
37559,cellular,14,may,113,2,-1,0,unknown
37560,cellular,14,may,14,3,358,1,other
37561,cellular,14,may,21,8,-1,0,unknown
37562,cellular,14,may,17,5,370,4,other
37563,telephone,14,may,18,6,365,11,failure
37564,cellular,14,may,13,7,358,7,other
37565,cellular,14,may,17,7,287,13,other
37566,cellular,14,may,99,4,-1,0,unknown
37567,cellular,14,may,11,15,261,38,failure
37568,cellular,14,may,78,1,365,1,failure
37569,cellular,14,may,164,1,-1,0,unknown
37570,telephone,14,may,9,6,-1,0,unknown
37571,cellular,14,may,263,1,371,1,failure
37572,cellular,14,may,465,3,-1,0,unknown
37573,cellular,14,may,94,1,-1,0,unknown
37574,cellular,14,may,722,2,344,1,success
37575,cellular,14,may,178,8,174,3,failure
37576,cellular,14,may,6,6,309,1,failure
37577,cellular,14,may,33,6,-1,0,unknown
37578,cellular,14,may,222,1,-1,0,unknown
37579,cellular,14,may,325,1,351,3,failure
37580,cellular,14,may,974,2,-1,0,unknown
37581,cellular,14,may,925,1,-1,0,unknown
37582,cellular,14,may,254,11,-1,0,unknown
37583,cellular,14,may,344,4,-1,0,unknown
37584,cellular,14,may,467,1,-1,0,unknown
37585,telephone,14,may,9,5,174,12,other
37586,cellular,14,may,15,11,352,4,failure
37587,cellular,14,may,12,8,-1,0,unknown
37588,cellular,14,may,580,1,329,1,failure
37589,cellular,14,may,42,7,-1,0,unknown
37590,cellular,14,may,186,1,-1,0,unknown
37591,cellular,14,may,40,1,-1,0,unknown
37592,cellular,14,may,720,1,352,1,failure
37593,cellular,14,may,141,1,-1,0,unknown
37594,cellular,14,may,11,8,297,7,other
37595,cellular,14,may,10,10,-1,0,unknown
37596,cellular,14,may,533,1,371,1,other
37597,cellular,14,may,189,1,371,1,failure
37598,cellular,14,may,146,3,-1,0,unknown
37599,cellular,14,may,21,2,-1,0,unknown
37600,cellular,14,may,365,1,351,1,failure
37601,cellular,14,may,895,3,-1,0,unknown
37602,cellular,14,may,91,1,-1,0,unknown
37603,cellular,14,may,84,4,352,4,other
37604,cellular,14,may,166,1,-1,0,unknown
37605,cellular,14,may,182,1,-1,0,unknown
37606,cellular,14,may,46,1,-1,0,unknown
37607,cellular,14,may,638,1,175,3,success
37608,cellular,14,may,127,1,-1,0,unknown
37609,cellular,14,may,306,1,-1,0,unknown
37610,cellular,14,may,161,1,332,8,failure
37611,cellular,14,may,558,1,-1,0,unknown
37612,cellular,14,may,119,1,352,2,failure
37613,cellular,14,may,61,6,-1,0,unknown
37614,cellular,14,may,362,1,287,13,failure
37615,cellular,14,may,83,2,-1,0,unknown
37616,cellular,14,may,151,2,353,2,failure
37617,cellular,14,may,566,1,370,2,failure
37618,cellular,14,may,141,1,-1,0,unknown
37619,cellular,14,may,291,1,364,1,other
37620,cellular,14,may,287,1,-1,0,unknown
37621,cellular,14,may,244,1,343,2,failure
37622,cellular,14,may,667,1,-1,0,unknown
37623,cellular,14,may,715,1,-1,0,unknown
37624,cellular,14,may,123,1,-1,0,unknown
37625,cellular,14,may,201,1,350,2,failure
37626,cellular,14,may,414,1,175,1,failure
37627,telephone,14,may,16,5,-1,0,unknown
37628,cellular,14,may,212,1,-1,0,unknown
37629,cellular,14,may,317,1,352,5,failure
37630,cellular,14,may,86,2,304,2,failure
37631,cellular,14,may,145,1,-1,0,unknown
37632,cellular,14,may,532,1,358,1,failure
37633,cellular,14,may,248,1,-1,0,unknown
37634,cellular,14,may,158,1,-1,0,unknown
37635,cellular,14,may,141,1,346,2,other
37636,cellular,14,may,161,3,-1,0,unknown
37637,cellular,14,may,23,1,-1,0,unknown
37638,telephone,14,may,276,1,-1,0,unknown
37639,cellular,14,may,201,1,345,1,other
37640,telephone,14,may,7,7,-1,0,unknown
37641,cellular,14,may,20,1,-1,0,unknown
37642,cellular,14,may,51,1,365,7,failure
37643,cellular,14,may,467,6,-1,0,unknown
37644,cellular,14,may,603,1,-1,0,unknown
37645,cellular,14,may,9,1,-1,0,unknown
37646,cellular,14,may,283,1,288,12,other
37647,cellular,14,may,341,1,330,2,other
37648,cellular,14,may,102,1,350,1,failure
37649,cellular,14,may,283,2,-1,0,unknown
37650,cellular,14,may,143,1,-1,0,unknown
37651,cellular,14,may,717,1,-1,0,unknown
37652,cellular,14,may,428,3,-1,0,unknown
37653,cellular,14,may,484,3,177,1,other
37654,cellular,14,may,338,1,175,2,other
37655,cellular,14,may,149,3,-1,0,unknown
37656,cellular,14,may,73,1,370,1,failure
37657,cellular,14,may,94,1,-1,0,unknown
37658,cellular,14,may,260,1,-1,0,unknown
37659,cellular,14,may,185,1,-1,0,unknown
37660,cellular,14,may,223,1,-1,0,unknown
37661,cellular,14,may,76,1,-1,0,unknown
37662,cellular,14,may,214,1,349,1,failure
37663,cellular,14,may,590,5,359,1,other
37664,cellular,14,may,103,2,-1,0,unknown
37665,cellular,14,may,451,1,339,3,failure
37666,cellular,14,may,273,3,-1,0,unknown
37667,cellular,14,may,745,1,174,3,failure
37668,cellular,14,may,854,2,360,1,failure
37669,cellular,14,may,1166,1,352,1,other
37670,cellular,14,may,105,1,-1,0,unknown
37671,cellular,14,may,8,7,-1,0,unknown
37672,cellular,14,may,7,5,367,4,failure
37673,cellular,14,may,646,5,-1,0,unknown
37674,telephone,14,may,162,2,-1,0,unknown
37675,cellular,14,may,365,6,36,3,failure
37676,cellular,14,may,17,7,-1,0,unknown
37677,cellular,14,may,255,2,345,1,failure
37678,cellular,14,may,377,4,280,2,other
37679,cellular,14,may,133,1,300,3,failure
37680,cellular,14,may,165,1,-1,0,unknown
37681,cellular,14,may,345,1,-1,0,unknown
37682,cellular,14,may,263,1,-1,0,unknown
37683,cellular,14,may,125,1,175,1,failure
37684,cellular,14,may,67,1,-1,0,unknown
37685,cellular,14,may,411,2,-1,0,unknown
37686,cellular,14,may,279,1,266,1,failure
37687,cellular,14,may,456,1,300,1,failure
37688,cellular,14,may,112,2,-1,0,unknown
37689,cellular,14,may,152,1,-1,0,unknown
37690,cellular,14,may,680,1,177,1,success
37691,cellular,14,may,10,9,344,1,failure
37692,cellular,14,may,1180,1,-1,0,unknown
37693,cellular,14,may,14,8,-1,0,unknown
37694,cellular,14,may,243,1,-1,0,unknown
37695,cellular,14,may,535,1,352,2,failure
37696,cellular,14,may,12,7,-1,0,unknown
37697,telephone,14,may,188,1,352,2,failure
37698,cellular,14,may,498,1,358,1,success
37699,cellular,14,may,149,1,370,1,failure
37700,telephone,14,may,62,7,-1,0,unknown
37701,cellular,14,may,877,2,345,5,failure
37702,cellular,14,may,204,1,-1,0,unknown
37703,cellular,14,may,210,2,352,1,failure
37704,cellular,14,may,155,1,177,7,failure
37705,cellular,14,may,159,1,367,2,other
37706,cellular,14,may,578,1,-1,0,unknown
37707,cellular,14,may,303,1,-1,0,unknown
37708,cellular,14,may,258,1,300,1,success
37709,cellular,14,may,161,1,364,1,failure
37710,cellular,14,may,786,1,-1,0,unknown
37711,cellular,14,may,633,1,358,1,other
37712,cellular,14,may,107,4,371,3,failure
37713,cellular,14,may,57,4,-1,0,unknown
37714,cellular,14,may,307,1,177,2,failure
37715,cellular,14,may,64,2,-1,0,unknown
37716,cellular,14,may,116,4,365,1,failure
37717,cellular,14,may,318,3,-1,0,unknown
37718,cellular,14,may,47,3,-1,0,unknown
37719,cellular,14,may,183,3,-1,0,unknown
37720,cellular,14,may,343,2,-1,0,unknown
37721,telephone,14,may,230,4,301,1,failure
37722,cellular,14,may,138,2,-1,0,unknown
37723,cellular,14,may,11,5,-1,0,unknown
37724,cellular,14,may,155,2,-1,0,unknown
37725,cellular,14,may,47,1,370,2,failure
37726,cellular,14,may,201,2,365,2,failure
37727,cellular,14,may,72,2,370,1,failure
37728,cellular,14,may,11,5,-1,0,unknown
37729,telephone,14,may,289,3,-1,0,unknown
37730,cellular,14,may,273,1,-1,0,unknown
37731,cellular,14,may,91,1,370,2,failure
37732,cellular,14,may,23,1,332,1,failure
37733,cellular,14,may,43,1,350,1,other
37734,telephone,14,may,121,1,-1,0,unknown
37735,cellular,14,may,449,1,-1,0,unknown
37736,cellular,14,may,8,5,-1,0,unknown
37737,cellular,14,may,524,1,370,2,failure
37738,telephone,14,may,13,5,-1,0,unknown
37739,cellular,14,may,72,1,363,2,other
37740,cellular,14,may,157,4,367,1,failure
37741,cellular,14,may,112,1,370,1,failure
37742,cellular,14,may,50,2,364,2,failure
37743,cellular,14,may,42,1,-1,0,unknown
37744,cellular,14,may,35,1,356,10,other
37745,cellular,14,may,123,1,360,3,other
37746,cellular,14,may,335,1,-1,0,unknown
37747,cellular,14,may,607,3,-1,0,unknown
37748,cellular,14,may,255,1,356,1,other
37749,cellular,14,may,334,2,-1,0,unknown
37750,cellular,14,may,104,1,-1,0,unknown
37751,cellular,14,may,1075,1,14,1,failure
37752,cellular,14,may,235,1,352,1,other
37753,cellular,14,may,200,1,-1,0,unknown
37754,cellular,14,may,137,3,-1,0,unknown
37755,cellular,14,may,64,3,177,2,failure
37756,cellular,14,may,874,1,363,1,failure
37757,cellular,14,may,433,1,-1,0,unknown
37758,cellular,14,may,215,1,-1,0,unknown
37759,cellular,14,may,287,1,276,2,failure
37760,telephone,14,may,391,1,364,1,failure
37761,cellular,14,may,93,1,350,1,other
37762,cellular,14,may,16,9,282,3,other
37763,cellular,14,may,171,3,-1,0,unknown
37764,cellular,14,may,221,2,364,1,failure
37765,cellular,14,may,225,1,364,1,failure
37766,cellular,14,may,24,1,346,1,failure
37767,cellular,14,may,523,2,-1,0,unknown
37768,cellular,14,may,298,1,-1,0,unknown
37769,cellular,14,may,200,1,-1,0,unknown
37770,telephone,14,may,93,1,-1,0,unknown
37771,cellular,14,may,234,2,-1,0,unknown
37772,cellular,14,may,797,2,-1,0,unknown
37773,cellular,14,may,419,1,360,4,failure
37774,cellular,14,may,87,1,345,2,other
37775,cellular,14,may,83,1,-1,0,unknown
37776,cellular,14,may,135,1,176,5,failure
37777,cellular,14,may,97,1,-1,0,unknown
37778,cellular,14,may,128,1,-1,0,unknown
37779,cellular,14,may,586,1,364,1,failure
37780,cellular,14,may,492,1,175,2,failure
37781,cellular,14,may,208,1,-1,0,unknown
37782,cellular,14,may,240,1,-1,0,unknown
37783,cellular,14,may,1106,1,-1,0,unknown
37784,cellular,14,may,703,4,-1,0,unknown
37785,telephone,14,may,151,2,360,1,other
37786,cellular,14,may,506,1,-1,0,unknown
37787,cellular,14,may,282,1,352,2,failure
37788,cellular,14,may,563,1,-1,0,unknown
37789,cellular,14,may,377,1,-1,0,unknown
37790,cellular,14,may,174,2,-1,0,unknown
37791,cellular,14,may,437,2,370,8,other
37792,cellular,14,may,199,15,-1,0,unknown
37793,cellular,14,may,175,1,-1,0,unknown
37794,cellular,14,may,386,3,-1,0,unknown
37795,cellular,14,may,51,5,-1,0,unknown
37796,cellular,14,may,233,1,-1,0,unknown
37797,cellular,14,may,74,1,290,2,failure
37798,cellular,14,may,111,1,296,3,failure
37799,cellular,14,may,184,1,-1,0,unknown
37800,cellular,14,may,168,2,-1,0,unknown
37801,cellular,14,may,156,1,-1,0,unknown
37802,cellular,14,may,97,1,358,8,failure
37803,cellular,14,may,97,1,370,1,failure
37804,cellular,14,may,160,1,-1,0,unknown
37805,cellular,14,may,149,1,-1,0,unknown
37806,cellular,14,may,1020,1,-1,0,unknown
37807,cellular,14,may,202,1,-1,0,unknown
37808,telephone,14,may,112,2,370,2,failure
37809,telephone,14,may,154,2,336,2,failure
37810,cellular,14,may,337,2,-1,0,unknown
37811,cellular,14,may,1723,1,356,2,success
37812,cellular,14,may,177,2,345,3,other
37813,cellular,14,may,95,2,-1,0,unknown
37814,cellular,14,may,246,2,370,1,other
37815,cellular,14,may,294,2,-1,0,unknown
37816,cellular,14,may,162,4,365,1,failure
37817,cellular,14,may,406,2,-1,0,unknown
37818,cellular,14,may,20,2,-1,0,unknown
37819,cellular,14,may,115,3,-1,0,unknown
37820,cellular,14,may,543,2,-1,0,unknown
37821,cellular,14,may,73,1,-1,0,unknown
37822,cellular,14,may,136,1,337,4,failure
37823,cellular,14,may,9,10,330,10,other
37824,cellular,14,may,138,1,-1,0,unknown
37825,cellular,14,may,30,6,-1,0,unknown
37826,cellular,14,may,444,1,-1,0,unknown
37827,cellular,14,may,466,1,-1,0,unknown
37828,cellular,14,may,146,1,370,1,failure
37829,cellular,14,may,7,7,287,4,failure
37830,cellular,14,may,172,1,-1,0,unknown
37831,cellular,14,may,16,6,351,1,failure
37832,cellular,14,may,150,1,360,1,failure
37833,cellular,14,may,88,1,353,2,failure
37834,cellular,14,may,163,1,175,6,other
37835,cellular,14,may,96,1,360,3,failure
37836,cellular,14,may,277,2,-1,0,unknown
37837,cellular,14,may,175,1,358,2,failure
37838,cellular,14,may,22,6,-1,0,unknown
37839,cellular,14,may,430,4,-1,0,unknown
37840,cellular,14,may,97,2,-1,0,unknown
37841,cellular,14,may,164,2,-1,0,unknown
37842,cellular,14,may,88,1,-1,0,unknown
37843,cellular,14,may,71,1,360,10,failure
37844,cellular,14,may,136,1,367,4,failure
37845,cellular,14,may,92,1,370,2,failure
37846,cellular,14,may,17,6,-1,0,unknown
37847,cellular,14,may,155,2,303,3,other
37848,cellular,14,may,159,1,358,2,failure
37849,cellular,14,may,36,1,352,1,other
37850,cellular,14,may,334,1,-1,0,unknown
37851,cellular,14,may,107,1,265,2,failure
37852,cellular,14,may,104,1,-1,0,unknown
37853,cellular,14,may,143,1,370,2,failure
37854,cellular,14,may,106,1,349,1,failure
37855,telephone,14,may,217,2,-1,0,unknown
37856,cellular,14,may,216,1,-1,0,unknown
37857,cellular,14,may,226,1,346,1,failure
37858,telephone,14,may,166,1,-1,0,unknown
37859,cellular,14,may,87,1,-1,0,unknown
37860,cellular,14,may,64,1,349,3,failure
37861,cellular,14,may,105,1,-1,0,unknown
37862,cellular,14,may,99,2,-1,0,unknown
37863,cellular,14,may,130,2,-1,0,unknown
37864,cellular,14,may,256,1,322,3,success
37865,cellular,14,may,121,1,-1,0,unknown
37866,cellular,14,may,285,1,330,3,other
37867,cellular,14,may,140,1,-1,0,unknown
37868,cellular,14,may,167,1,-1,0,unknown
37869,cellular,14,may,311,1,-1,0,unknown
37870,cellular,14,may,691,1,-1,0,unknown
37871,cellular,14,may,164,2,364,1,failure
37872,cellular,14,may,109,1,360,2,failure
37873,cellular,14,may,1129,1,-1,0,unknown
37874,cellular,14,may,444,1,-1,0,unknown
37875,cellular,14,may,175,3,-1,0,unknown
37876,cellular,14,may,191,1,346,2,failure
37877,cellular,14,may,239,1,351,2,failure
37878,cellular,14,may,292,1,-1,0,unknown
37879,cellular,14,may,59,1,345,2,failure
37880,cellular,14,may,471,1,-1,0,unknown
37881,cellular,14,may,182,1,339,2,failure
37882,cellular,14,may,92,3,-1,0,unknown
37883,cellular,14,may,396,1,370,1,failure
37884,cellular,14,may,132,2,-1,0,unknown
37885,cellular,14,may,432,1,-1,0,unknown
37886,cellular,14,may,224,4,-1,0,unknown
37887,cellular,14,may,616,2,-1,0,unknown
37888,cellular,14,may,50,2,-1,0,unknown
37889,cellular,14,may,111,1,-1,0,unknown
37890,cellular,14,may,685,2,-1,0,unknown
37891,cellular,14,may,423,3,-1,0,unknown
37892,cellular,14,may,134,2,-1,0,unknown
37893,cellular,14,may,65,1,-1,0,unknown
37894,cellular,14,may,551,2,-1,0,unknown
37895,cellular,14,may,165,5,177,7,failure
37896,cellular,14,may,668,2,-1,0,unknown
37897,cellular,14,may,177,2,-1,0,unknown
37898,cellular,14,may,99,7,352,1,failure
37899,cellular,14,may,108,4,342,14,other
37900,cellular,14,may,291,2,-1,0,unknown
37901,cellular,14,may,170,1,-1,0,unknown
37902,cellular,14,may,117,3,352,3,failure
37903,cellular,14,may,330,2,-1,0,unknown
37904,cellular,14,may,480,2,-1,0,unknown
37905,cellular,14,may,172,2,352,1,failure
37906,cellular,14,may,24,6,-1,0,unknown
37907,cellular,14,may,143,2,370,2,failure
37908,cellular,14,may,157,2,345,5,failure
37909,cellular,14,may,83,2,-1,0,unknown
37910,cellular,14,may,111,3,356,1,other
37911,cellular,14,may,553,2,-1,0,unknown
37912,cellular,14,may,632,1,339,2,failure
37913,cellular,14,may,115,3,287,2,failure
37914,cellular,14,may,228,1,-1,0,unknown
37915,cellular,14,may,142,2,-1,0,unknown
37916,cellular,14,may,172,2,364,1,failure
37917,cellular,14,may,246,1,-1,0,unknown
37918,cellular,14,may,329,1,-1,0,unknown
37919,cellular,14,may,479,1,346,2,success
37920,cellular,14,may,46,3,-1,0,unknown
37921,cellular,14,may,67,7,177,1,other
37922,cellular,14,may,95,3,-1,0,unknown
37923,cellular,14,may,209,2,-1,0,unknown
37924,cellular,14,may,888,3,-1,0,unknown
37925,cellular,14,may,441,3,-1,0,unknown
37926,cellular,14,may,185,3,-1,0,unknown
37927,cellular,14,may,229,6,373,1,other
37928,telephone,14,may,213,1,-1,0,unknown
37929,cellular,14,may,175,8,-1,0,unknown
37930,cellular,14,may,293,2,370,2,failure
37931,telephone,14,may,46,2,287,10,other
37932,cellular,14,may,169,3,174,7,failure
37933,cellular,14,may,226,2,-1,0,unknown
37934,telephone,14,may,113,2,-1,0,unknown
37935,cellular,14,may,284,7,-1,0,unknown
37936,cellular,14,may,156,2,178,1,failure
37937,cellular,14,may,151,4,-1,0,unknown
37938,telephone,14,may,68,2,-1,0,unknown
37939,cellular,14,may,56,2,350,2,failure
37940,cellular,14,may,1060,2,-1,0,unknown
37941,cellular,14,may,332,2,358,2,failure
37942,cellular,14,may,196,2,-1,0,unknown
37943,cellular,14,may,24,6,346,9,failure
37944,cellular,14,may,67,3,-1,0,unknown
37945,cellular,14,may,218,4,331,3,other
37946,cellular,14,may,131,2,370,3,other
37947,cellular,14,may,164,2,-1,0,unknown
37948,cellular,14,may,400,2,-1,0,unknown
37949,cellular,14,may,688,2,-1,0,unknown
37950,cellular,14,may,123,4,-1,0,unknown
37951,cellular,14,may,99,4,353,1,failure
37952,cellular,14,may,362,6,-1,0,unknown
37953,cellular,14,may,111,2,-1,0,unknown
37954,cellular,14,may,444,2,366,3,failure
37955,cellular,14,may,502,2,-1,0,unknown
37956,cellular,14,may,276,2,344,1,other
37957,cellular,14,may,366,2,-1,0,unknown
37958,cellular,14,may,367,2,289,19,failure
37959,cellular,14,may,17,8,-1,0,unknown
37960,cellular,14,may,158,5,350,1,other
37961,telephone,14,may,29,2,-1,0,unknown
37962,cellular,14,may,221,2,-1,0,unknown
37963,cellular,14,may,197,3,-1,0,unknown
37964,cellular,14,may,183,3,-1,0,unknown
37965,cellular,14,may,380,3,-1,0,unknown
37966,cellular,14,may,113,3,-1,0,unknown
37967,cellular,14,may,228,1,-1,0,unknown
37968,telephone,14,may,57,1,-1,0,unknown
37969,cellular,14,may,535,1,-1,0,unknown
37970,cellular,14,may,91,1,356,2,other
37971,cellular,14,may,43,3,-1,0,unknown
37972,cellular,14,may,265,1,-1,0,unknown
37973,cellular,14,may,299,1,360,2,failure
37974,cellular,14,may,196,2,-1,0,unknown
37975,cellular,14,may,1462,2,352,1,failure
37976,cellular,14,may,162,2,350,4,failure
37977,cellular,14,may,465,2,360,1,failure
37978,cellular,14,may,304,2,332,21,failure
37979,cellular,14,may,487,2,-1,0,unknown
37980,cellular,14,may,251,3,-1,0,unknown
37981,cellular,14,may,261,3,-1,0,unknown
37982,cellular,14,may,8,4,300,5,failure
37983,cellular,14,may,480,2,-1,0,unknown
37984,cellular,14,may,171,4,-1,0,unknown
37985,cellular,14,may,374,2,-1,0,unknown
37986,cellular,14,may,60,5,371,2,failure
37987,cellular,14,may,241,2,365,10,failure
37988,cellular,14,may,176,2,-1,0,unknown
37989,cellular,14,may,303,3,174,3,failure
37990,cellular,14,may,566,2,-1,0,unknown
37991,cellular,14,may,649,2,-1,0,unknown
37992,cellular,14,may,134,2,370,4,other
37993,cellular,14,may,959,3,174,7,other
37994,cellular,14,may,353,6,373,2,failure
37995,cellular,14,may,337,4,-1,0,unknown
37996,cellular,14,may,93,2,349,7,failure
37997,cellular,14,may,291,2,-1,0,unknown
37998,cellular,14,may,252,2,-1,0,unknown
37999,cellular,14,may,546,3,-1,0,unknown
38000,cellular,14,may,204,2,364,3,failure
38001,cellular,14,may,152,3,370,2,failure
38002,telephone,14,may,267,4,-1,0,unknown
38003,cellular,14,may,406,2,-1,0,unknown
38004,cellular,14,may,320,2,353,4,other
38005,cellular,14,may,1094,2,-1,0,unknown
38006,cellular,14,may,884,3,346,4,failure
38007,cellular,14,may,410,5,-1,0,unknown
38008,telephone,14,may,210,2,-1,0,unknown
38009,cellular,14,may,198,2,367,4,failure
38010,cellular,14,may,241,2,349,2,failure
38011,cellular,14,may,460,2,-1,0,unknown
38012,telephone,14,may,604,4,366,2,other
38013,telephone,14,may,427,2,364,4,failure
38014,cellular,14,may,350,2,-1,0,unknown
38015,cellular,14,may,176,2,365,4,failure
38016,cellular,14,may,93,3,-1,0,unknown
38017,cellular,14,may,118,4,374,3,failure
38018,cellular,14,may,336,2,322,3,failure
38019,cellular,14,may,387,10,-1,0,unknown
38020,cellular,14,may,106,2,-1,0,unknown
38021,cellular,14,may,205,3,-1,0,unknown
38022,cellular,14,may,135,3,363,2,failure
38023,telephone,14,may,42,3,-1,0,unknown
38024,cellular,14,may,240,3,363,4,other
38025,cellular,14,may,512,3,-1,0,unknown
38026,cellular,14,may,75,3,-1,0,unknown
38027,cellular,14,may,88,4,-1,0,unknown
38028,cellular,14,may,41,2,-1,0,unknown
38029,telephone,14,may,27,3,-1,0,unknown
38030,cellular,14,may,181,4,-1,0,unknown
38031,cellular,14,may,306,4,-1,0,unknown
38032,telephone,14,may,90,3,-1,0,unknown
38033,cellular,14,may,136,2,175,7,failure
38034,cellular,14,may,154,2,356,8,success
38035,cellular,14,may,305,3,296,11,other
38036,cellular,14,may,190,2,-1,0,unknown
38037,telephone,14,may,47,4,-1,0,unknown
38038,cellular,14,may,172,2,310,1,failure
38039,cellular,14,may,170,7,-1,0,unknown
38040,cellular,14,may,204,5,-1,0,unknown
38041,cellular,14,may,294,2,-1,0,unknown
38042,cellular,14,may,367,2,297,1,other
38043,cellular,14,may,173,6,353,23,failure
38044,cellular,14,may,62,4,352,2,failure
38045,telephone,14,may,113,3,367,4,other
38046,cellular,14,may,629,4,-1,0,unknown
38047,cellular,14,may,80,4,-1,0,unknown
38048,cellular,14,may,90,5,-1,0,unknown
38049,cellular,14,may,144,3,366,1,failure
38050,telephone,14,may,28,5,-1,0,unknown
38051,cellular,14,may,178,7,365,5,other
38052,cellular,14,may,306,2,-1,0,unknown
38053,cellular,14,may,386,4,-1,0,unknown
38054,cellular,14,may,114,2,-1,0,unknown
38055,cellular,14,may,493,5,-1,0,unknown
38056,telephone,14,may,33,7,365,7,failure
38057,cellular,14,may,167,4,-1,0,unknown
38058,cellular,14,may,125,5,-1,0,unknown
38059,cellular,14,may,185,10,-1,0,unknown
38060,cellular,14,may,341,3,-1,0,unknown
38061,cellular,14,may,415,3,296,2,other
38062,cellular,14,may,223,2,-1,0,unknown
38063,cellular,14,may,908,3,344,7,other
38064,cellular,14,may,168,2,351,2,failure
38065,cellular,14,may,166,3,-1,0,unknown
38066,cellular,14,may,67,3,-1,0,unknown
38067,telephone,14,may,167,6,365,1,failure
38068,cellular,14,may,10,5,324,27,other
38069,cellular,14,may,142,3,259,17,failure
38070,telephone,14,may,151,5,-1,0,unknown
38071,cellular,14,may,384,7,-1,0,unknown
38072,cellular,14,may,192,4,-1,0,unknown
38073,cellular,14,may,100,2,-1,0,unknown
38074,cellular,14,may,212,6,-1,0,unknown
38075,cellular,14,may,308,2,-1,0,unknown
38076,telephone,14,may,30,6,343,12,other
38077,cellular,14,may,54,11,-1,0,unknown
38078,cellular,14,may,340,3,371,8,failure
38079,telephone,14,may,225,7,350,2,failure
38080,telephone,14,may,346,5,372,1,other
38081,cellular,14,may,197,4,-1,0,unknown
38082,cellular,14,may,290,4,356,3,other
38083,cellular,14,may,72,2,-1,0,unknown
38084,cellular,14,may,115,2,175,2,failure
38085,telephone,14,may,382,3,371,1,failure
38086,cellular,14,may,100,3,356,2,failure
38087,cellular,14,may,165,4,371,5,failure
38088,cellular,14,may,506,2,352,1,other
38089,cellular,14,may,647,4,-1,0,unknown
38090,cellular,15,may,140,3,364,2,failure
38091,cellular,15,may,253,4,-1,0,unknown
38092,cellular,15,may,195,3,359,1,failure
38093,cellular,15,may,235,2,361,4,failure
38094,cellular,15,may,68,2,371,1,failure
38095,cellular,15,may,165,3,294,5,failure
38096,cellular,15,may,133,4,-1,0,unknown
38097,cellular,15,may,100,2,361,1,other
38098,cellular,15,may,49,3,-1,0,unknown
38099,cellular,15,may,676,3,-1,0,unknown
38100,cellular,15,may,145,4,360,7,failure
38101,cellular,15,may,103,6,-1,0,unknown
38102,cellular,15,may,69,5,-1,0,unknown
38103,cellular,15,may,153,2,-1,0,unknown
38104,telephone,15,may,26,6,373,2,failure
38105,cellular,15,may,9,6,-1,0,unknown
38106,cellular,15,may,117,5,366,7,other
38107,cellular,15,may,460,3,352,6,other
38108,cellular,15,may,111,4,371,2,other
38109,cellular,15,may,165,2,-1,0,unknown
38110,cellular,15,may,10,5,-1,0,unknown
38111,telephone,15,may,12,4,176,3,other
38112,cellular,15,may,113,4,-1,0,unknown
38113,telephone,15,may,8,6,366,1,other
38114,cellular,15,may,194,3,-1,0,unknown
38115,cellular,15,may,667,3,357,3,other
38116,cellular,15,may,670,4,346,1,failure
38117,cellular,15,may,14,2,344,3,other
38118,cellular,15,may,115,5,-1,0,unknown
38119,cellular,15,may,14,4,-1,0,unknown
38120,cellular,15,may,14,5,-1,0,unknown
38121,telephone,15,may,289,8,-1,0,unknown
38122,telephone,15,may,10,7,360,7,failure
38123,cellular,15,may,354,8,-1,0,unknown
38124,cellular,15,may,236,4,262,7,failure
38125,cellular,15,may,61,1,298,2,failure
38126,cellular,15,may,306,4,365,2,failure
38127,cellular,15,may,103,3,-1,0,unknown
38128,cellular,15,may,172,1,-1,0,unknown
38129,cellular,15,may,164,1,-1,0,unknown
38130,cellular,15,may,778,5,301,1,failure
38131,telephone,15,may,39,1,-1,0,unknown
38132,cellular,15,may,1181,9,-1,0,unknown
38133,cellular,15,may,124,1,-1,0,unknown
38134,cellular,15,may,162,3,-1,0,unknown
38135,cellular,15,may,45,1,-1,0,unknown
38136,cellular,15,may,16,6,365,6,failure
38137,cellular,15,may,233,1,353,1,failure
38138,cellular,15,may,347,1,-1,0,unknown
38139,cellular,15,may,136,1,176,1,failure
38140,cellular,15,may,133,1,-1,0,unknown
38141,cellular,15,may,196,1,-1,0,unknown
38142,cellular,15,may,655,2,-1,0,unknown
38143,cellular,15,may,452,1,345,1,other
38144,cellular,15,may,33,1,298,1,failure
38145,cellular,15,may,56,1,176,1,failure
38146,cellular,15,may,191,1,371,2,other
38147,cellular,15,may,78,2,-1,0,unknown
38148,cellular,15,may,85,1,-1,0,unknown
38149,cellular,15,may,274,1,319,5,failure
38150,cellular,15,may,642,1,-1,0,unknown
38151,cellular,15,may,73,1,-1,0,unknown
38152,cellular,15,may,551,1,371,2,failure
38153,cellular,15,may,607,1,344,4,failure
38154,cellular,15,may,67,1,368,5,failure
38155,cellular,15,may,409,1,361,3,failure
38156,cellular,15,may,382,1,-1,0,unknown
38157,cellular,15,may,7,4,340,15,other
38158,cellular,15,may,239,1,-1,0,unknown
38159,cellular,15,may,144,1,365,1,failure
38160,cellular,15,may,54,4,-1,0,unknown
38161,cellular,15,may,123,1,365,1,failure
38162,cellular,15,may,60,1,343,7,failure
38163,cellular,15,may,123,3,-1,0,unknown
38164,cellular,15,may,160,1,368,4,failure
38165,cellular,15,may,270,1,-1,0,unknown
38166,cellular,15,may,311,1,368,2,failure
38167,cellular,15,may,259,1,-1,0,unknown
38168,cellular,15,may,300,1,-1,0,unknown
38169,cellular,15,may,238,1,-1,0,unknown
38170,cellular,15,may,760,1,-1,0,unknown
38171,cellular,15,may,224,1,352,2,failure
38172,cellular,15,may,21,8,331,29,failure
38173,cellular,15,may,128,2,291,5,failure
38174,cellular,15,may,169,2,365,2,failure
38175,cellular,15,may,198,1,359,1,other
38176,cellular,15,may,302,1,-1,0,unknown
38177,telephone,15,may,146,4,-1,0,unknown
38178,cellular,15,may,71,3,-1,0,unknown
38179,cellular,15,may,302,1,-1,0,unknown
38180,cellular,15,may,619,1,340,4,failure
38181,cellular,15,may,88,1,-1,0,unknown
38182,cellular,15,may,213,1,364,1,failure
38183,telephone,15,may,64,1,-1,0,unknown
38184,cellular,15,may,250,1,-1,0,unknown
38185,cellular,15,may,233,1,-1,0,unknown
38186,cellular,15,may,49,1,364,1,failure
38187,cellular,15,may,124,1,357,3,failure
38188,cellular,15,may,345,1,310,7,failure
38189,cellular,15,may,242,1,-1,0,unknown
38190,cellular,15,may,20,6,291,2,other
38191,cellular,15,may,1452,1,-1,0,unknown
38192,cellular,15,may,317,1,-1,0,unknown
38193,cellular,15,may,16,8,351,5,failure
38194,cellular,15,may,67,4,175,6,failure
38195,cellular,15,may,241,1,364,1,failure
38196,cellular,15,may,250,1,-1,0,unknown
38197,telephone,15,may,7,4,371,5,failure
38198,cellular,15,may,67,1,368,2,failure
38199,cellular,15,may,153,1,176,1,failure
38200,cellular,15,may,432,1,-1,0,unknown
38201,cellular,15,may,48,1,-1,0,unknown
38202,cellular,15,may,158,1,365,4,other
38203,cellular,15,may,72,2,178,1,failure
38204,cellular,15,may,148,1,-1,0,unknown
38205,cellular,15,may,377,1,-1,0,unknown
38206,cellular,15,may,169,1,352,1,failure
38207,cellular,15,may,195,1,-1,0,unknown
38208,cellular,15,may,217,1,-1,0,unknown
38209,cellular,15,may,50,1,-1,0,unknown
38210,cellular,15,may,160,1,277,1,failure
38211,cellular,15,may,612,1,177,2,failure
38212,cellular,15,may,64,4,-1,0,unknown
38213,cellular,15,may,310,1,-1,0,unknown
38214,cellular,15,may,7,6,357,1,failure
38215,cellular,15,may,14,4,-1,0,unknown
38216,cellular,15,may,373,1,-1,0,unknown
38217,cellular,15,may,58,1,266,2,failure
38218,cellular,15,may,55,4,-1,0,unknown
38219,cellular,15,may,153,1,371,2,failure
38220,cellular,15,may,98,1,330,5,failure
38221,cellular,15,may,180,1,-1,0,unknown
38222,cellular,15,may,192,1,347,3,failure
38223,cellular,15,may,68,1,-1,0,unknown
38224,cellular,15,may,520,1,345,1,failure
38225,cellular,15,may,148,1,291,3,failure
38226,cellular,15,may,64,2,-1,0,unknown
38227,cellular,15,may,119,2,351,12,other
38228,cellular,15,may,665,1,-1,0,unknown
38229,cellular,15,may,1190,2,302,2,other
38230,cellular,15,may,132,5,304,5,failure
38231,cellular,15,may,391,1,-1,0,unknown
38232,cellular,15,may,111,1,-1,0,unknown
38233,cellular,15,may,188,1,-1,0,unknown
38234,cellular,15,may,210,1,361,2,failure
38235,cellular,15,may,51,1,311,2,failure
38236,cellular,15,may,185,1,350,8,failure
38237,cellular,15,may,859,1,-1,0,unknown
38238,cellular,15,may,493,7,-1,0,unknown
38239,cellular,15,may,26,6,-1,0,unknown
38240,cellular,15,may,192,1,364,3,other
38241,cellular,15,may,207,1,-1,0,unknown
38242,cellular,15,may,399,1,-1,0,unknown
38243,cellular,15,may,899,1,-1,0,unknown
38244,cellular,15,may,157,4,-1,0,unknown
38245,cellular,15,may,415,1,360,5,failure
38246,cellular,15,may,282,4,277,4,failure
38247,cellular,15,may,77,1,368,3,failure
38248,cellular,15,may,536,1,364,1,other
38249,cellular,15,may,176,1,-1,0,unknown
38250,cellular,15,may,101,1,371,1,failure
38251,cellular,15,may,272,1,365,5,failure
38252,cellular,15,may,133,1,353,5,other
38253,cellular,15,may,39,1,361,4,failure
38254,cellular,15,may,34,1,353,3,other
38255,telephone,15,may,23,3,346,10,failure
38256,cellular,15,may,267,1,354,1,other
38257,cellular,15,may,12,5,-1,0,unknown
38258,cellular,15,may,353,1,-1,0,unknown
38259,cellular,15,may,217,1,176,1,failure
38260,cellular,15,may,578,1,364,1,other
38261,cellular,15,may,77,1,297,4,failure
38262,cellular,15,may,669,1,312,3,failure
38263,cellular,15,may,495,1,347,3,failure
38264,telephone,15,may,8,7,-1,0,unknown
38265,cellular,15,may,233,1,368,1,failure
38266,cellular,15,may,48,4,298,1,failure
38267,cellular,15,may,24,7,-1,0,unknown
38268,cellular,15,may,187,1,367,4,failure
38269,cellular,15,may,159,1,-1,0,unknown
38270,cellular,15,may,283,3,-1,0,unknown
38271,cellular,15,may,326,5,179,4,failure
38272,cellular,15,may,58,1,352,5,failure
38273,cellular,15,may,181,1,-1,0,unknown
38274,cellular,15,may,151,1,352,1,failure
38275,cellular,15,may,301,1,274,2,failure
38276,cellular,15,may,106,1,368,4,failure
38277,cellular,15,may,148,1,345,4,other
38278,cellular,15,may,44,1,-1,0,unknown
38279,cellular,15,may,358,1,-1,0,unknown
38280,cellular,15,may,901,1,-1,0,unknown
38281,cellular,15,may,1286,1,-1,0,unknown
38282,cellular,15,may,122,2,343,4,failure
38283,cellular,15,may,87,1,-1,0,unknown
38284,cellular,15,may,55,1,368,1,failure
38285,cellular,15,may,127,1,-1,0,unknown
38286,cellular,15,may,744,1,-1,0,unknown
38287,cellular,15,may,177,1,361,3,failure
38288,cellular,15,may,454,1,-1,0,unknown
38289,cellular,15,may,485,1,88,1,other
38290,cellular,15,may,12,5,-1,0,unknown
38291,cellular,15,may,332,1,297,2,other
38292,cellular,15,may,123,5,-1,0,unknown
38293,cellular,15,may,984,1,368,1,failure
38294,cellular,15,may,282,2,-1,0,unknown
38295,cellular,15,may,514,1,-1,0,unknown
38296,cellular,15,may,224,1,-1,0,unknown
38297,cellular,15,may,25,1,350,5,other
38298,cellular,15,may,151,1,-1,0,unknown
38299,cellular,15,may,223,1,-1,0,unknown
38300,cellular,15,may,552,1,329,3,failure
38301,cellular,15,may,7,5,-1,0,unknown
38302,cellular,15,may,339,1,345,3,failure
38303,cellular,15,may,76,2,364,2,other
38304,cellular,15,may,338,1,-1,0,unknown
38305,cellular,15,may,82,3,-1,0,unknown
38306,cellular,15,may,298,1,-1,0,unknown
38307,cellular,15,may,51,1,345,2,failure
38308,cellular,15,may,386,1,-1,0,unknown
38309,cellular,15,may,457,1,-1,0,unknown
38310,cellular,15,may,395,1,361,3,other
38311,cellular,15,may,416,1,-1,0,unknown
38312,cellular,15,may,193,2,-1,0,unknown
38313,cellular,15,may,262,2,-1,0,unknown
38314,cellular,15,may,45,1,298,1,other
38315,cellular,15,may,22,5,-1,0,unknown
38316,cellular,15,may,637,1,-1,0,unknown
38317,telephone,15,may,59,3,367,1,other
38318,cellular,15,may,34,7,360,4,other
38319,cellular,15,may,272,1,-1,0,unknown
38320,cellular,15,may,48,1,-1,0,unknown
38321,cellular,15,may,75,1,368,1,failure
38322,cellular,15,may,301,1,368,1,failure
38323,cellular,15,may,164,1,337,6,other
38324,cellular,15,may,199,1,-1,0,unknown
38325,cellular,15,may,133,1,-1,0,unknown
38326,cellular,15,may,523,2,353,58,other
38327,cellular,15,may,151,1,345,1,failure
38328,telephone,15,may,36,2,176,2,failure
38329,cellular,15,may,325,1,-1,0,unknown
38330,cellular,15,may,193,1,-1,0,unknown
38331,cellular,15,may,36,1,-1,0,unknown
38332,cellular,15,may,110,1,-1,0,unknown
38333,cellular,15,may,56,1,368,2,failure
38334,cellular,15,may,411,1,323,2,failure
38335,cellular,15,may,174,1,361,1,failure
38336,cellular,15,may,148,2,365,2,other
38337,cellular,15,may,224,1,-1,0,unknown
38338,cellular,15,may,322,1,-1,0,unknown
38339,cellular,15,may,520,1,-1,0,unknown
38340,cellular,15,may,333,1,-1,0,unknown
38341,cellular,15,may,311,1,-1,0,unknown
38342,cellular,15,may,292,1,-1,0,unknown
38343,cellular,15,may,145,2,329,4,failure
38344,cellular,15,may,319,1,-1,0,unknown
38345,cellular,15,may,128,1,-1,0,unknown
38346,cellular,15,may,439,1,175,3,other
38347,cellular,15,may,290,2,-1,0,unknown
38348,cellular,15,may,375,1,-1,0,unknown
38349,cellular,15,may,185,1,-1,0,unknown
38350,cellular,15,may,178,1,359,2,failure
38351,cellular,15,may,27,5,-1,0,unknown
38352,cellular,15,may,333,1,-1,0,unknown
38353,cellular,15,may,256,1,-1,0,unknown
38354,cellular,15,may,66,2,-1,0,unknown
38355,cellular,15,may,173,3,298,3,other
38356,cellular,15,may,171,1,175,6,failure
38357,cellular,15,may,134,2,-1,0,unknown
38358,telephone,15,may,26,1,340,1,failure
38359,cellular,15,may,256,1,359,3,success
38360,cellular,15,may,74,2,-1,0,unknown
38361,cellular,15,may,340,1,-1,0,unknown
38362,cellular,15,may,237,2,-1,0,unknown
38363,cellular,15,may,285,5,-1,0,unknown
38364,cellular,15,may,242,2,-1,0,unknown
38365,cellular,15,may,239,1,352,1,other
38366,cellular,15,may,109,11,373,1,other
38367,cellular,15,may,730,5,-1,0,unknown
38368,cellular,15,may,10,5,175,7,other
38369,cellular,15,may,19,6,-1,0,unknown
38370,cellular,15,may,178,2,270,8,other
38371,telephone,15,may,71,5,364,3,failure
38372,cellular,15,may,7,6,-1,0,unknown
38373,cellular,15,may,16,9,309,1,failure
38374,telephone,15,may,45,2,-1,0,unknown
38375,cellular,15,may,229,5,268,4,failure
38376,cellular,15,may,22,6,-1,0,unknown
38377,cellular,15,may,191,1,-1,0,unknown
38378,cellular,15,may,536,2,-1,0,unknown
38379,cellular,15,may,792,2,298,1,failure
38380,cellular,15,may,178,1,-1,0,unknown
38381,cellular,15,may,41,1,-1,0,unknown
38382,cellular,15,may,142,1,-1,0,unknown
38383,cellular,15,may,45,1,-1,0,unknown
38384,cellular,15,may,333,1,330,2,failure
38385,cellular,15,may,10,5,-1,0,unknown
38386,cellular,15,may,166,2,-1,0,unknown
38387,cellular,15,may,358,1,176,1,failure
38388,cellular,15,may,100,1,-1,0,unknown
38389,cellular,15,may,423,1,-1,0,unknown
38390,cellular,15,may,84,1,345,1,other
38391,cellular,15,may,66,1,-1,0,unknown
38392,cellular,15,may,576,4,371,1,failure
38393,cellular,15,may,79,2,373,1,failure
38394,cellular,15,may,669,1,337,3,failure
38395,cellular,15,may,50,1,352,1,failure
38396,cellular,15,may,135,1,361,2,failure
38397,cellular,15,may,456,1,-1,0,unknown
38398,cellular,15,may,87,1,368,1,failure
38399,cellular,15,may,676,3,-1,0,unknown
38400,cellular,15,may,78,1,359,1,failure
38401,telephone,15,may,354,2,-1,0,unknown
38402,cellular,15,may,183,1,361,1,failure
38403,cellular,15,may,117,1,-1,0,unknown
38404,cellular,15,may,265,7,-1,0,unknown
38405,cellular,15,may,98,1,350,1,failure
38406,cellular,15,may,412,2,-1,0,unknown
38407,cellular,15,may,251,1,-1,0,unknown
38408,cellular,15,may,245,1,-1,0,unknown
38409,cellular,15,may,693,5,372,2,failure
38410,cellular,15,may,15,5,361,1,failure
38411,cellular,15,may,14,5,-1,0,unknown
38412,cellular,15,may,268,1,-1,0,unknown
38413,cellular,15,may,144,2,352,1,other
38414,cellular,15,may,166,1,-1,0,unknown
38415,cellular,15,may,404,1,-1,0,unknown
38416,cellular,15,may,192,1,276,3,failure
38417,cellular,15,may,1015,1,-1,0,unknown
38418,cellular,15,may,663,1,-1,0,unknown
38419,cellular,15,may,238,2,372,1,failure
38420,cellular,15,may,52,1,-1,0,unknown
38421,cellular,15,may,210,2,-1,0,unknown
38422,cellular,15,may,133,1,-1,0,unknown
38423,cellular,15,may,18,8,371,1,other
38424,cellular,15,may,123,2,364,1,failure
38425,cellular,15,may,261,1,-1,0,unknown
38426,cellular,15,may,81,2,295,3,failure
38427,cellular,15,may,65,2,-1,0,unknown
38428,cellular,15,may,437,3,347,3,other
38429,cellular,15,may,102,1,333,2,failure
38430,cellular,15,may,63,3,354,2,failure
38431,cellular,15,may,217,6,178,1,failure
38432,cellular,15,may,157,3,-1,0,unknown
38433,cellular,15,may,463,1,175,4,failure
38434,cellular,15,may,562,2,-1,0,unknown
38435,cellular,15,may,189,3,352,1,other
38436,cellular,15,may,220,2,298,1,failure
38437,cellular,15,may,500,2,352,2,failure
38438,cellular,15,may,212,4,312,6,other
38439,cellular,15,may,172,2,350,1,failure
38440,cellular,15,may,20,6,-1,0,unknown
38441,cellular,15,may,327,3,374,1,failure
38442,cellular,15,may,894,2,347,2,failure
38443,cellular,15,may,823,2,-1,0,unknown
38444,cellular,15,may,352,1,-1,0,unknown
38445,telephone,15,may,52,1,-1,0,unknown
38446,cellular,15,may,152,1,352,4,failure
38447,cellular,15,may,116,1,-1,0,unknown
38448,cellular,15,may,29,1,-1,0,unknown
38449,cellular,15,may,585,1,-1,0,unknown
38450,cellular,15,may,95,1,-1,0,unknown
38451,cellular,15,may,56,1,-1,0,unknown
38452,cellular,15,may,564,3,-1,0,unknown
38453,cellular,15,may,188,1,360,3,failure
38454,cellular,15,may,363,1,-1,0,unknown
38455,cellular,15,may,48,7,-1,0,unknown
38456,cellular,15,may,147,1,-1,0,unknown
38457,cellular,15,may,360,1,-1,0,unknown
38458,cellular,15,may,342,2,-1,0,unknown
38459,cellular,15,may,6,4,-1,0,unknown
38460,cellular,15,may,170,2,-1,0,unknown
38461,cellular,15,may,119,4,372,3,failure
38462,cellular,15,may,80,4,-1,0,unknown
38463,cellular,15,may,659,1,-1,0,unknown
38464,cellular,15,may,532,3,-1,0,unknown
38465,cellular,15,may,265,1,-1,0,unknown
38466,telephone,15,may,15,11,-1,0,unknown
38467,cellular,15,may,54,5,-1,0,unknown
38468,cellular,15,may,837,1,-1,0,unknown
38469,cellular,15,may,67,4,178,3,failure
38470,cellular,15,may,77,4,-1,0,unknown
38471,cellular,15,may,136,2,361,1,other
38472,cellular,15,may,303,2,351,2,failure
38473,cellular,15,may,358,7,-1,0,unknown
38474,cellular,15,may,228,2,297,1,other
38475,cellular,15,may,47,3,-1,0,unknown
38476,cellular,15,may,259,3,353,3,failure
38477,cellular,15,may,832,1,367,3,failure
38478,cellular,15,may,169,1,346,1,failure
38479,cellular,15,may,31,1,330,2,failure
38480,cellular,15,may,1380,1,-1,0,unknown
38481,cellular,15,may,201,3,294,2,success
38482,cellular,15,may,36,2,-1,0,unknown
38483,cellular,15,may,679,1,366,4,failure
38484,cellular,15,may,199,2,274,3,other
38485,cellular,15,may,58,3,359,2,other
38486,cellular,15,may,129,2,-1,0,unknown
38487,cellular,15,may,495,1,-1,0,unknown
38488,cellular,15,may,141,1,343,3,failure
38489,cellular,15,may,139,2,-1,0,unknown
38490,cellular,15,may,82,2,366,1,failure
38491,cellular,15,may,830,1,352,2,failure
38492,cellular,15,may,317,1,-1,0,unknown
38493,cellular,15,may,26,1,357,1,other
38494,cellular,15,may,611,5,-1,0,unknown
38495,cellular,15,may,33,2,176,1,other
38496,cellular,15,may,362,1,-1,0,unknown
38497,cellular,15,may,432,1,176,1,failure
38498,cellular,15,may,86,2,367,2,failure
38499,cellular,15,may,186,2,-1,0,unknown
38500,cellular,15,may,42,4,-1,0,unknown
38501,cellular,15,may,956,1,-1,0,unknown
38502,cellular,15,may,175,1,364,3,other
38503,cellular,15,may,229,2,294,1,other
38504,cellular,15,may,757,1,330,1,failure
38505,cellular,15,may,521,2,-1,0,unknown
38506,cellular,15,may,264,1,351,4,failure
38507,cellular,15,may,99,1,352,1,failure
38508,telephone,15,may,87,4,-1,0,unknown
38509,cellular,15,may,401,1,-1,0,unknown
38510,cellular,15,may,301,1,-1,0,unknown
38511,cellular,15,may,17,3,351,6,other
38512,cellular,15,may,184,4,-1,0,unknown
38513,cellular,15,may,42,2,297,1,failure
38514,cellular,15,may,200,5,-1,0,unknown
38515,cellular,15,may,167,2,373,3,failure
38516,cellular,15,may,58,3,-1,0,unknown
38517,cellular,15,may,167,4,-1,0,unknown
38518,cellular,15,may,237,2,-1,0,unknown
38519,cellular,15,may,98,2,359,1,failure
38520,cellular,15,may,173,4,-1,0,unknown
38521,cellular,15,may,165,3,-1,0,unknown
38522,cellular,15,may,858,3,-1,0,unknown
38523,cellular,15,may,132,2,359,2,failure
38524,cellular,15,may,114,2,-1,0,unknown
38525,cellular,15,may,173,2,-1,0,unknown
38526,cellular,15,may,406,4,296,3,failure
38527,cellular,15,may,1012,3,-1,0,unknown
38528,cellular,15,may,13,11,-1,0,unknown
38529,cellular,15,may,73,2,297,2,other
38530,cellular,15,may,160,2,-1,0,unknown
38531,cellular,15,may,372,2,371,2,success
38532,cellular,15,may,206,5,-1,0,unknown
38533,cellular,15,may,137,2,176,1,failure
38534,cellular,15,may,611,2,-1,0,unknown
38535,cellular,15,may,219,6,-1,0,unknown
38536,cellular,15,may,320,3,371,2,failure
38537,cellular,15,may,57,2,332,3,failure
38538,cellular,15,may,223,2,298,1,failure
38539,cellular,15,may,147,2,-1,0,unknown
38540,cellular,15,may,109,2,352,1,success
38541,cellular,15,may,175,4,-1,0,unknown
38542,cellular,15,may,264,2,-1,0,unknown
38543,cellular,15,may,124,3,-1,0,unknown
38544,cellular,15,may,885,3,352,2,other
38545,cellular,15,may,1111,5,-1,0,unknown
38546,cellular,15,may,44,2,-1,0,unknown
38547,cellular,15,may,64,6,-1,0,unknown
38548,cellular,15,may,50,5,-1,0,unknown
38549,cellular,15,may,76,2,-1,0,unknown
38550,cellular,15,may,10,2,373,1,other
38551,cellular,15,may,270,3,-1,0,unknown
38552,telephone,15,may,31,9,373,4,other
38553,cellular,15,may,296,2,353,2,other
38554,cellular,15,may,239,2,-1,0,unknown
38555,telephone,15,may,22,7,337,12,failure
38556,cellular,15,may,1357,4,374,2,failure
38557,cellular,15,may,212,2,368,1,failure
38558,cellular,15,may,99,3,346,1,other
38559,cellular,15,may,150,3,-1,0,unknown
38560,cellular,15,may,582,2,-1,0,unknown
38561,cellular,15,may,709,5,-1,0,unknown
38562,cellular,15,may,199,2,354,1,failure
38563,cellular,15,may,140,9,372,4,failure
38564,cellular,15,may,102,3,177,1,failure
38565,cellular,15,may,15,3,-1,0,unknown
38566,cellular,15,may,61,3,-1,0,unknown
38567,cellular,15,may,152,5,-1,0,unknown
38568,cellular,15,may,245,9,373,2,failure
38569,cellular,15,may,406,4,359,5,other
38570,cellular,15,may,23,8,-1,0,unknown
38571,cellular,15,may,297,3,-1,0,unknown
38572,cellular,15,may,197,3,288,4,failure
38573,cellular,15,may,63,8,365,24,other
38574,cellular,15,may,103,5,-1,0,unknown
38575,cellular,15,may,1259,2,333,18,failure
38576,cellular,15,may,80,3,352,1,other
38577,cellular,15,may,951,1,-1,0,unknown
38578,cellular,15,may,255,2,-1,0,unknown
38579,cellular,15,may,8,2,346,5,failure
38580,cellular,15,may,284,15,-1,0,unknown
38581,cellular,15,may,550,2,340,2,failure
38582,cellular,15,may,77,2,347,4,failure
38583,cellular,15,may,314,2,177,6,other
38584,cellular,15,may,536,2,-1,0,unknown
38585,cellular,15,may,193,2,-1,0,unknown
38586,cellular,15,may,124,2,298,1,failure
38587,cellular,15,may,12,10,178,1,failure
38588,cellular,15,may,134,5,-1,0,unknown
38589,cellular,15,may,10,7,372,1,other
38590,cellular,15,may,895,5,365,2,failure
38591,cellular,15,may,17,8,-1,0,unknown
38592,cellular,15,may,212,3,364,2,other
38593,cellular,15,may,43,8,177,5,failure
38594,cellular,15,may,364,2,-1,0,unknown
38595,cellular,15,may,14,3,-1,0,unknown
38596,cellular,15,may,376,3,368,1,failure
38597,cellular,15,may,22,4,-1,0,unknown
38598,cellular,15,may,122,8,-1,0,unknown
38599,cellular,15,may,34,3,-1,0,unknown
38600,telephone,15,may,134,9,-1,0,unknown
38601,cellular,15,may,21,2,-1,0,unknown
38602,cellular,15,may,144,5,-1,0,unknown
38603,telephone,15,may,16,3,-1,0,unknown
38604,cellular,15,may,13,8,366,7,other
38605,cellular,15,may,781,4,178,3,failure
38606,cellular,15,may,128,3,-1,0,unknown
38607,cellular,15,may,411,6,175,3,other
38608,cellular,15,may,266,3,-1,0,unknown
38609,cellular,15,may,391,2,-1,0,unknown
38610,telephone,15,may,195,4,-1,0,unknown
38611,telephone,15,may,74,5,367,7,other
38612,cellular,15,may,232,2,365,5,other
38613,cellular,15,may,340,2,368,1,failure
38614,telephone,15,may,350,8,360,1,failure
38615,cellular,15,may,309,3,-1,0,unknown
38616,cellular,15,may,12,5,-1,0,unknown
38617,cellular,15,may,136,3,359,2,failure
38618,cellular,15,may,349,2,-1,0,unknown
38619,cellular,15,may,259,3,-1,0,unknown
38620,cellular,15,may,153,2,-1,0,unknown
38621,cellular,15,may,215,2,-1,0,unknown
38622,cellular,15,may,233,4,-1,0,unknown
38623,cellular,15,may,298,2,-1,0,unknown
38624,cellular,15,may,104,10,-1,0,unknown
38625,cellular,15,may,59,3,-1,0,unknown
38626,telephone,15,may,49,3,-1,0,unknown
38627,cellular,15,may,113,6,-1,0,unknown
38628,cellular,15,may,1002,4,-1,0,unknown
38629,cellular,15,may,54,2,-1,0,unknown
38630,cellular,15,may,80,3,368,4,failure
38631,cellular,15,may,306,3,347,9,failure
38632,cellular,15,may,61,4,371,5,other
38633,cellular,15,may,20,5,-1,0,unknown
38634,cellular,15,may,16,5,365,1,failure
38635,cellular,15,may,51,3,368,1,failure
38636,cellular,15,may,69,3,361,2,failure
38637,cellular,15,may,880,4,-1,0,unknown
38638,cellular,15,may,600,2,-1,0,unknown
38639,cellular,15,may,218,4,-1,0,unknown
38640,cellular,15,may,18,6,-1,0,unknown
38641,cellular,15,may,47,2,-1,0,unknown
38642,cellular,15,may,333,2,364,3,failure
38643,cellular,15,may,102,2,364,2,failure
38644,cellular,15,may,64,3,371,2,failure
38645,cellular,15,may,101,4,291,6,failure
38646,cellular,15,may,800,5,-1,0,unknown
38647,cellular,15,may,19,2,-1,0,unknown
38648,cellular,15,may,476,3,-1,0,unknown
38649,telephone,15,may,65,5,-1,0,unknown
38650,cellular,15,may,14,2,-1,0,unknown
38651,cellular,15,may,50,2,-1,0,unknown
38652,cellular,15,may,262,2,352,2,failure
38653,cellular,15,may,934,2,368,2,failure
38654,telephone,15,may,75,10,179,5,failure
38655,cellular,15,may,51,4,-1,0,unknown
38656,cellular,15,may,208,3,-1,0,unknown
38657,cellular,15,may,162,2,361,3,failure
38658,cellular,15,may,166,3,-1,0,unknown
38659,cellular,15,may,53,3,-1,0,unknown
38660,cellular,15,may,34,11,374,2,other
38661,cellular,15,may,22,8,331,13,failure
38662,telephone,15,may,258,3,-1,0,unknown
38663,cellular,15,may,71,3,347,1,failure
38664,cellular,15,may,11,8,-1,0,unknown
38665,cellular,15,may,93,3,-1,0,unknown
38666,cellular,15,may,92,4,353,3,failure
38667,cellular,15,may,1237,2,361,2,failure
38668,cellular,15,may,655,3,175,4,failure
38669,cellular,15,may,138,2,297,3,failure
38670,cellular,15,may,187,3,-1,0,unknown
38671,cellular,15,may,200,3,298,1,failure
38672,cellular,15,may,432,3,-1,0,unknown
38673,cellular,15,may,69,3,357,1,failure
38674,cellular,15,may,25,5,372,2,failure
38675,cellular,15,may,28,8,366,4,other
38676,cellular,15,may,68,4,359,2,failure
38677,cellular,15,may,109,3,-1,0,unknown
38678,cellular,15,may,117,2,-1,0,unknown
38679,cellular,15,may,1223,3,371,1,failure
38680,cellular,15,may,136,3,346,2,failure
38681,cellular,15,may,101,2,-1,0,unknown
38682,cellular,15,may,126,2,333,1,failure
38683,telephone,15,may,137,7,371,1,failure
38684,telephone,15,may,155,6,-1,0,unknown
38685,cellular,15,may,509,3,345,9,other
38686,cellular,15,may,143,2,343,3,failure
38687,cellular,15,may,641,6,-1,0,unknown
38688,cellular,15,may,85,3,368,2,failure
38689,cellular,15,may,104,2,-1,0,unknown
38690,cellular,15,may,415,4,375,1,failure
38691,cellular,15,may,131,3,365,1,other
38692,cellular,15,may,339,4,-1,0,unknown
38693,cellular,15,may,15,9,-1,0,unknown
38694,cellular,15,may,1871,4,-1,0,unknown
38695,cellular,15,may,315,3,367,3,failure
38696,cellular,15,may,63,4,-1,0,unknown
38697,cellular,15,may,1068,3,-1,0,unknown
38698,cellular,15,may,58,3,-1,0,unknown
38699,cellular,15,may,22,8,175,5,failure
38700,cellular,15,may,1326,6,175,3,failure
38701,cellular,15,may,149,7,-1,0,unknown
38702,cellular,15,may,34,10,331,16,other
38703,cellular,15,may,204,3,359,3,failure
38704,cellular,15,may,44,9,-1,0,unknown
38705,cellular,15,may,376,2,-1,0,unknown
38706,cellular,15,may,31,5,179,3,failure
38707,cellular,15,may,133,2,-1,0,unknown
38708,cellular,15,may,439,4,-1,0,unknown
38709,cellular,15,may,157,2,351,5,failure
38710,cellular,15,may,38,7,332,6,failure
38711,telephone,15,may,73,4,-1,0,unknown
38712,telephone,15,may,462,4,-1,0,unknown
38713,cellular,15,may,504,2,-1,0,unknown
38714,cellular,15,may,104,3,-1,0,unknown
38715,cellular,15,may,121,3,-1,0,unknown
38716,cellular,15,may,49,2,333,5,other
38717,cellular,15,may,258,2,343,4,other
38718,cellular,15,may,163,5,359,1,failure
38719,telephone,15,may,12,6,-1,0,unknown
38720,cellular,15,may,158,2,352,2,failure
38721,cellular,15,may,126,2,350,1,failure
38722,telephone,15,may,166,4,-1,0,unknown
38723,cellular,15,may,11,7,330,2,failure
38724,cellular,15,may,59,4,-1,0,unknown
38725,cellular,15,may,1313,7,312,1,failure
38726,cellular,15,may,168,2,364,1,other
38727,cellular,15,may,157,3,-1,0,unknown
38728,cellular,15,may,1598,4,175,5,failure
38729,cellular,15,may,385,3,364,9,other
38730,cellular,15,may,57,11,366,1,other
38731,cellular,15,may,543,3,350,3,failure
38732,cellular,15,may,692,3,-1,0,unknown
38733,cellular,18,may,55,2,-1,0,unknown
38734,cellular,18,may,20,6,-1,0,unknown
38735,cellular,18,may,59,2,-1,0,unknown
38736,cellular,18,may,242,6,-1,0,unknown
38737,telephone,18,may,33,5,-1,0,unknown
38738,cellular,18,may,130,4,-1,0,unknown
38739,cellular,18,may,126,2,356,2,failure
38740,cellular,18,may,13,5,178,6,success
38741,cellular,18,may,27,6,-1,0,unknown
38742,telephone,18,may,15,7,178,1,other
38743,cellular,18,may,45,4,-1,0,unknown
38744,cellular,18,may,157,7,179,1,failure
38745,cellular,18,may,722,4,-1,0,unknown
38746,cellular,18,may,68,2,368,3,failure
38747,cellular,18,may,17,5,355,2,failure
38748,cellular,18,may,9,4,-1,0,unknown
38749,cellular,18,may,7,6,357,13,other
38750,cellular,18,may,102,2,178,5,failure
38751,cellular,18,may,117,3,-1,0,unknown
38752,cellular,18,may,1032,2,-1,0,unknown
38753,cellular,18,may,523,2,-1,0,unknown
38754,cellular,18,may,16,10,-1,0,unknown
38755,cellular,18,may,113,2,348,2,failure
38756,cellular,18,may,201,5,-1,0,unknown
38757,cellular,18,may,8,5,-1,0,unknown
38758,cellular,18,may,8,7,-1,0,unknown
38759,cellular,18,may,536,2,334,4,failure
38760,cellular,18,may,16,4,355,4,other
38761,cellular,18,may,58,6,-1,0,unknown
38762,cellular,18,may,28,6,-1,0,unknown
38763,cellular,18,may,11,10,-1,0,unknown
38764,cellular,18,may,9,5,-1,0,unknown
38765,cellular,18,may,899,3,-1,0,unknown
38766,cellular,18,may,17,8,178,5,other
38767,cellular,18,may,11,14,-1,0,unknown
38768,telephone,18,may,16,6,-1,0,unknown
38769,cellular,18,may,473,3,-1,0,unknown
38770,cellular,18,may,114,4,364,22,other
38771,cellular,18,may,159,3,371,2,other
38772,cellular,18,may,106,5,362,8,other
38773,cellular,18,may,177,4,-1,0,unknown
38774,cellular,18,may,17,6,-1,0,unknown
38775,cellular,18,may,359,5,-1,0,unknown
38776,cellular,18,may,9,11,350,11,other
38777,telephone,18,may,17,11,-1,0,unknown
38778,cellular,18,may,11,8,-1,0,unknown
38779,cellular,18,may,70,3,-1,0,unknown
38780,cellular,18,may,160,2,-1,0,unknown
38781,telephone,18,may,19,5,364,2,failure
38782,cellular,18,may,19,4,349,6,other
38783,telephone,18,may,193,4,-1,0,unknown
38784,cellular,18,may,284,2,371,1,failure
38785,cellular,18,may,116,4,-1,0,unknown
38786,cellular,18,may,157,5,-1,0,unknown
38787,telephone,18,may,73,6,-1,0,unknown
38788,cellular,18,may,18,5,360,5,failure
38789,cellular,18,may,126,2,362,1,other
38790,telephone,18,may,26,5,354,1,success
38791,cellular,18,may,97,2,298,1,failure
38792,cellular,18,may,90,6,-1,0,unknown
38793,cellular,18,may,144,3,-1,0,unknown
38794,cellular,18,may,59,2,-1,0,unknown
38795,cellular,18,may,19,5,-1,0,unknown
38796,cellular,18,may,16,6,368,1,other
38797,cellular,18,may,22,6,179,10,failure
38798,cellular,18,may,44,8,-1,0,unknown
38799,cellular,18,may,44,4,-1,0,unknown
38800,cellular,18,may,24,2,349,2,other
38801,cellular,18,may,16,6,180,2,other
38802,cellular,18,may,7,7,367,25,failure
38803,cellular,18,may,131,6,363,9,failure
38804,cellular,18,may,239,6,-1,0,unknown
38805,cellular,18,may,27,7,-1,0,unknown
38806,cellular,18,may,14,4,-1,0,unknown
38807,cellular,18,may,77,3,-1,0,unknown
38808,telephone,18,may,21,7,-1,0,unknown
38809,cellular,18,may,17,7,350,9,other
38810,cellular,18,may,15,9,-1,0,unknown
38811,cellular,18,may,30,7,-1,0,unknown
38812,cellular,18,may,13,8,-1,0,unknown
38813,cellular,18,may,236,3,178,15,failure
38814,cellular,18,may,906,2,350,2,failure
38815,cellular,18,may,201,2,293,6,other
38816,cellular,18,may,259,2,-1,0,unknown
38817,cellular,18,may,76,1,-1,0,unknown
38818,cellular,18,may,90,1,-1,0,unknown
38819,cellular,18,may,264,1,300,2,success
38820,telephone,18,may,51,1,-1,0,unknown
38821,cellular,18,may,50,1,356,2,other
38822,cellular,18,may,35,6,-1,0,unknown
38823,cellular,18,may,10,4,-1,0,unknown
38824,cellular,18,may,34,7,348,5,failure
38825,cellular,18,may,164,1,370,1,failure
38826,cellular,18,may,552,5,-1,0,unknown
38827,cellular,18,may,380,1,-1,0,unknown
38828,cellular,18,may,450,2,304,2,success
38829,cellular,18,may,33,2,367,4,other
38830,cellular,18,may,30,5,-1,0,unknown
38831,cellular,18,may,75,4,-1,0,unknown
38832,cellular,18,may,557,1,-1,0,unknown
38833,cellular,18,may,108,1,-1,0,unknown
38834,cellular,18,may,108,1,-1,0,unknown
38835,telephone,18,may,40,1,-1,0,unknown
38836,cellular,18,may,173,1,299,2,other
38837,cellular,18,may,197,1,355,2,failure
38838,cellular,18,may,97,1,355,2,failure
38839,telephone,18,may,87,6,178,5,failure
38840,cellular,18,may,47,4,-1,0,unknown
38841,cellular,18,may,333,1,-1,0,unknown
38842,cellular,18,may,311,1,-1,0,unknown
38843,cellular,18,may,55,1,-1,0,unknown
38844,cellular,18,may,347,1,-1,0,unknown
38845,cellular,18,may,134,1,350,1,failure
38846,cellular,18,may,125,1,368,4,failure
38847,cellular,18,may,213,1,264,6,failure
38848,cellular,18,may,192,1,180,1,failure
38849,cellular,18,may,89,1,-1,0,unknown
38850,cellular,18,may,57,1,180,3,failure
38851,cellular,18,may,16,6,362,28,failure
38852,cellular,18,may,16,1,364,2,other
38853,cellular,18,may,245,1,-1,0,unknown
38854,cellular,18,may,115,1,-1,0,unknown
38855,cellular,18,may,442,1,266,8,failure
38856,cellular,18,may,158,1,355,3,failure
38857,cellular,18,may,410,1,-1,0,unknown
38858,cellular,18,may,283,1,-1,0,unknown
38859,cellular,18,may,224,1,-1,0,unknown
38860,cellular,18,may,217,1,370,1,failure
38861,cellular,18,may,298,1,355,1,failure
38862,cellular,18,may,242,1,-1,0,unknown
38863,cellular,18,may,97,1,370,1,failure
38864,cellular,18,may,278,1,-1,0,unknown
38865,cellular,18,may,420,7,363,1,failure
38866,cellular,18,may,166,1,349,5,other
38867,cellular,18,may,155,1,180,2,failure
38868,telephone,18,may,325,1,-1,0,unknown
38869,cellular,18,may,827,1,-1,0,unknown
38870,cellular,18,may,166,2,357,2,other
38871,cellular,18,may,97,1,180,3,failure
38872,cellular,18,may,74,1,-1,0,unknown
38873,cellular,18,may,15,9,363,2,failure
38874,cellular,18,may,170,1,180,3,failure
38875,cellular,18,may,51,3,367,4,other
38876,cellular,18,may,216,1,-1,0,unknown
38877,cellular,18,may,17,1,369,4,other
38878,cellular,18,may,288,1,-1,0,unknown
38879,cellular,18,may,220,1,367,3,failure
38880,cellular,18,may,296,1,-1,0,unknown
38881,cellular,18,may,12,5,-1,0,unknown
38882,cellular,18,may,200,1,-1,0,unknown
38883,telephone,18,may,28,1,-1,0,unknown
38884,cellular,18,may,169,1,-1,0,unknown
38885,cellular,18,may,175,1,293,5,failure
38886,cellular,18,may,88,1,364,1,failure
38887,cellular,18,may,185,1,-1,0,unknown
38888,cellular,18,may,248,1,-1,0,unknown
38889,cellular,18,may,903,4,-1,0,unknown
38890,telephone,18,may,52,9,-1,0,unknown
38891,cellular,18,may,155,1,-1,0,unknown
38892,cellular,18,may,205,1,-1,0,unknown
38893,cellular,18,may,68,1,-1,0,unknown
38894,cellular,18,may,63,5,363,11,other
38895,cellular,18,may,114,1,-1,0,unknown
38896,cellular,18,may,297,1,-1,0,unknown
38897,cellular,18,may,185,1,178,1,failure
38898,cellular,18,may,1126,1,350,6,failure
38899,cellular,18,may,186,1,-1,0,unknown
38900,cellular,18,may,382,1,-1,0,unknown
38901,cellular,18,may,10,6,354,1,failure
38902,cellular,18,may,222,1,-1,0,unknown
38903,cellular,18,may,284,3,-1,0,unknown
38904,cellular,18,may,119,1,-1,0,unknown
38905,cellular,18,may,261,1,178,1,failure
38906,cellular,18,may,113,1,-1,0,unknown
38907,cellular,18,may,134,1,-1,0,unknown
38908,cellular,18,may,11,5,-1,0,unknown
38909,cellular,18,may,42,1,-1,0,unknown
38910,cellular,18,may,19,7,-1,0,unknown
38911,cellular,18,may,110,1,334,4,other
38912,cellular,18,may,1340,1,-1,0,unknown
38913,cellular,18,may,110,1,370,1,failure
38914,cellular,18,may,455,1,-1,0,unknown
38915,cellular,18,may,119,1,-1,0,unknown
38916,cellular,18,may,170,2,346,11,failure
38917,cellular,18,may,245,1,-1,0,unknown
38918,cellular,18,may,268,2,-1,0,unknown
38919,cellular,18,may,108,2,349,2,failure
38920,cellular,18,may,182,1,-1,0,unknown
38921,cellular,18,may,487,1,-1,0,unknown
38922,cellular,18,may,309,1,-1,0,unknown
38923,cellular,18,may,18,4,304,1,failure
38924,cellular,18,may,250,1,-1,0,unknown
38925,cellular,18,may,154,1,-1,0,unknown
38926,cellular,18,may,666,1,360,1,success
38927,cellular,18,may,2301,1,-1,0,unknown
38928,cellular,18,may,618,1,-1,0,unknown
38929,cellular,18,may,115,1,341,1,failure
38930,cellular,18,may,169,1,-1,0,unknown
38931,cellular,18,may,176,1,-1,0,unknown
38932,cellular,18,may,145,1,-1,0,unknown
38933,cellular,18,may,119,1,-1,0,unknown
38934,cellular,18,may,493,1,370,1,other
38935,cellular,18,may,295,1,-1,0,unknown
38936,cellular,18,may,226,1,-1,0,unknown
38937,cellular,18,may,268,1,355,1,failure
38938,cellular,18,may,33,5,298,2,other
38939,telephone,18,may,152,4,370,3,other
38940,cellular,18,may,176,1,-1,0,unknown
38941,cellular,18,may,136,1,-1,0,unknown
38942,cellular,18,may,41,1,-1,0,unknown
38943,cellular,18,may,40,1,269,4,failure
38944,cellular,18,may,34,6,-1,0,unknown
38945,cellular,18,may,252,4,-1,0,unknown
38946,cellular,18,may,156,1,348,1,failure
38947,cellular,18,may,126,1,-1,0,unknown
38948,cellular,18,may,55,1,-1,0,unknown
38949,cellular,18,may,603,1,340,2,other
38950,cellular,18,may,114,1,-1,0,unknown
38951,cellular,18,may,134,1,-1,0,unknown
38952,cellular,18,may,98,1,178,1,failure
38953,cellular,18,may,18,5,178,3,other
38954,cellular,18,may,302,1,-1,0,unknown
38955,cellular,18,may,351,1,-1,0,unknown
38956,cellular,18,may,158,1,-1,0,unknown
38957,cellular,18,may,98,1,-1,0,unknown
38958,cellular,18,may,379,1,-1,0,unknown
38959,cellular,18,may,128,1,-1,0,unknown
38960,cellular,18,may,357,1,-1,0,unknown
38961,cellular,18,may,77,3,-1,0,unknown
38962,cellular,18,may,632,1,-1,0,unknown
38963,cellular,18,may,9,1,-1,0,unknown
38964,cellular,18,may,69,1,367,6,other
38965,cellular,18,may,58,1,-1,0,unknown
38966,cellular,18,may,148,1,-1,0,unknown
38967,cellular,18,may,98,5,-1,0,unknown
38968,cellular,18,may,843,1,370,1,failure
38969,cellular,18,may,13,4,362,1,other
38970,cellular,18,may,18,4,-1,0,unknown
38971,cellular,18,may,345,1,-1,0,unknown
38972,cellular,18,may,8,11,-1,0,unknown
38973,telephone,18,may,57,6,-1,0,unknown
38974,cellular,18,may,93,1,180,3,failure
38975,cellular,18,may,420,2,-1,0,unknown
38976,cellular,18,may,132,1,360,1,failure
38977,cellular,18,may,34,1,-1,0,unknown
38978,cellular,18,may,261,1,-1,0,unknown
38979,cellular,18,may,133,2,353,6,failure
38980,cellular,18,may,398,1,370,2,failure
38981,cellular,18,may,287,1,-1,0,unknown
38982,cellular,18,may,208,1,-1,0,unknown
38983,cellular,18,may,179,1,-1,0,unknown
38984,cellular,18,may,434,1,-1,0,unknown
38985,cellular,18,may,119,4,-1,0,unknown
38986,cellular,18,may,140,1,-1,0,unknown
38987,cellular,18,may,185,1,-1,0,unknown
38988,cellular,18,may,26,1,-1,0,unknown
38989,cellular,18,may,290,2,370,1,failure
38990,cellular,18,may,191,2,357,6,success
38991,cellular,18,may,53,1,-1,0,unknown
38992,cellular,18,may,44,1,355,3,failure
38993,cellular,18,may,173,1,-1,0,unknown
38994,cellular,18,may,391,1,-1,0,unknown
38995,cellular,18,may,380,2,355,1,failure
38996,cellular,18,may,143,1,-1,0,unknown
38997,cellular,18,may,115,2,-1,0,unknown
38998,cellular,18,may,217,1,-1,0,unknown
38999,cellular,18,may,164,5,294,3,failure
39000,cellular,18,may,63,1,-1,0,unknown
39001,cellular,18,may,325,1,-1,0,unknown
39002,cellular,18,may,167,1,-1,0,unknown
39003,cellular,18,may,21,1,-1,0,unknown
39004,cellular,18,may,47,3,178,3,failure
39005,cellular,18,may,277,2,264,5,failure
39006,cellular,18,may,185,1,-1,0,unknown
39007,cellular,18,may,202,1,263,13,failure
39008,cellular,18,may,9,5,-1,0,unknown
39009,cellular,18,may,565,1,-1,0,unknown
39010,cellular,18,may,507,1,-1,0,unknown
39011,telephone,18,may,82,6,335,1,other
39012,cellular,18,may,105,1,-1,0,unknown
39013,cellular,18,may,212,1,-1,0,unknown
39014,cellular,18,may,78,1,-1,0,unknown
39015,cellular,18,may,546,1,-1,0,unknown
39016,cellular,18,may,196,1,-1,0,unknown
39017,cellular,18,may,431,1,-1,0,unknown
39018,cellular,18,may,152,7,349,1,other
39019,cellular,18,may,165,2,364,1,success
39020,cellular,18,may,365,2,-1,0,unknown
39021,cellular,18,may,229,2,355,1,failure
39022,cellular,18,may,74,3,349,2,other
39023,cellular,18,may,224,2,356,2,failure
39024,cellular,18,may,10,5,-1,0,unknown
39025,cellular,18,may,600,4,332,4,other
39026,cellular,18,may,156,5,297,1,other
39027,cellular,18,may,123,3,-1,0,unknown
39028,cellular,18,may,190,6,-1,0,unknown
39029,cellular,18,may,114,2,-1,0,unknown
39030,cellular,18,may,435,7,74,3,success
39031,cellular,18,may,43,1,367,2,success
39032,cellular,18,may,106,1,-1,0,unknown
39033,cellular,18,may,326,1,-1,0,unknown
39034,cellular,18,may,81,1,178,1,other
39035,cellular,18,may,199,1,-1,0,unknown
39036,cellular,18,may,170,1,-1,0,unknown
39037,cellular,18,may,189,1,-1,0,unknown
39038,cellular,18,may,84,1,-1,0,unknown
39039,cellular,18,may,373,1,-1,0,unknown
39040,cellular,18,may,15,8,-1,0,unknown
39041,cellular,18,may,143,1,-1,0,unknown
39042,cellular,18,may,399,1,-1,0,unknown
39043,cellular,18,may,125,3,350,4,failure
39044,cellular,18,may,145,3,-1,0,unknown
39045,cellular,18,may,644,1,-1,0,unknown
39046,cellular,18,may,166,1,-1,0,unknown
39047,cellular,18,may,111,2,-1,0,unknown
39048,cellular,18,may,184,1,-1,0,unknown
39049,cellular,18,may,233,1,-1,0,unknown
39050,cellular,18,may,616,1,370,1,success
39051,cellular,18,may,110,1,315,2,failure
39052,cellular,18,may,116,1,-1,0,unknown
39053,cellular,18,may,178,1,-1,0,unknown
39054,cellular,18,may,504,1,-1,0,unknown
39055,cellular,18,may,334,2,-1,0,unknown
39056,cellular,18,may,144,1,-1,0,unknown
39057,cellular,18,may,177,1,-1,0,unknown
39058,cellular,18,may,232,1,178,1,success
39059,telephone,18,may,21,2,-1,0,unknown
39060,cellular,18,may,700,3,-1,0,unknown
39061,cellular,18,may,191,5,-1,0,unknown
39062,cellular,18,may,72,1,-1,0,unknown
39063,cellular,18,may,163,1,-1,0,unknown
39064,cellular,18,may,183,1,-1,0,unknown
39065,cellular,18,may,78,2,367,2,other
39066,cellular,18,may,91,6,-1,0,unknown
39067,cellular,18,may,253,2,-1,0,unknown
39068,cellular,18,may,239,2,-1,0,unknown
39069,cellular,18,may,169,1,-1,0,unknown
39070,cellular,18,may,87,1,-1,0,unknown
39071,cellular,18,may,20,1,370,1,failure
39072,cellular,18,may,121,5,-1,0,unknown
39073,cellular,18,may,127,1,-1,0,unknown
39074,cellular,18,may,149,1,362,8,other
39075,cellular,18,may,37,2,-1,0,unknown
39076,cellular,18,may,132,1,279,2,failure
39077,cellular,18,may,113,1,-1,0,unknown
39078,cellular,18,may,24,1,-1,0,unknown
39079,cellular,18,may,1008,1,347,2,success
39080,cellular,18,may,213,1,178,1,failure
39081,cellular,18,may,153,1,-1,0,unknown
39082,cellular,18,may,380,1,-1,0,unknown
39083,cellular,18,may,192,1,-1,0,unknown
39084,cellular,18,may,66,1,-1,0,unknown
39085,cellular,18,may,57,1,-1,0,unknown
39086,cellular,18,may,525,1,-1,0,unknown
39087,cellular,18,may,123,1,-1,0,unknown
39088,cellular,18,may,180,1,-1,0,unknown
39089,cellular,18,may,179,3,374,2,other
39090,cellular,18,may,276,4,301,2,success
39091,cellular,18,may,37,1,370,3,failure
39092,cellular,18,may,143,1,-1,0,unknown
39093,cellular,18,may,1063,1,-1,0,unknown
39094,cellular,18,may,317,1,355,1,other
39095,cellular,18,may,105,1,355,2,failure
39096,cellular,18,may,178,1,-1,0,unknown
39097,cellular,18,may,124,1,-1,0,unknown
39098,cellular,18,may,612,1,-1,0,unknown
39099,cellular,18,may,427,1,-1,0,unknown
39100,cellular,18,may,316,1,-1,0,unknown
39101,cellular,18,may,103,2,-1,0,unknown
39102,cellular,18,may,73,2,-1,0,unknown
39103,cellular,18,may,230,1,-1,0,unknown
39104,cellular,18,may,525,1,-1,0,unknown
39105,cellular,18,may,599,1,306,4,success
39106,cellular,18,may,442,1,-1,0,unknown
39107,cellular,18,may,618,1,355,2,failure
39108,cellular,18,may,504,1,-1,0,unknown
39109,cellular,18,may,182,1,-1,0,unknown
39110,cellular,18,may,336,1,356,1,failure
39111,cellular,18,may,248,1,279,2,failure
39112,cellular,18,may,504,1,-1,0,unknown
39113,cellular,18,may,82,4,-1,0,unknown
39114,cellular,18,may,182,2,-1,0,unknown
39115,cellular,18,may,78,2,354,2,failure
39116,cellular,18,may,518,2,-1,0,unknown
39117,cellular,18,may,778,2,336,2,success
39118,cellular,18,may,61,4,362,1,failure
39119,telephone,18,may,203,5,-1,0,unknown
39120,cellular,18,may,222,3,-1,0,unknown
39121,cellular,18,may,59,2,-1,0,unknown
39122,cellular,18,may,727,2,-1,0,unknown
39123,cellular,18,may,1010,2,356,2,failure
39124,cellular,18,may,180,2,-1,0,unknown
39125,cellular,18,may,317,3,364,1,other
39126,cellular,18,may,207,3,-1,0,unknown
39127,cellular,18,may,46,6,378,2,failure
39128,cellular,18,may,120,2,-1,0,unknown
39129,cellular,18,may,104,3,178,1,success
39130,cellular,18,may,432,3,374,3,other
39131,cellular,18,may,517,3,350,2,failure
39132,cellular,18,may,180,3,360,1,failure
39133,cellular,18,may,147,2,347,3,other
39134,cellular,18,may,98,2,-1,0,unknown
39135,cellular,18,may,465,2,-1,0,unknown
39136,cellular,18,may,801,5,355,2,failure
39137,cellular,18,may,599,2,-1,0,unknown
39138,cellular,18,may,40,2,321,14,other
39139,cellular,18,may,15,8,-1,0,unknown
39140,cellular,18,may,18,4,-1,0,unknown
39141,cellular,18,may,35,3,349,32,failure
39142,cellular,18,may,309,2,-1,0,unknown
39143,cellular,18,may,196,3,-1,0,unknown
39144,cellular,18,may,76,3,-1,0,unknown
39145,cellular,18,may,61,7,-1,0,unknown
39146,cellular,18,may,154,2,-1,0,unknown
39147,telephone,18,may,23,2,-1,0,unknown
39148,cellular,18,may,194,3,-1,0,unknown
39149,cellular,18,may,336,2,-1,0,unknown
39150,cellular,18,may,104,2,-1,0,unknown
39151,cellular,18,may,98,2,315,3,failure
39152,cellular,18,may,236,3,-1,0,unknown
39153,cellular,18,may,146,2,-1,0,unknown
39154,cellular,18,may,827,2,-1,0,unknown
39155,cellular,18,may,181,2,-1,0,unknown
39156,cellular,18,may,197,2,-1,0,unknown
39157,cellular,18,may,9,4,341,19,failure
39158,cellular,18,may,166,4,-1,0,unknown
39159,cellular,18,may,36,2,370,2,other
39160,cellular,18,may,267,2,311,2,failure
39161,cellular,18,may,87,2,299,3,other
39162,cellular,18,may,409,3,-1,0,unknown
39163,cellular,18,may,16,4,273,7,other
39164,cellular,18,may,11,5,364,13,failure
39165,cellular,18,may,8,4,-1,0,unknown
39166,cellular,18,may,166,4,-1,0,unknown
39167,cellular,18,may,9,2,178,3,failure
39168,cellular,18,may,630,2,356,4,other
39169,cellular,18,may,23,5,-1,0,unknown
39170,cellular,18,may,382,2,-1,0,unknown
39171,cellular,18,may,33,5,354,7,other
39172,cellular,18,may,774,4,-1,0,unknown
39173,cellular,18,may,13,3,355,5,failure
39174,cellular,18,may,227,2,-1,0,unknown
39175,cellular,18,may,178,3,-1,0,unknown
39176,cellular,18,may,42,4,280,5,failure
39177,cellular,18,may,375,3,-1,0,unknown
39178,telephone,18,may,40,8,349,6,failure
39179,cellular,18,may,241,3,-1,0,unknown
39180,cellular,18,may,190,8,-1,0,unknown
39181,cellular,18,may,213,4,-1,0,unknown
39182,cellular,18,may,69,2,333,2,failure
39183,cellular,18,may,412,5,-1,0,unknown
39184,cellular,18,may,31,6,-1,0,unknown
39185,cellular,18,may,173,2,-1,0,unknown
39186,cellular,18,may,165,2,-1,0,unknown
39187,cellular,18,may,179,3,-1,0,unknown
39188,cellular,18,may,22,2,346,2,failure
39189,cellular,18,may,158,2,-1,0,unknown
39190,cellular,18,may,74,2,-1,0,unknown
39191,cellular,18,may,92,3,374,1,other
39192,cellular,18,may,166,2,272,6,failure
39193,cellular,18,may,857,3,-1,0,unknown
39194,cellular,18,may,368,2,-1,0,unknown
39195,cellular,18,may,99,2,-1,0,unknown
39196,cellular,18,may,1027,2,-1,0,unknown
39197,cellular,18,may,221,2,350,4,other
39198,cellular,18,may,113,2,-1,0,unknown
39199,cellular,18,may,549,3,-1,0,unknown
39200,cellular,18,may,577,2,-1,0,unknown
39201,cellular,18,may,567,2,-1,0,unknown
39202,cellular,18,may,12,2,-1,0,unknown
39203,cellular,18,may,14,3,178,3,other
39204,cellular,18,may,428,2,-1,0,unknown
39205,cellular,18,may,19,4,374,1,other
39206,cellular,18,may,350,3,-1,0,unknown
39207,cellular,18,may,76,2,356,1,failure
39208,cellular,18,may,142,2,300,1,other
39209,cellular,18,may,767,2,-1,0,unknown
39210,cellular,18,may,61,3,350,5,other
39211,cellular,18,may,68,2,-1,0,unknown
39212,cellular,18,may,732,2,291,5,failure
39213,cellular,18,may,130,2,-1,0,unknown
39214,cellular,18,may,542,2,-1,0,unknown
39215,cellular,18,may,695,2,-1,0,unknown
39216,cellular,18,may,333,2,355,1,failure
39217,cellular,18,may,312,3,-1,0,unknown
39218,cellular,18,may,239,2,349,3,success
39219,cellular,18,may,295,2,355,4,failure
39220,cellular,18,may,1434,2,356,4,failure
39221,cellular,18,may,488,5,336,2,failure
39222,cellular,18,may,189,3,348,3,failure
39223,cellular,18,may,194,3,364,3,other
39224,cellular,18,may,566,2,356,4,failure
39225,cellular,18,may,486,2,336,6,other
39226,cellular,18,may,207,4,-1,0,unknown
39227,cellular,18,may,179,4,-1,0,unknown
39228,cellular,18,may,82,9,-1,0,unknown
39229,cellular,18,may,237,2,-1,0,unknown
39230,cellular,18,may,217,4,301,1,failure
39231,cellular,18,may,351,2,-1,0,unknown
39232,cellular,18,may,19,4,-1,0,unknown
39233,cellular,18,may,13,3,-1,0,unknown
39234,cellular,18,may,112,4,349,1,failure
39235,cellular,18,may,222,4,355,1,failure
39236,telephone,18,may,110,3,374,1,failure
39237,cellular,18,may,311,2,-1,0,unknown
39238,cellular,18,may,466,2,-1,0,unknown
39239,cellular,18,may,80,3,329,3,failure
39240,cellular,18,may,109,2,-1,0,unknown
39241,cellular,18,may,22,3,-1,0,unknown
39242,telephone,18,may,54,2,279,4,failure
39243,cellular,18,may,536,2,-1,0,unknown
39244,cellular,18,may,106,2,362,1,failure
39245,cellular,18,may,251,3,-1,0,unknown
39246,telephone,18,may,895,12,-1,0,unknown
39247,cellular,18,may,11,4,355,1,other
39248,cellular,18,may,8,9,353,5,failure
39249,cellular,18,may,187,4,356,2,other
39250,cellular,18,may,83,2,-1,0,unknown
39251,cellular,18,may,1057,6,355,1,other
39252,cellular,18,may,22,3,-1,0,unknown
39253,cellular,18,may,427,4,-1,0,unknown
39254,cellular,18,may,6,4,-1,0,unknown
39255,cellular,18,may,50,2,360,1,failure
39256,cellular,18,may,66,2,368,1,failure
39257,cellular,18,may,66,2,-1,0,unknown
39258,cellular,18,may,32,2,-1,0,unknown
39259,telephone,18,may,93,2,-1,0,unknown
39260,cellular,18,may,193,2,-1,0,unknown
39261,cellular,18,may,250,4,-1,0,unknown
39262,cellular,18,may,72,3,369,4,failure
39263,cellular,18,may,172,2,346,6,failure
39264,telephone,18,may,54,4,-1,0,unknown
39265,cellular,18,may,12,2,-1,0,unknown
39266,cellular,18,may,6,2,-1,0,unknown
39267,cellular,18,may,256,2,-1,0,unknown
39268,cellular,18,may,11,11,360,4,failure
39269,cellular,18,may,410,3,354,3,failure
39270,cellular,18,may,53,4,262,2,failure
39271,cellular,18,may,4,2,-1,0,unknown
39272,cellular,18,may,30,2,336,13,other
39273,cellular,18,may,5,2,-1,0,unknown
39274,telephone,18,may,27,10,-1,0,unknown
39275,cellular,18,may,7,2,-1,0,unknown
39276,cellular,18,may,296,2,-1,0,unknown
39277,cellular,18,may,170,6,-1,0,unknown
39278,cellular,18,may,453,2,-1,0,unknown
39279,cellular,18,may,16,5,355,3,other
39280,cellular,18,may,324,4,360,3,other
39281,cellular,18,may,122,3,357,4,failure
39282,cellular,18,may,663,2,-1,0,unknown
39283,telephone,18,may,36,6,-1,0,unknown
39284,cellular,18,may,14,3,355,4,other
39285,cellular,18,may,342,4,-1,0,unknown
39286,cellular,18,may,291,2,-1,0,unknown
39287,cellular,18,may,10,2,350,7,other
39288,cellular,18,may,128,3,-1,0,unknown
39289,cellular,18,may,22,2,-1,0,unknown
39290,cellular,18,may,82,3,363,2,other
39291,cellular,18,may,146,2,-1,0,unknown
39292,cellular,18,may,9,5,-1,0,unknown
39293,cellular,18,may,9,3,362,7,failure
39294,cellular,18,may,64,2,329,15,other
39295,cellular,18,may,8,4,279,2,other
39296,cellular,18,may,18,2,-1,0,unknown
39297,cellular,18,may,29,5,-1,0,unknown
39298,cellular,18,may,20,6,-1,0,unknown
39299,cellular,18,may,184,2,350,2,failure
39300,cellular,18,may,284,2,-1,0,unknown
39301,cellular,18,may,24,2,-1,0,unknown
39302,cellular,18,may,11,4,355,1,other
39303,cellular,18,may,26,4,-1,0,unknown
39304,cellular,18,may,35,3,-1,0,unknown
39305,cellular,18,may,50,7,-1,0,unknown
39306,cellular,18,may,22,3,-1,0,unknown
39307,cellular,18,may,687,2,300,1,failure
39308,cellular,18,may,453,4,-1,0,unknown
39309,cellular,18,may,44,2,-1,0,unknown
39310,cellular,18,may,638,2,-1,0,unknown
39311,cellular,18,may,80,3,350,2,failure
39312,cellular,18,may,246,2,-1,0,unknown
39313,telephone,18,may,12,5,-1,0,unknown
39314,cellular,18,may,167,4,314,4,failure
39315,cellular,18,may,197,3,-1,0,unknown
39316,cellular,18,may,126,2,355,1,failure
39317,cellular,18,may,424,2,-1,0,unknown
39318,cellular,18,may,28,2,-1,0,unknown
39319,cellular,18,may,121,2,-1,0,unknown
39320,cellular,18,may,214,5,364,8,failure
39321,cellular,18,may,305,2,-1,0,unknown
39322,cellular,18,may,90,2,-1,0,unknown
39323,cellular,18,may,236,2,-1,0,unknown
39324,cellular,18,may,232,2,-1,0,unknown
39325,cellular,18,may,80,2,-1,0,unknown
39326,cellular,18,may,209,2,-1,0,unknown
39327,cellular,18,may,178,2,-1,0,unknown
39328,cellular,18,may,11,6,367,1,other
39329,cellular,18,may,953,3,-1,0,unknown
39330,telephone,18,may,12,3,374,1,other
39331,cellular,18,may,267,4,341,3,failure
39332,cellular,18,may,176,2,-1,0,unknown
39333,cellular,18,may,34,7,-1,0,unknown
39334,cellular,18,may,214,2,-1,0,unknown
39335,cellular,18,may,7,5,-1,0,unknown
39336,telephone,18,may,56,9,-1,0,unknown
39337,cellular,18,may,109,2,-1,0,unknown
39338,cellular,18,may,45,2,-1,0,unknown
39339,cellular,18,may,7,5,-1,0,unknown
39340,cellular,18,may,1173,3,278,6,success
39341,cellular,18,may,27,4,356,2,failure
39342,cellular,18,may,15,3,-1,0,unknown
39343,cellular,18,may,42,8,-1,0,unknown
39344,telephone,18,may,45,4,-1,0,unknown
39345,cellular,18,may,226,2,-1,0,unknown
39346,cellular,18,may,477,3,356,3,other
39347,cellular,18,may,171,2,-1,0,unknown
39348,cellular,18,may,82,4,-1,0,unknown
39349,cellular,18,may,21,2,-1,0,unknown
39350,telephone,18,may,81,4,-1,0,unknown
39351,cellular,18,may,1359,3,368,3,failure
39352,cellular,18,may,715,6,-1,0,unknown
39353,cellular,18,may,52,2,-1,0,unknown
39354,cellular,18,may,485,6,-1,0,unknown
39355,cellular,18,may,32,8,308,3,success
39356,cellular,18,may,8,2,-1,0,unknown
39357,cellular,18,may,28,6,-1,0,unknown
39358,cellular,18,may,390,5,-1,0,unknown
39359,cellular,18,may,1880,2,-1,0,unknown
39360,cellular,18,may,642,3,298,6,success
39361,cellular,18,may,639,2,-1,0,unknown
39362,cellular,22,may,135,1,108,2,other
39363,cellular,22,may,114,1,60,1,failure
39364,cellular,22,may,324,1,106,1,failure
39365,cellular,22,may,582,1,95,2,success
39366,cellular,22,may,394,1,-1,0,unknown
39367,cellular,22,may,354,1,-1,0,unknown
39368,cellular,22,may,121,1,-1,0,unknown
39369,cellular,22,may,796,1,109,1,failure
39370,cellular,22,may,190,1,-1,0,unknown
39371,cellular,22,may,186,1,-1,0,unknown
39372,cellular,22,may,204,1,-1,0,unknown
39373,cellular,22,may,150,1,-1,0,unknown
39374,cellular,22,may,119,1,-1,0,unknown
39375,cellular,22,may,172,1,-1,0,unknown
39376,cellular,22,may,104,1,186,1,failure
39377,cellular,22,may,91,1,-1,0,unknown
39378,cellular,22,may,230,1,-1,0,unknown
39379,cellular,22,may,94,7,-1,0,unknown
39380,cellular,22,may,122,2,108,3,failure
39381,cellular,22,may,89,1,-1,0,unknown
39382,cellular,22,may,563,1,-1,0,unknown
39383,cellular,22,may,338,2,-1,0,unknown
39384,cellular,22,may,86,1,93,4,success
39385,cellular,22,may,680,1,95,1,failure
39386,cellular,22,may,72,1,-1,0,unknown
39387,cellular,22,may,491,1,-1,0,unknown
39388,cellular,22,may,74,1,14,9,failure
39389,cellular,22,may,158,1,59,2,failure
39390,cellular,22,may,298,1,10,6,failure
39391,cellular,22,may,431,1,-1,0,unknown
39392,telephone,22,may,152,1,-1,0,unknown
39393,cellular,22,may,168,1,-1,0,unknown
39394,cellular,22,may,210,1,-1,0,unknown
39395,cellular,22,may,449,1,-1,0,unknown
39396,cellular,22,may,81,1,-1,0,unknown
39397,cellular,22,may,239,1,-1,0,unknown
39398,cellular,22,may,100,1,-1,0,unknown
39399,cellular,22,may,259,1,63,5,failure
39400,cellular,22,may,271,1,93,3,success
39401,telephone,22,may,250,1,94,4,success
39402,cellular,22,may,320,1,-1,0,unknown
39403,cellular,22,may,807,1,310,1,other
39404,cellular,22,may,190,1,-1,0,unknown
39405,cellular,22,may,136,1,-1,0,unknown
39406,cellular,22,may,271,1,183,3,failure
39407,cellular,22,may,554,2,-1,0,unknown
39408,cellular,22,may,181,2,184,1,failure
39409,cellular,22,may,264,2,94,3,failure
39410,cellular,22,may,81,1,-1,0,unknown
39411,cellular,22,may,566,7,-1,0,unknown
39412,cellular,22,may,223,1,94,1,success
39413,cellular,22,may,98,1,-1,0,unknown
39414,cellular,22,may,106,1,101,2,failure
39415,cellular,22,may,182,2,-1,0,unknown
39416,cellular,22,may,460,1,95,2,success
39417,cellular,22,may,198,1,98,6,success
39418,cellular,22,may,115,3,379,1,failure
39419,cellular,22,may,148,2,-1,0,unknown
39420,cellular,22,may,71,1,-1,0,unknown
39421,cellular,22,may,293,2,-1,0,unknown
39422,cellular,22,may,137,2,-1,0,unknown
39423,cellular,22,may,169,1,94,2,other
39424,cellular,22,may,545,2,186,1,success
39425,cellular,22,may,253,1,107,5,failure
39426,telephone,22,may,231,2,-1,0,unknown
39427,cellular,22,may,105,2,-1,0,unknown
39428,cellular,22,may,157,3,-1,0,unknown
39429,cellular,22,may,970,2,92,2,other
39430,cellular,22,may,43,1,-1,0,unknown
39431,telephone,22,may,249,3,-1,0,unknown
39432,cellular,22,may,580,3,-1,0,unknown
39433,cellular,22,may,685,1,101,1,other
39434,telephone,22,may,23,2,-1,0,unknown
39435,cellular,22,may,46,3,-1,0,unknown
39436,cellular,25,may,101,2,-1,0,unknown
39437,cellular,25,may,97,3,103,2,failure
39438,cellular,25,may,65,2,-1,0,unknown
39439,cellular,25,may,282,1,187,3,success
39440,cellular,25,may,644,1,-1,0,unknown
39441,telephone,25,may,86,1,88,1,failure
39442,cellular,25,may,304,1,-1,0,unknown
39443,cellular,25,may,156,1,-1,0,unknown
39444,cellular,25,may,167,1,-1,0,unknown
39445,cellular,25,may,365,5,-1,0,unknown
39446,cellular,25,may,354,1,-1,0,unknown
39447,cellular,25,may,234,1,-1,0,unknown
39448,cellular,25,may,146,1,97,1,other
39449,cellular,25,may,112,1,-1,0,unknown
39450,cellular,25,may,101,1,-1,0,unknown
39451,cellular,25,may,241,1,108,1,failure
39452,cellular,25,may,426,1,-1,0,unknown
39453,cellular,25,may,269,1,-1,0,unknown
39454,cellular,25,may,128,1,-1,0,unknown
39455,cellular,25,may,464,1,321,1,failure
39456,cellular,25,may,124,1,-1,0,unknown
39457,cellular,25,may,236,1,-1,0,unknown
39458,cellular,25,may,421,1,-1,0,unknown
39459,cellular,25,may,678,2,-1,0,unknown
39460,cellular,25,may,119,1,-1,0,unknown
39461,cellular,25,may,91,1,-1,0,unknown
39462,cellular,25,may,56,1,185,1,other
39463,cellular,25,may,104,1,-1,0,unknown
39464,cellular,25,may,397,1,35,2,failure
39465,cellular,25,may,327,1,-1,0,unknown
39466,cellular,25,may,106,2,-1,0,unknown
39467,cellular,25,may,90,1,-1,0,unknown
39468,cellular,25,may,179,1,-1,0,unknown
39469,cellular,25,may,112,1,-1,0,unknown
39470,cellular,25,may,265,1,-1,0,unknown
39471,cellular,25,may,189,1,186,1,failure
39472,cellular,25,may,344,1,-1,0,unknown
39473,cellular,25,may,70,1,-1,0,unknown
39474,cellular,25,may,867,1,-1,0,unknown
39475,cellular,25,may,269,1,40,2,failure
39476,cellular,25,may,92,1,-1,0,unknown
39477,cellular,25,may,613,2,-1,0,unknown
39478,cellular,25,may,915,2,-1,0,unknown
39479,cellular,25,may,485,1,-1,0,unknown
39480,cellular,25,may,185,1,83,2,success
39481,cellular,25,may,200,1,-1,0,unknown
39482,cellular,25,may,157,4,363,5,failure
39483,cellular,25,may,128,3,-1,0,unknown
39484,cellular,25,may,612,7,-1,0,unknown
39485,cellular,25,may,163,1,-1,0,unknown
39486,cellular,25,may,111,1,-1,0,unknown
39487,cellular,25,may,288,1,96,2,success
39488,cellular,25,may,305,1,-1,0,unknown
39489,cellular,25,may,77,1,-1,0,unknown
39490,cellular,25,may,74,1,272,4,failure
39491,cellular,25,may,115,1,-1,0,unknown
39492,cellular,25,may,1064,1,-1,0,unknown
39493,cellular,25,may,213,4,-1,0,unknown
39494,cellular,25,may,176,1,-1,0,unknown
39495,cellular,25,may,205,1,35,2,failure
39496,telephone,25,may,180,1,-1,0,unknown
39497,cellular,25,may,324,1,-1,0,unknown
39498,cellular,25,may,159,1,111,1,failure
39499,telephone,25,may,87,2,-1,0,unknown
39500,cellular,25,may,226,1,-1,0,unknown
39501,cellular,25,may,116,1,18,3,failure
39502,cellular,25,may,217,1,306,8,failure
39503,cellular,25,may,109,1,-1,0,unknown
39504,cellular,25,may,531,1,97,1,success
39505,cellular,25,may,214,1,-1,0,unknown
39506,cellular,25,may,143,1,-1,0,unknown
39507,cellular,25,may,377,1,-1,0,unknown
39508,cellular,25,may,158,2,-1,0,unknown
39509,cellular,25,may,115,2,103,1,success
39510,cellular,25,may,262,2,353,1,other
39511,cellular,25,may,123,2,-1,0,unknown
39512,cellular,25,may,117,2,21,3,failure
39513,cellular,25,may,85,1,-1,0,unknown
39514,cellular,25,may,166,3,111,6,failure
39515,cellular,25,may,217,1,-1,0,unknown
39516,cellular,25,may,344,2,88,1,failure
39517,cellular,25,may,352,3,186,2,failure
39518,cellular,25,may,284,1,-1,0,unknown
39519,cellular,25,may,214,1,305,1,other
39520,cellular,25,may,315,1,-1,0,unknown
39521,cellular,25,may,615,4,-1,0,unknown
39522,cellular,25,may,170,1,-1,0,unknown
39523,telephone,25,may,100,3,-1,0,unknown
39524,cellular,25,may,242,2,-1,0,unknown
39525,cellular,25,may,414,2,35,4,failure
39526,telephone,25,may,281,5,101,1,success
39527,cellular,25,may,601,2,10,7,failure
39528,cellular,26,may,133,2,363,5,failure
39529,cellular,26,may,527,2,103,1,success
39530,cellular,26,may,107,2,-1,0,unknown
39531,cellular,26,may,314,2,-1,0,unknown
39532,cellular,26,may,61,1,190,1,failure
39533,cellular,26,may,78,1,105,1,failure
39534,cellular,26,may,135,1,104,2,failure
39535,cellular,26,may,133,1,97,1,success
39536,cellular,26,may,293,2,19,3,failure
39537,cellular,26,may,125,1,104,3,success
39538,cellular,26,may,66,1,-1,0,unknown
39539,cellular,26,may,318,1,-1,0,unknown
39540,cellular,26,may,260,1,-1,0,unknown
39541,cellular,26,may,94,1,97,2,success
39542,cellular,26,may,140,1,-1,0,unknown
39543,cellular,26,may,309,1,-1,0,unknown
39544,cellular,26,may,251,1,98,3,other
39545,cellular,26,may,111,1,35,1,failure
39546,cellular,26,may,119,1,-1,0,unknown
39547,cellular,26,may,1078,1,97,7,other
39548,cellular,26,may,159,3,-1,0,unknown
39549,cellular,26,may,640,1,-1,0,unknown
39550,cellular,26,may,109,1,-1,0,unknown
39551,cellular,26,may,217,1,-1,0,unknown
39552,cellular,26,may,482,1,-1,0,unknown
39553,cellular,26,may,71,5,40,4,failure
39554,cellular,26,may,91,1,285,2,other
39555,cellular,26,may,260,2,-1,0,unknown
39556,cellular,26,may,333,1,-1,0,unknown
39557,cellular,26,may,228,1,-1,0,unknown
39558,cellular,26,may,256,1,-1,0,unknown
39559,cellular,26,may,302,1,40,1,failure
39560,cellular,26,may,131,3,-1,0,unknown
39561,cellular,26,may,154,1,-1,0,unknown
39562,cellular,26,may,500,2,-1,0,unknown
39563,cellular,26,may,172,2,105,1,other
39564,telephone,26,may,164,1,-1,0,unknown
39565,cellular,26,may,176,1,-1,0,unknown
39566,cellular,26,may,574,1,97,10,success
39567,cellular,26,may,244,1,-1,0,unknown
39568,telephone,26,may,137,5,-1,0,unknown
39569,cellular,26,may,134,1,103,1,success
39570,cellular,26,may,98,2,-1,0,unknown
39571,cellular,26,may,376,2,97,1,other
39572,cellular,26,may,169,2,-1,0,unknown
39573,telephone,26,may,240,4,-1,0,unknown
39574,telephone,26,may,122,2,-1,0,unknown
39575,cellular,26,may,167,1,285,4,success
39576,cellular,26,may,351,1,-1,0,unknown
39577,cellular,26,may,165,1,287,2,failure
39578,cellular,26,may,400,3,358,2,failure
39579,cellular,26,may,58,1,105,1,success
39580,cellular,26,may,56,2,97,2,other
39581,cellular,26,may,145,1,-1,0,unknown
39582,cellular,26,may,243,2,35,6,other
39583,cellular,26,may,208,2,96,3,other
39584,cellular,26,may,94,1,-1,0,unknown
39585,cellular,26,may,68,1,-1,0,unknown
39586,cellular,26,may,103,1,-1,0,unknown
39587,cellular,26,may,81,1,29,1,failure
39588,cellular,26,may,128,1,-1,0,unknown
39589,cellular,26,may,304,1,-1,0,unknown
39590,cellular,26,may,55,1,113,1,failure
39591,cellular,26,may,75,1,-1,0,unknown
39592,cellular,26,may,147,1,40,1,failure
39593,cellular,26,may,140,1,-1,0,unknown
39594,cellular,26,may,83,1,42,1,success
39595,cellular,26,may,222,1,70,2,success
39596,cellular,26,may,145,1,98,2,failure
39597,telephone,26,may,1346,1,-1,0,unknown
39598,cellular,26,may,118,1,102,2,failure
39599,cellular,26,may,69,1,99,1,success
39600,cellular,26,may,245,2,98,2,failure
39601,cellular,26,may,135,1,-1,0,unknown
39602,cellular,26,may,88,1,-1,0,unknown
39603,cellular,26,may,303,2,-1,0,unknown
39604,cellular,26,may,131,2,-1,0,unknown
39605,cellular,26,may,390,1,-1,0,unknown
39606,cellular,26,may,132,6,112,3,failure
39607,cellular,26,may,187,1,-1,0,unknown
39608,cellular,26,may,109,1,-1,0,unknown
39609,cellular,26,may,445,1,-1,0,unknown
39610,cellular,26,may,299,2,-1,0,unknown
39611,cellular,26,may,93,1,-1,0,unknown
39612,cellular,26,may,223,1,-1,0,unknown
39613,cellular,26,may,141,1,188,1,failure
39614,cellular,26,may,401,1,-1,0,unknown
39615,cellular,26,may,149,1,-1,0,unknown
39616,cellular,26,may,579,1,-1,0,unknown
39617,cellular,26,may,136,1,-1,0,unknown
39618,cellular,26,may,114,7,287,3,failure
39619,cellular,26,may,323,1,-1,0,unknown
39620,cellular,26,may,197,2,98,1,other
39621,cellular,26,may,222,3,-1,0,unknown
39622,cellular,26,may,58,1,-1,0,unknown
39623,cellular,26,may,407,2,98,1,success
39624,cellular,26,may,252,2,-1,0,unknown
39625,cellular,26,may,80,1,102,1,failure
39626,cellular,26,may,112,1,-1,0,unknown
39627,cellular,26,may,87,1,308,2,failure
39628,cellular,26,may,176,1,-1,0,unknown
39629,cellular,26,may,226,2,-1,0,unknown
39630,cellular,26,may,396,3,-1,0,unknown
39631,cellular,26,may,260,1,-1,0,unknown
39632,cellular,26,may,103,2,-1,0,unknown
39633,telephone,26,may,108,4,-1,0,unknown
39634,cellular,26,may,41,1,-1,0,unknown
39635,cellular,26,may,89,1,-1,0,unknown
39636,cellular,26,may,82,1,-1,0,unknown
39637,cellular,26,may,150,1,-1,0,unknown
39638,cellular,26,may,170,1,-1,0,unknown
39639,cellular,26,may,147,1,-1,0,unknown
39640,cellular,26,may,362,1,77,1,failure
39641,cellular,26,may,118,2,-1,0,unknown
39642,cellular,26,may,264,2,-1,0,unknown
39643,cellular,26,may,94,2,112,2,failure
39644,cellular,26,may,258,1,-1,0,unknown
39645,cellular,26,may,137,2,-1,0,unknown
39646,cellular,26,may,189,2,349,1,failure
39647,cellular,26,may,208,2,98,2,success
39648,cellular,26,may,379,2,97,4,other
39649,cellular,26,may,245,3,97,7,success
39650,cellular,26,may,253,1,-1,0,unknown
39651,cellular,26,may,185,1,-1,0,unknown
39652,cellular,26,may,129,2,-1,0,unknown
39653,cellular,26,may,175,2,-1,0,unknown
39654,cellular,27,may,480,2,-1,0,unknown
39655,cellular,27,may,229,3,-1,0,unknown
39656,cellular,27,may,71,3,-1,0,unknown
39657,cellular,27,may,158,1,-1,0,unknown
39658,cellular,27,may,161,1,-1,0,unknown
39659,cellular,27,may,189,2,-1,0,unknown
39660,cellular,27,may,82,2,-1,0,unknown
39661,cellular,27,may,121,1,-1,0,unknown
39662,cellular,27,may,439,1,103,1,success
39663,cellular,27,may,242,1,212,1,success
39664,cellular,27,may,188,2,-1,0,unknown
39665,cellular,27,may,145,1,-1,0,unknown
39666,cellular,27,may,282,1,-1,0,unknown
39667,cellular,27,may,74,4,43,5,other
39668,cellular,27,may,483,2,-1,0,unknown
39669,telephone,27,may,108,1,-1,0,unknown
39670,cellular,27,may,81,1,-1,0,unknown
39671,cellular,27,may,283,1,-1,0,unknown
39672,cellular,27,may,155,3,-1,0,unknown
39673,cellular,27,may,138,2,-1,0,unknown
39674,telephone,27,may,93,2,-1,0,unknown
39675,cellular,27,may,122,2,-1,0,unknown
39676,cellular,27,may,133,2,41,5,success
39677,cellular,27,may,776,3,97,3,success
39678,cellular,27,may,140,2,-1,0,unknown
39679,cellular,27,may,136,2,114,1,success
39680,cellular,27,may,86,4,-1,0,unknown
39681,cellular,27,may,145,2,-1,0,unknown
39682,cellular,27,may,224,7,105,1,other
39683,cellular,27,may,101,1,-1,0,unknown
39684,cellular,27,may,95,1,99,2,failure
39685,cellular,27,may,268,2,-1,0,unknown
39686,cellular,27,may,281,4,188,1,failure
39687,cellular,27,may,123,2,-1,0,unknown
39688,cellular,27,may,297,1,-1,0,unknown
39689,cellular,27,may,119,1,98,1,success
39690,cellular,27,may,200,1,-1,0,unknown
39691,cellular,27,may,114,1,-1,0,unknown
39692,cellular,27,may,113,1,-1,0,unknown
39693,cellular,27,may,1576,1,-1,0,unknown
39694,cellular,27,may,329,1,41,2,other
39695,cellular,27,may,107,2,-1,0,unknown
39696,cellular,27,may,204,2,-1,0,unknown
39697,cellular,27,may,367,2,-1,0,unknown
39698,cellular,27,may,82,2,309,1,failure
39699,cellular,27,may,100,1,-1,0,unknown
39700,telephone,27,may,146,1,-1,0,unknown
39701,cellular,27,may,424,1,-1,0,unknown
39702,cellular,27,may,412,1,-1,0,unknown
39703,cellular,27,may,103,1,-1,0,unknown
39704,telephone,27,may,165,1,-1,0,unknown
39705,cellular,27,may,161,1,100,3,success
39706,cellular,27,may,114,1,-1,0,unknown
39707,cellular,27,may,237,2,-1,0,unknown
39708,telephone,27,may,198,2,-1,0,unknown
39709,cellular,27,may,207,5,-1,0,unknown
39710,cellular,27,may,156,4,99,2,success
39711,cellular,27,may,112,2,-1,0,unknown
39712,cellular,27,may,110,3,-1,0,unknown
39713,cellular,27,may,183,2,-1,0,unknown
39714,cellular,27,may,223,3,89,2,failure
39715,cellular,27,may,76,3,103,5,success
39716,cellular,27,may,76,2,-1,0,unknown
39717,cellular,27,may,311,2,-1,0,unknown
39718,cellular,27,may,128,4,-1,0,unknown
39719,cellular,27,may,89,4,310,5,failure
39720,cellular,27,may,99,2,-1,0,unknown
39721,cellular,27,may,236,3,-1,0,unknown
39722,cellular,27,may,144,2,187,1,failure
39723,cellular,27,may,99,2,99,1,success
39724,cellular,27,may,187,2,71,1,success
39725,telephone,27,may,186,2,-1,0,unknown
39726,telephone,27,may,86,4,-1,0,unknown
39727,cellular,28,may,158,2,-1,0,unknown
39728,cellular,28,may,162,7,-1,0,unknown
39729,cellular,28,may,513,9,-1,0,unknown
39730,cellular,28,may,110,2,-1,0,unknown
39731,cellular,28,may,322,3,-1,0,unknown
39732,cellular,28,may,210,2,100,1,success
39733,cellular,28,may,568,8,-1,0,unknown
39734,cellular,28,may,294,2,309,2,failure
39735,cellular,28,may,77,1,100,1,failure
39736,cellular,28,may,85,1,-1,0,unknown
39737,cellular,28,may,48,4,-1,0,unknown
39738,cellular,28,may,93,3,-1,0,unknown
39739,cellular,28,may,121,6,-1,0,unknown
39740,cellular,28,may,331,1,-1,0,unknown
39741,cellular,28,may,188,3,10,1,failure
39742,cellular,28,may,95,3,-1,0,unknown
39743,cellular,28,may,135,3,-1,0,unknown
39744,cellular,28,may,414,3,-1,0,unknown
39745,cellular,28,may,361,2,-1,0,unknown
39746,cellular,28,may,142,3,-1,0,unknown
39747,cellular,28,may,95,3,-1,0,unknown
39748,cellular,28,may,61,2,-1,0,unknown
39749,telephone,28,may,32,2,-1,0,unknown
39750,cellular,28,may,141,3,-1,0,unknown
39751,telephone,28,may,71,1,90,1,other
39752,cellular,1,jun,324,3,90,2,success
39753,cellular,1,jun,113,1,-1,0,unknown
39754,cellular,1,jun,295,1,-1,0,unknown
39755,cellular,1,jun,108,1,94,2,other
39756,cellular,1,jun,201,1,-1,0,unknown
39757,cellular,1,jun,71,1,-1,0,unknown
39758,cellular,1,jun,264,1,-1,0,unknown
39759,cellular,1,jun,110,1,-1,0,unknown
39760,cellular,1,jun,190,1,84,1,failure
39761,cellular,1,jun,377,1,-1,0,unknown
39762,cellular,1,jun,205,1,95,1,success
39763,cellular,1,jun,287,1,-1,0,unknown
39764,cellular,1,jun,212,1,-1,0,unknown
39765,cellular,1,jun,346,1,-1,0,unknown
39766,cellular,1,jun,263,1,-1,0,unknown
39767,cellular,1,jun,129,1,314,2,failure
39768,cellular,1,jun,154,1,-1,0,unknown
39769,cellular,1,jun,175,1,-1,0,unknown
39770,cellular,1,jun,814,1,80,2,success
39771,cellular,1,jun,67,1,41,1,failure
39772,cellular,1,jun,65,1,-1,0,unknown
39773,cellular,1,jun,166,2,-1,0,unknown
39774,cellular,1,jun,327,1,-1,0,unknown
39775,cellular,1,jun,69,1,293,7,failure
39776,cellular,1,jun,353,1,-1,0,unknown
39777,telephone,1,jun,277,1,-1,0,unknown
39778,cellular,1,jun,244,2,-1,0,unknown
39779,cellular,1,jun,84,1,-1,0,unknown
39780,cellular,1,jun,326,1,-1,0,unknown
39781,cellular,1,jun,119,1,20,5,failure
39782,cellular,1,jun,285,1,-1,0,unknown
39783,cellular,1,jun,161,2,-1,0,unknown
39784,cellular,1,jun,165,1,124,1,other
39785,cellular,1,jun,459,1,196,1,failure
39786,cellular,1,jun,1460,1,-1,0,unknown
39787,cellular,1,jun,1048,1,-1,0,unknown
39788,cellular,1,jun,781,1,-1,0,unknown
39789,cellular,1,jun,233,1,348,1,success
39790,cellular,1,jun,335,2,-1,0,unknown
39791,cellular,1,jun,412,2,-1,0,unknown
39792,cellular,1,jun,177,2,-1,0,unknown
39793,cellular,1,jun,251,1,90,1,success
39794,cellular,1,jun,106,1,91,1,success
39795,cellular,1,jun,144,1,83,1,failure
39796,cellular,1,jun,93,1,347,1,success
39797,telephone,1,jun,153,1,-1,0,unknown
39798,cellular,1,jun,128,1,192,1,failure
39799,cellular,1,jun,339,1,-1,0,unknown
39800,cellular,1,jun,151,1,69,1,failure
39801,cellular,1,jun,128,1,83,1,success
39802,cellular,1,jun,388,1,-1,0,unknown
39803,cellular,1,jun,180,1,-1,0,unknown
39804,cellular,1,jun,87,2,-1,0,unknown
39805,telephone,1,jun,192,1,-1,0,unknown
39806,cellular,1,jun,761,2,-1,0,unknown
39807,cellular,1,jun,262,1,-1,0,unknown
39808,cellular,1,jun,141,1,-1,0,unknown
39809,cellular,1,jun,161,1,39,1,failure
39810,cellular,1,jun,153,1,-1,0,unknown
39811,cellular,1,jun,174,1,81,2,success
39812,telephone,1,jun,89,1,119,1,failure
39813,cellular,1,jun,114,1,38,2,other
39814,cellular,1,jun,450,1,196,1,failure
39815,cellular,1,jun,111,1,119,4,other
39816,cellular,1,jun,192,1,-1,0,unknown
39817,cellular,1,jun,215,2,-1,0,unknown
39818,cellular,1,jun,235,1,-1,0,unknown
39819,cellular,1,jun,232,2,-1,0,unknown
39820,cellular,1,jun,1087,1,-1,0,unknown
39821,cellular,1,jun,253,1,-1,0,unknown
39822,telephone,1,jun,182,1,-1,0,unknown
39823,cellular,1,jun,1144,2,-1,0,unknown
39824,telephone,1,jun,336,2,-1,0,unknown
39825,telephone,1,jun,53,2,-1,0,unknown
39826,cellular,1,jun,220,1,28,8,other
39827,cellular,1,jun,195,3,-1,0,unknown
39828,cellular,1,jun,373,2,-1,0,unknown
39829,cellular,1,jun,78,2,-1,0,unknown
39830,cellular,1,jun,134,1,-1,0,unknown
39831,cellular,1,jun,181,1,-1,0,unknown
39832,telephone,1,jun,55,2,82,1,other
39833,cellular,1,jun,95,2,-1,0,unknown
39834,cellular,1,jun,113,2,-1,0,unknown
39835,cellular,1,jun,314,1,-1,0,unknown
39836,cellular,1,jun,206,1,192,1,failure
39837,cellular,1,jun,288,1,-1,0,unknown
39838,cellular,2,jun,327,1,-1,0,unknown
39839,cellular,2,jun,93,2,-1,0,unknown
39840,cellular,2,jun,163,2,84,1,success
39841,cellular,2,jun,111,1,-1,0,unknown
39842,cellular,2,jun,149,1,-1,0,unknown
39843,telephone,2,jun,23,1,-1,0,unknown
39844,cellular,2,jun,106,1,-1,0,unknown
39845,cellular,2,jun,101,1,92,5,success
39846,cellular,2,jun,257,3,-1,0,unknown
39847,cellular,2,jun,479,1,-1,0,unknown
39848,cellular,2,jun,143,1,281,5,other
39849,cellular,2,jun,395,1,-1,0,unknown
39850,cellular,2,jun,154,1,194,3,failure
39851,cellular,2,jun,107,1,-1,0,unknown
39852,cellular,2,jun,350,1,-1,0,unknown
39853,cellular,2,jun,126,1,120,1,failure
39854,cellular,2,jun,282,2,385,1,success
39855,cellular,2,jun,118,2,81,1,success
39856,cellular,2,jun,199,1,96,2,success
39857,cellular,2,jun,115,1,-1,0,unknown
39858,cellular,2,jun,368,2,-1,0,unknown
39859,cellular,2,jun,294,1,-1,0,unknown
39860,cellular,2,jun,177,2,301,2,failure
39861,cellular,2,jun,64,1,-1,0,unknown
39862,cellular,2,jun,84,1,-1,0,unknown
39863,cellular,2,jun,690,1,-1,0,unknown
39864,cellular,2,jun,297,1,28,3,failure
39865,cellular,2,jun,384,1,-1,0,unknown
39866,cellular,2,jun,596,1,-1,0,unknown
39867,cellular,2,jun,654,1,95,1,failure
39868,cellular,2,jun,144,1,-1,0,unknown
39869,cellular,2,jun,88,1,95,2,success
39870,telephone,2,jun,50,2,120,1,other
39871,cellular,2,jun,88,1,-1,0,unknown
39872,cellular,2,jun,169,1,-1,0,unknown
39873,cellular,2,jun,395,1,-1,0,unknown
39874,cellular,2,jun,195,1,-1,0,unknown
39875,cellular,2,jun,103,1,67,4,success
39876,cellular,2,jun,167,1,298,10,other
39877,cellular,2,jun,253,1,-1,0,unknown
39878,cellular,2,jun,225,1,82,1,success
39879,cellular,2,jun,417,1,-1,0,unknown
39880,cellular,2,jun,135,1,-1,0,unknown
39881,cellular,2,jun,160,2,-1,0,unknown
39882,cellular,2,jun,162,2,28,15,failure
39883,cellular,2,jun,136,1,96,3,failure
39884,telephone,2,jun,270,1,-1,0,unknown
39885,cellular,2,jun,138,1,-1,0,unknown
39886,telephone,2,jun,421,2,-1,0,unknown
39887,cellular,2,jun,100,1,-1,0,unknown
39888,cellular,2,jun,171,3,-1,0,unknown
39889,cellular,2,jun,271,2,92,4,success
39890,cellular,2,jun,163,1,95,2,failure
39891,cellular,2,jun,74,2,-1,0,unknown
39892,telephone,2,jun,108,4,-1,0,unknown
39893,cellular,2,jun,91,1,-1,0,unknown
39894,cellular,2,jun,310,1,-1,0,unknown
39895,cellular,2,jun,712,1,60,3,failure
39896,cellular,2,jun,74,1,120,1,success
39897,telephone,2,jun,128,1,-1,0,unknown
39898,telephone,2,jun,392,2,-1,0,unknown
39899,cellular,2,jun,84,1,-1,0,unknown
39900,cellular,2,jun,392,1,-1,0,unknown
39901,cellular,2,jun,369,1,-1,0,unknown
39902,cellular,2,jun,217,1,-1,0,unknown
39903,cellular,2,jun,116,1,-1,0,unknown
39904,telephone,2,jun,79,1,60,2,other
39905,cellular,2,jun,318,1,95,7,success
39906,cellular,2,jun,116,2,-1,0,unknown
39907,cellular,2,jun,211,1,-1,0,unknown
39908,cellular,2,jun,261,2,-1,0,unknown
39909,cellular,2,jun,56,1,-1,0,unknown
39910,cellular,2,jun,245,1,-1,0,unknown
39911,cellular,2,jun,142,1,-1,0,unknown
39912,cellular,2,jun,673,1,-1,0,unknown
39913,cellular,2,jun,263,1,368,3,failure
39914,cellular,2,jun,154,1,-1,0,unknown
39915,cellular,2,jun,696,1,27,2,failure
39916,cellular,2,jun,352,1,56,2,failure
39917,cellular,2,jun,159,1,84,2,failure
39918,cellular,2,jun,118,1,60,1,failure
39919,cellular,2,jun,210,1,-1,0,unknown
39920,cellular,2,jun,310,1,55,6,other
39921,cellular,2,jun,482,2,-1,0,unknown
39922,cellular,2,jun,224,1,-1,0,unknown
39923,cellular,2,jun,221,1,-1,0,unknown
39924,cellular,2,jun,147,3,78,2,failure
39925,cellular,2,jun,924,2,113,21,success
39926,cellular,2,jun,130,1,-1,0,unknown
39927,cellular,2,jun,130,1,-1,0,unknown
39928,cellular,2,jun,72,1,-1,0,unknown
39929,cellular,2,jun,59,2,-1,0,unknown
39930,cellular,2,jun,95,5,-1,0,unknown
39931,cellular,2,jun,253,2,-1,0,unknown
39932,telephone,2,jun,306,2,-1,0,unknown
39933,cellular,2,jun,77,3,-1,0,unknown
39934,cellular,2,jun,112,2,-1,0,unknown
39935,cellular,2,jun,80,1,92,1,failure
39936,cellular,2,jun,212,1,-1,0,unknown
39937,cellular,2,jun,192,1,-1,0,unknown
39938,cellular,2,jun,96,2,-1,0,unknown
39939,cellular,2,jun,181,3,293,2,failure
39940,cellular,2,jun,132,4,-1,0,unknown
39941,cellular,2,jun,76,3,-1,0,unknown
39942,cellular,2,jun,250,2,-1,0,unknown
39943,cellular,2,jun,146,2,-1,0,unknown
39944,cellular,2,jun,189,2,-1,0,unknown
39945,cellular,2,jun,269,1,92,2,failure
39946,cellular,2,jun,102,4,96,2,failure
39947,cellular,2,jun,236,2,-1,0,unknown
39948,cellular,2,jun,122,2,91,8,failure
39949,cellular,2,jun,145,2,-1,0,unknown
39950,cellular,2,jun,71,3,-1,0,unknown
39951,cellular,2,jun,163,1,55,2,failure
39952,cellular,2,jun,541,3,-1,0,unknown
39953,cellular,3,jun,262,2,71,1,success
39954,telephone,3,jun,206,4,-1,0,unknown
39955,cellular,3,jun,115,2,86,2,success
39956,cellular,3,jun,206,3,-1,0,unknown
39957,cellular,3,jun,406,2,-1,0,unknown
39958,cellular,3,jun,244,2,-1,0,unknown
39959,cellular,3,jun,592,4,-1,0,unknown
39960,cellular,3,jun,508,1,-1,0,unknown
39961,telephone,3,jun,437,1,-1,0,unknown
39962,cellular,3,jun,192,1,-1,0,unknown
39963,cellular,3,jun,136,1,-1,0,unknown
39964,cellular,3,jun,68,1,-1,0,unknown
39965,cellular,3,jun,123,1,-1,0,unknown
39966,cellular,3,jun,313,2,-1,0,unknown
39967,cellular,3,jun,137,3,-1,0,unknown
39968,cellular,3,jun,705,1,195,1,failure
39969,cellular,3,jun,96,1,125,2,failure
39970,cellular,3,jun,198,1,-1,0,unknown
39971,cellular,3,jun,200,1,-1,0,unknown
39972,cellular,3,jun,117,1,-1,0,unknown
39973,cellular,3,jun,210,2,-1,0,unknown
39974,cellular,3,jun,171,1,-1,0,unknown
39975,cellular,3,jun,321,1,-1,0,unknown
39976,cellular,3,jun,296,4,-1,0,unknown
39977,cellular,3,jun,86,1,-1,0,unknown
39978,cellular,3,jun,411,1,-1,0,unknown
39979,cellular,3,jun,593,1,-1,0,unknown
39980,cellular,3,jun,101,1,-1,0,unknown
39981,cellular,3,jun,138,1,-1,0,unknown
39982,cellular,3,jun,165,1,-1,0,unknown
39983,cellular,3,jun,88,2,-1,0,unknown
39984,cellular,3,jun,224,2,-1,0,unknown
39985,telephone,3,jun,116,2,121,1,failure
39986,cellular,3,jun,340,1,119,1,failure
39987,cellular,3,jun,88,1,-1,0,unknown
39988,cellular,3,jun,591,2,-1,0,unknown
39989,cellular,3,jun,90,1,-1,0,unknown
39990,cellular,3,jun,385,2,96,5,success
39991,cellular,3,jun,2219,1,28,2,failure
39992,cellular,3,jun,240,1,307,10,other
39993,cellular,3,jun,126,1,44,4,failure
39994,cellular,3,jun,467,1,-1,0,unknown
39995,cellular,3,jun,107,1,-1,0,unknown
39996,cellular,3,jun,238,3,-1,0,unknown
39997,cellular,3,jun,170,1,-1,0,unknown
39998,cellular,3,jun,342,1,90,7,other
39999,cellular,3,jun,113,1,119,1,failure
40000,cellular,3,jun,170,1,-1,0,unknown
40001,cellular,3,jun,74,2,90,2,failure
40002,cellular,3,jun,65,1,96,1,failure
40003,cellular,3,jun,151,1,-1,0,unknown
40004,cellular,3,jun,273,1,-1,0,unknown
40005,cellular,3,jun,539,1,-1,0,unknown
40006,cellular,3,jun,138,2,85,1,success
40007,cellular,3,jun,157,1,-1,0,unknown
40008,cellular,3,jun,1361,1,391,1,failure
40009,cellular,3,jun,254,1,96,2,failure
40010,cellular,3,jun,180,1,-1,0,unknown
40011,cellular,3,jun,198,1,-1,0,unknown
40012,cellular,3,jun,447,2,96,1,success
40013,cellular,3,jun,247,2,-1,0,unknown
40014,cellular,3,jun,136,6,83,5,success
40015,cellular,3,jun,167,1,-1,0,unknown
40016,cellular,3,jun,74,3,-1,0,unknown
40017,cellular,3,jun,102,1,-1,0,unknown
40018,cellular,3,jun,300,2,72,1,success
40019,cellular,3,jun,200,1,-1,0,unknown
40020,cellular,3,jun,97,1,-1,0,unknown
40021,cellular,3,jun,343,1,-1,0,unknown
40022,cellular,3,jun,156,3,-1,0,unknown
40023,cellular,3,jun,699,1,119,1,failure
40024,cellular,3,jun,42,1,-1,0,unknown
40025,cellular,3,jun,431,2,119,9,failure
40026,cellular,3,jun,161,2,-1,0,unknown
40027,cellular,3,jun,175,3,-1,0,unknown
40028,cellular,3,jun,124,1,34,2,failure
40029,cellular,3,jun,656,1,-1,0,unknown
40030,cellular,3,jun,77,2,391,2,other
40031,cellular,3,jun,837,1,-1,0,unknown
40032,cellular,3,jun,334,3,79,3,other
40033,cellular,3,jun,725,2,93,1,success
40034,cellular,3,jun,144,2,-1,0,unknown
40035,cellular,3,jun,617,2,-1,0,unknown
40036,cellular,3,jun,140,2,-1,0,unknown
40037,cellular,3,jun,178,2,-1,0,unknown
40038,cellular,3,jun,150,2,-1,0,unknown
40039,cellular,3,jun,1076,2,85,3,other
40040,cellular,3,jun,213,1,-1,0,unknown
40041,cellular,3,jun,266,1,27,1,failure
40042,cellular,3,jun,78,2,44,2,failure
40043,cellular,3,jun,114,1,-1,0,unknown
40044,cellular,3,jun,203,2,-1,0,unknown
40045,telephone,3,jun,34,2,-1,0,unknown
40046,cellular,3,jun,295,4,-1,0,unknown
40047,cellular,3,jun,187,1,20,1,other
40048,telephone,3,jun,218,5,-1,0,unknown
40049,cellular,4,jun,510,3,-1,0,unknown
40050,cellular,4,jun,125,2,-1,0,unknown
40051,cellular,4,jun,153,1,309,3,other
40052,cellular,4,jun,277,3,-1,0,unknown
40053,cellular,4,jun,328,2,94,4,success
40054,cellular,4,jun,262,2,-1,0,unknown
40055,cellular,4,jun,280,2,126,11,failure
40056,cellular,4,jun,207,1,-1,0,unknown
40057,cellular,4,jun,94,2,-1,0,unknown
40058,cellular,4,jun,106,1,79,3,success
40059,cellular,4,jun,176,1,91,2,success
40060,cellular,4,jun,449,1,-1,0,unknown
40061,cellular,4,jun,182,1,-1,0,unknown
40062,cellular,4,jun,111,2,78,2,failure
40063,cellular,4,jun,224,1,-1,0,unknown
40064,cellular,4,jun,151,1,-1,0,unknown
40065,cellular,4,jun,400,1,-1,0,unknown
40066,cellular,4,jun,80,1,-1,0,unknown
40067,cellular,4,jun,217,1,-1,0,unknown
40068,cellular,4,jun,160,1,-1,0,unknown
40069,cellular,4,jun,144,1,-1,0,unknown
40070,cellular,4,jun,352,2,122,2,failure
40071,cellular,4,jun,787,1,-1,0,unknown
40072,cellular,4,jun,323,1,80,14,other
40073,cellular,4,jun,78,1,-1,0,unknown
40074,cellular,4,jun,160,1,119,2,other
40075,cellular,4,jun,221,1,126,1,failure
40076,cellular,4,jun,156,1,85,3,failure
40077,cellular,4,jun,194,1,-1,0,unknown
40078,cellular,4,jun,105,1,-1,0,unknown
40079,cellular,4,jun,96,2,98,1,success
40080,cellular,4,jun,94,2,-1,0,unknown
40081,cellular,4,jun,136,1,-1,0,unknown
40082,cellular,4,jun,81,2,391,3,failure
40083,cellular,4,jun,102,2,297,3,failure
40084,cellular,4,jun,327,3,77,3,success
40085,cellular,4,jun,147,1,119,3,failure
40086,cellular,4,jun,121,4,-1,0,unknown
40087,cellular,4,jun,89,2,-1,0,unknown
40088,cellular,4,jun,77,2,-1,0,unknown
40089,cellular,4,jun,217,2,94,1,success
40090,cellular,4,jun,112,1,-1,0,unknown
40091,cellular,4,jun,218,1,-1,0,unknown
40092,cellular,4,jun,422,1,79,4,other
40093,cellular,4,jun,1161,1,97,2,success
40094,cellular,4,jun,113,1,-1,0,unknown
40095,cellular,4,jun,442,3,-1,0,unknown
40096,cellular,4,jun,352,1,-1,0,unknown
40097,cellular,4,jun,246,1,196,2,success
40098,telephone,4,jun,143,1,-1,0,unknown
40099,telephone,4,jun,247,2,-1,0,unknown
40100,cellular,4,jun,216,2,-1,0,unknown
40101,cellular,4,jun,124,2,-1,0,unknown
40102,cellular,4,jun,578,2,-1,0,unknown
40103,cellular,4,jun,282,3,126,3,failure
40104,cellular,4,jun,156,2,17,3,other
40105,cellular,4,jun,94,1,-1,0,unknown
40106,cellular,4,jun,66,1,79,19,failure
40107,cellular,4,jun,73,1,107,1,failure
40108,cellular,4,jun,592,3,50,8,failure
40109,telephone,4,jun,125,5,-1,0,unknown
40110,telephone,4,jun,180,2,-1,0,unknown
40111,cellular,4,jun,114,3,-1,0,unknown
40112,telephone,4,jun,166,2,-1,0,unknown
40113,telephone,4,jun,111,3,-1,0,unknown
40114,cellular,4,jun,117,1,-1,0,unknown
40115,cellular,4,jun,101,3,-1,0,unknown
40116,cellular,4,jun,105,1,-1,0,unknown
40117,cellular,4,jun,207,1,-1,0,unknown
40118,cellular,4,jun,1094,1,-1,0,unknown
40119,cellular,5,jun,174,2,80,1,success
40120,telephone,5,jun,133,4,-1,0,unknown
40121,cellular,5,jun,133,1,-1,0,unknown
40122,cellular,5,jun,397,1,-1,0,unknown
40123,cellular,5,jun,264,1,-1,0,unknown
40124,cellular,5,jun,324,1,87,1,success
40125,cellular,5,jun,155,1,-1,0,unknown
40126,cellular,5,jun,169,1,-1,0,unknown
40127,cellular,5,jun,275,1,-1,0,unknown
40128,cellular,5,jun,199,1,86,7,success
40129,cellular,5,jun,255,1,-1,0,unknown
40130,cellular,5,jun,232,1,-1,0,unknown
40131,cellular,5,jun,462,1,-1,0,unknown
40132,cellular,5,jun,255,2,-1,0,unknown
40133,cellular,5,jun,247,3,-1,0,unknown
40134,telephone,5,jun,109,1,-1,0,unknown
40135,telephone,5,jun,227,1,-1,0,unknown
40136,cellular,5,jun,398,2,-1,0,unknown
40137,cellular,5,jun,206,1,99,1,failure
40138,telephone,5,jun,302,1,-1,0,unknown
40139,cellular,5,jun,149,1,94,1,success
40140,cellular,5,jun,191,1,-1,0,unknown
40141,cellular,5,jun,317,1,-1,0,unknown
40142,cellular,5,jun,1543,1,-1,0,unknown
40143,cellular,5,jun,207,1,-1,0,unknown
40144,cellular,5,jun,493,2,-1,0,unknown
40145,cellular,5,jun,77,1,-1,0,unknown
40146,cellular,5,jun,509,1,-1,0,unknown
40147,cellular,5,jun,133,1,67,2,failure
40148,cellular,5,jun,329,1,94,3,success
40149,cellular,5,jun,657,1,-1,0,unknown
40150,cellular,5,jun,365,3,57,2,other
40151,telephone,5,jun,145,1,-1,0,unknown
40152,cellular,5,jun,159,2,-1,0,unknown
40153,cellular,5,jun,276,2,-1,0,unknown
40154,cellular,5,jun,213,2,-1,0,unknown
40155,cellular,5,jun,604,1,-1,0,unknown
40156,telephone,5,jun,153,1,-1,0,unknown
40157,telephone,5,jun,522,3,-1,0,unknown
40158,cellular,5,jun,76,2,123,1,failure
40159,cellular,5,jun,227,1,-1,0,unknown
40160,cellular,5,jun,471,2,-1,0,unknown
40161,cellular,5,jun,92,2,-1,0,unknown
40162,telephone,5,jun,329,1,95,1,other
40163,cellular,5,jun,207,2,98,1,success
40164,cellular,5,jun,263,2,-1,0,unknown
40165,cellular,5,jun,57,2,304,1,failure
40166,cellular,5,jun,577,3,-1,0,unknown
40167,cellular,5,jun,271,2,92,2,success
40168,cellular,5,jun,455,3,-1,0,unknown
40169,cellular,5,jun,103,2,95,1,other
40170,telephone,5,jun,366,1,-1,0,unknown
40171,cellular,5,jun,201,2,-1,0,unknown
40172,cellular,5,jun,166,2,-1,0,unknown
40173,cellular,5,jun,89,2,-1,0,unknown
40174,cellular,5,jun,58,2,-1,0,unknown
40175,cellular,5,jun,548,2,-1,0,unknown
40176,cellular,5,jun,96,2,-1,0,unknown
40177,cellular,5,jun,438,2,-1,0,unknown
40178,cellular,5,jun,138,2,-1,0,unknown
40179,telephone,5,jun,614,2,-1,0,unknown
40180,telephone,5,jun,303,2,-1,0,unknown
40181,cellular,5,jun,110,2,-1,0,unknown
40182,cellular,5,jun,304,2,91,1,success
40183,cellular,5,jun,126,2,91,1,success
40184,cellular,5,jun,244,7,-1,0,unknown
40185,cellular,5,jun,157,2,-1,0,unknown
40186,cellular,5,jun,151,2,-1,0,unknown
40187,telephone,5,jun,800,2,-1,0,unknown
40188,telephone,5,jun,113,1,-1,0,unknown
40189,cellular,5,jun,200,2,-1,0,unknown
40190,cellular,8,jun,143,2,-1,0,unknown
40191,cellular,8,jun,130,5,-1,0,unknown
40192,cellular,8,jun,58,2,-1,0,unknown
40193,cellular,8,jun,97,4,-1,0,unknown
40194,cellular,8,jun,86,1,-1,0,unknown
40195,cellular,8,jun,98,2,-1,0,unknown
40196,cellular,8,jun,257,2,97,1,success
40197,cellular,8,jun,152,2,89,2,success
40198,cellular,8,jun,252,5,-1,0,unknown
40199,cellular,8,jun,148,2,101,1,success
40200,cellular,8,jun,107,3,-1,0,unknown
40201,cellular,8,jun,127,3,130,2,failure
40202,cellular,8,jun,139,2,-1,0,unknown
40203,cellular,8,jun,138,3,-1,0,unknown
40204,cellular,8,jun,458,6,-1,0,unknown
40205,cellular,8,jun,301,3,-1,0,unknown
40206,cellular,8,jun,84,2,-1,0,unknown
40207,cellular,8,jun,243,4,-1,0,unknown
40208,cellular,8,jun,200,4,-1,0,unknown
40209,cellular,9,jun,98,3,-1,0,unknown
40210,cellular,9,jun,431,3,102,1,success
40211,cellular,9,jun,106,4,-1,0,unknown
40212,cellular,9,jun,234,2,83,2,success
40213,cellular,9,jun,100,2,-1,0,unknown
40214,cellular,9,jun,337,3,-1,0,unknown
40215,cellular,9,jun,835,2,-1,0,unknown
40216,cellular,9,jun,67,2,202,3,failure
40217,cellular,9,jun,239,4,-1,0,unknown
40218,cellular,9,jun,993,4,85,4,success
40219,cellular,9,jun,529,2,-1,0,unknown
40220,cellular,9,jun,183,2,294,2,failure
40221,cellular,9,jun,103,4,-1,0,unknown
40222,telephone,9,jun,221,7,-1,0,unknown
40223,cellular,12,jun,105,4,318,6,failure
40224,cellular,12,jun,127,2,-1,0,unknown
40225,telephone,12,jun,137,3,113,1,other
40226,cellular,12,jun,239,2,95,4,success
40227,cellular,12,jun,230,2,-1,0,unknown
40228,cellular,12,jun,186,2,-1,0,unknown
40229,cellular,12,jun,175,2,319,2,other
40230,cellular,12,jun,80,3,105,1,failure
40231,cellular,12,jun,126,6,-1,0,unknown
40232,cellular,12,jun,69,4,-1,0,unknown
40233,cellular,12,jun,95,7,357,2,failure
40234,cellular,12,jun,234,7,330,1,failure
40235,cellular,12,jun,136,3,101,1,success
40236,cellular,12,jun,177,3,-1,0,unknown
40237,cellular,12,jun,110,2,-1,0,unknown
40238,cellular,12,jun,139,5,-1,0,unknown
40239,cellular,12,jun,39,3,-1,0,unknown
40240,telephone,15,jun,94,2,-1,0,unknown
40241,telephone,15,jun,263,4,-1,0,unknown
40242,cellular,15,jun,294,3,-1,0,unknown
40243,cellular,15,jun,54,3,-1,0,unknown
40244,cellular,15,jun,491,2,207,1,other
40245,cellular,15,jun,532,2,98,2,other
40246,cellular,15,jun,268,1,-1,0,unknown
40247,cellular,15,jun,441,1,56,1,other
40248,cellular,15,jun,439,1,-1,0,unknown
40249,cellular,15,jun,151,1,-1,0,unknown
40250,cellular,15,jun,292,1,-1,0,unknown
40251,cellular,15,jun,92,2,312,2,failure
40252,cellular,15,jun,114,1,-1,0,unknown
40253,cellular,15,jun,95,1,-1,0,unknown
40254,cellular,15,jun,147,1,-1,0,unknown
40255,cellular,15,jun,181,1,-1,0,unknown
40256,cellular,15,jun,139,1,-1,0,unknown
40257,telephone,15,jun,351,6,-1,0,unknown
40258,cellular,15,jun,372,1,-1,0,unknown
40259,cellular,15,jun,135,1,-1,0,unknown
40260,cellular,15,jun,288,1,-1,0,unknown
40261,cellular,15,jun,92,1,301,6,failure
40262,cellular,15,jun,177,1,-1,0,unknown
40263,cellular,15,jun,41,2,-1,0,unknown
40264,cellular,15,jun,415,1,89,1,success
40265,cellular,15,jun,74,1,-1,0,unknown
40266,cellular,15,jun,157,1,-1,0,unknown
40267,cellular,15,jun,382,2,-1,0,unknown
40268,cellular,15,jun,24,1,-1,0,unknown
40269,cellular,15,jun,104,1,-1,0,unknown
40270,cellular,15,jun,257,1,-1,0,unknown
40271,cellular,15,jun,64,1,89,3,other
40272,cellular,15,jun,592,1,-1,0,unknown
40273,cellular,15,jun,88,2,-1,0,unknown
40274,cellular,15,jun,181,2,-1,0,unknown
40275,cellular,15,jun,284,1,-1,0,unknown
40276,cellular,15,jun,651,1,-1,0,unknown
40277,cellular,15,jun,220,1,207,1,other
40278,cellular,15,jun,188,1,-1,0,unknown
40279,cellular,15,jun,155,1,105,1,failure
40280,cellular,15,jun,74,1,108,1,other
40281,cellular,15,jun,95,1,-1,0,unknown
40282,cellular,15,jun,322,1,90,1,success
40283,telephone,15,jun,94,2,-1,0,unknown
40284,cellular,15,jun,60,1,390,1,failure
40285,cellular,15,jun,175,1,67,3,other
40286,cellular,15,jun,108,1,32,1,failure
40287,cellular,15,jun,60,1,-1,0,unknown
40288,cellular,15,jun,108,1,-1,0,unknown
40289,cellular,15,jun,89,2,-1,0,unknown
40290,cellular,15,jun,75,2,-1,0,unknown
40291,cellular,15,jun,29,1,-1,0,unknown
40292,cellular,15,jun,83,4,-1,0,unknown
40293,cellular,15,jun,79,1,-1,0,unknown
40294,cellular,15,jun,173,1,-1,0,unknown
40295,cellular,15,jun,77,1,-1,0,unknown
40296,cellular,15,jun,318,3,-1,0,unknown
40297,cellular,15,jun,205,2,81,4,other
40298,cellular,15,jun,129,1,-1,0,unknown
40299,cellular,16,jun,162,2,-1,0,unknown
40300,cellular,16,jun,298,3,-1,0,unknown
40301,cellular,16,jun,136,2,-1,0,unknown
40302,cellular,16,jun,263,2,-1,0,unknown
40303,telephone,16,jun,161,2,-1,0,unknown
40304,cellular,16,jun,214,1,-1,0,unknown
40305,cellular,16,jun,245,2,-1,0,unknown
40306,cellular,16,jun,202,1,-1,0,unknown
40307,cellular,16,jun,399,1,-1,0,unknown
40308,cellular,16,jun,355,1,-1,0,unknown
40309,cellular,16,jun,281,1,-1,0,unknown
40310,cellular,16,jun,89,2,-1,0,unknown
40311,cellular,16,jun,250,1,-1,0,unknown
40312,cellular,16,jun,66,1,-1,0,unknown
40313,cellular,16,jun,102,1,85,1,failure
40314,telephone,16,jun,64,1,-1,0,unknown
40315,cellular,16,jun,459,2,-1,0,unknown
40316,cellular,16,jun,119,1,-1,0,unknown
40317,cellular,16,jun,229,1,-1,0,unknown
40318,telephone,16,jun,30,1,-1,0,unknown
40319,cellular,16,jun,79,2,-1,0,unknown
40320,cellular,16,jun,276,2,-1,0,unknown
40321,cellular,16,jun,404,3,92,5,failure
40322,cellular,16,jun,95,3,-1,0,unknown
40323,cellular,16,jun,162,3,-1,0,unknown
40324,cellular,16,jun,569,2,-1,0,unknown
40325,telephone,16,jun,55,2,-1,0,unknown
40326,cellular,17,jun,453,2,-1,0,unknown
40327,cellular,17,jun,49,2,134,1,failure
40328,cellular,17,jun,181,2,-1,0,unknown
40329,cellular,17,jun,54,4,-1,0,unknown
40330,cellular,17,jun,243,3,91,6,success
40331,cellular,17,jun,208,4,-1,0,unknown
40332,cellular,17,jun,151,7,62,4,failure
40333,cellular,17,jun,94,6,-1,0,unknown
40334,cellular,18,jun,393,2,-1,0,unknown
40335,cellular,18,jun,140,2,-1,0,unknown
40336,telephone,18,jun,390,15,-1,0,unknown
40337,cellular,18,jun,813,4,-1,0,unknown
40338,cellular,18,jun,201,3,-1,0,unknown
40339,cellular,18,jun,235,3,-1,0,unknown
40340,cellular,18,jun,88,3,-1,0,unknown
40341,cellular,18,jun,754,3,-1,0,unknown
40342,telephone,18,jun,1603,10,-1,0,unknown
40343,cellular,18,jun,133,2,399,3,failure
40344,cellular,18,jun,259,2,-1,0,unknown
40345,cellular,18,jun,270,2,314,2,failure
40346,telephone,18,jun,280,6,92,5,other
40347,telephone,19,jun,1321,3,-1,0,unknown
40348,cellular,19,jun,63,5,211,2,failure
40349,telephone,19,jun,293,5,211,2,failure
40350,cellular,19,jun,474,3,95,3,other
40351,telephone,19,jun,79,9,-1,0,unknown
40352,cellular,19,jun,241,5,-1,0,unknown
40353,cellular,19,jun,140,2,-1,0,unknown
40354,telephone,19,jun,177,2,-1,0,unknown
40355,cellular,22,jun,295,3,-1,0,unknown
40356,cellular,22,jun,457,3,-1,0,unknown
40357,cellular,22,jun,177,5,138,1,failure
40358,cellular,22,jun,136,1,95,1,failure
40359,cellular,22,jun,111,5,-1,0,unknown
40360,cellular,22,jun,160,4,-1,0,unknown
40361,cellular,22,jun,271,2,-1,0,unknown
40362,cellular,22,jun,67,1,108,1,success
40363,telephone,22,jun,883,1,140,1,failure
40364,cellular,22,jun,115,1,-1,0,unknown
40365,cellular,22,jun,570,3,-1,0,unknown
40366,cellular,22,jun,269,1,104,1,success
40367,cellular,22,jun,524,1,-1,0,unknown
40368,cellular,22,jun,68,1,90,1,success
40369,cellular,22,jun,113,1,109,1,failure
40370,cellular,22,jun,983,1,-1,0,unknown
40371,telephone,22,jun,39,1,90,2,failure
40372,cellular,22,jun,69,4,-1,0,unknown
40373,cellular,22,jun,459,1,109,3,failure
40374,telephone,22,jun,295,3,-1,0,unknown
40375,cellular,22,jun,586,1,-1,0,unknown
40376,cellular,23,jun,124,1,105,1,failure
40377,cellular,23,jun,248,1,89,1,failure
40378,cellular,23,jun,205,3,-1,0,unknown
40379,cellular,23,jun,790,4,141,1,other
40380,cellular,23,jun,971,2,-1,0,unknown
40381,cellular,23,jun,201,1,-1,0,unknown
40382,cellular,23,jun,206,1,-1,0,unknown
40383,cellular,30,jun,128,1,-1,0,unknown
40384,cellular,30,jun,224,1,-1,0,unknown
40385,cellular,30,jun,122,1,64,1,failure
40386,cellular,30,jun,157,1,-1,0,unknown
40387,cellular,30,jun,103,1,-1,0,unknown
40388,telephone,30,jun,42,1,-1,0,unknown
40389,cellular,30,jun,166,1,-1,0,unknown
40390,cellular,30,jun,78,1,-1,0,unknown
40391,cellular,30,jun,160,1,-1,0,unknown
40392,cellular,30,jun,224,1,-1,0,unknown
40393,cellular,30,jun,377,1,-1,0,unknown
40394,cellular,1,jul,571,2,-1,0,unknown
40395,cellular,1,jul,132,2,-1,0,unknown
40396,cellular,1,jul,140,3,-1,0,unknown
40397,cellular,1,jul,148,2,-1,0,unknown
40398,cellular,1,jul,1057,1,393,4,success
40399,cellular,1,jul,291,2,-1,0,unknown
40400,cellular,1,jul,92,1,-1,0,unknown
40401,cellular,1,jul,260,2,65,1,success
40402,telephone,1,jul,372,1,-1,0,unknown
40403,telephone,1,jul,261,4,-1,0,unknown
40404,cellular,2,jul,260,2,-1,0,unknown
40405,cellular,2,jul,342,2,-1,0,unknown
40406,cellular,2,jul,97,1,377,2,failure
40407,telephone,2,jul,248,3,-1,0,unknown
40408,cellular,2,jul,275,1,-1,0,unknown
40409,cellular,2,jul,196,1,-1,0,unknown
40410,telephone,2,jul,139,1,125,2,other
40411,cellular,2,jul,356,1,-1,0,unknown
40412,telephone,2,jul,363,1,-1,0,unknown
40413,cellular,2,jul,218,1,-1,0,unknown
40414,cellular,2,jul,367,1,-1,0,unknown
40415,cellular,2,jul,82,1,77,3,success
40416,cellular,2,jul,146,1,91,6,failure
40417,cellular,2,jul,566,1,395,2,success
40418,cellular,2,jul,124,1,-1,0,unknown
40419,cellular,2,jul,309,1,-1,0,unknown
40420,cellular,2,jul,237,2,-1,0,unknown
40421,telephone,2,jul,711,1,342,1,failure
40422,cellular,2,jul,396,1,-1,0,unknown
40423,cellular,2,jul,109,1,-1,0,unknown
40424,cellular,2,jul,226,1,-1,0,unknown
40425,cellular,2,jul,154,1,388,1,failure
40426,cellular,2,jul,129,1,-1,0,unknown
40427,cellular,2,jul,317,1,330,2,failure
40428,cellular,2,jul,229,1,-1,0,unknown
40429,cellular,2,jul,281,1,-1,0,unknown
40430,cellular,2,jul,98,1,-1,0,unknown
40431,cellular,2,jul,148,1,-1,0,unknown
40432,cellular,2,jul,160,1,-1,0,unknown
40433,cellular,2,jul,590,1,225,3,failure
40434,cellular,2,jul,940,1,399,3,success
40435,cellular,2,jul,153,1,-1,0,unknown
40436,cellular,2,jul,478,2,-1,0,unknown
40437,cellular,2,jul,276,2,-1,0,unknown
40438,cellular,2,jul,503,2,147,5,success
40439,cellular,2,jul,135,2,49,3,failure
40440,cellular,2,jul,272,1,-1,0,unknown
40441,telephone,2,jul,176,1,-1,0,unknown
40442,cellular,3,jul,247,2,-1,0,unknown
40443,telephone,3,jul,353,2,-1,0,unknown
40444,cellular,3,jul,203,1,-1,0,unknown
40445,cellular,3,jul,194,1,-1,0,unknown
40446,cellular,3,jul,264,1,80,1,success
40447,cellular,3,jul,446,1,-1,0,unknown
40448,cellular,3,jul,122,1,72,1,failure
40449,cellular,3,jul,175,1,-1,0,unknown
40450,cellular,3,jul,222,1,-1,0,unknown
40451,cellular,3,jul,1007,6,-1,0,unknown
40452,cellular,3,jul,64,1,-1,0,unknown
40453,cellular,3,jul,409,2,-1,0,unknown
40454,cellular,3,jul,147,2,233,4,failure
40455,cellular,3,jul,603,1,-1,0,unknown
40456,cellular,3,jul,658,3,-1,0,unknown
40457,cellular,3,jul,438,2,389,1,other
40458,cellular,3,jul,897,3,-1,0,unknown
40459,cellular,3,jul,257,1,-1,0,unknown
40460,cellular,3,jul,531,3,-1,0,unknown
40461,cellular,3,jul,704,1,-1,0,unknown
40462,cellular,3,jul,473,1,-1,0,unknown
40463,telephone,3,jul,320,2,-1,0,unknown
40464,cellular,3,jul,69,3,-1,0,unknown
40465,cellular,3,jul,67,2,-1,0,unknown
40466,cellular,3,jul,837,3,-1,0,unknown
40467,cellular,3,jul,67,2,-1,0,unknown
40468,cellular,3,jul,112,2,324,2,other
40469,cellular,3,jul,318,4,317,3,failure
40470,cellular,3,jul,236,2,-1,0,unknown
40471,cellular,3,jul,59,7,-1,0,unknown
40472,cellular,3,jul,308,2,-1,0,unknown
40473,cellular,6,jul,413,5,-1,0,unknown
40474,cellular,6,jul,96,3,340,3,failure
40475,telephone,6,jul,116,3,-1,0,unknown
40476,cellular,6,jul,207,2,-1,0,unknown
40477,cellular,6,jul,270,3,-1,0,unknown
40478,cellular,6,jul,227,2,-1,0,unknown
40479,cellular,6,jul,316,4,-1,0,unknown
40480,cellular,6,jul,117,4,-1,0,unknown
40481,cellular,7,jul,429,1,-1,0,unknown
40482,cellular,7,jul,250,1,-1,0,unknown
40483,cellular,7,jul,139,1,391,2,failure
40484,cellular,7,jul,94,1,-1,0,unknown
40485,cellular,7,jul,106,1,-1,0,unknown
40486,cellular,7,jul,371,1,-1,0,unknown
40487,cellular,7,jul,98,2,347,4,failure
40488,cellular,7,jul,297,1,-1,0,unknown
40489,cellular,7,jul,284,1,-1,0,unknown
40490,cellular,7,jul,407,1,385,1,success
40491,telephone,7,jul,82,2,75,4,failure
40492,cellular,7,jul,112,1,78,1,failure
40493,cellular,7,jul,611,1,-1,0,unknown
40494,cellular,7,jul,445,1,-1,0,unknown
40495,cellular,7,jul,682,2,386,1,success
40496,cellular,7,jul,83,1,-1,0,unknown
40497,cellular,7,jul,180,2,-1,0,unknown
40498,cellular,7,jul,282,1,-1,0,unknown
40499,cellular,7,jul,1284,1,-1,0,unknown
40500,cellular,7,jul,58,1,-1,0,unknown
40501,cellular,7,jul,136,1,-1,0,unknown
40502,cellular,7,jul,376,1,-1,0,unknown
40503,cellular,7,jul,98,1,159,1,other
40504,cellular,7,jul,224,1,-1,0,unknown
40505,cellular,7,jul,529,1,61,3,success
40506,cellular,7,jul,370,1,412,1,failure
40507,cellular,7,jul,148,1,152,1,other
40508,cellular,7,jul,103,1,-1,0,unknown
40509,cellular,7,jul,495,2,-1,0,unknown
40510,cellular,7,jul,404,1,-1,0,unknown
40511,cellular,7,jul,321,1,-1,0,unknown
40512,cellular,7,jul,432,1,-1,0,unknown
40513,telephone,7,jul,876,1,-1,0,unknown
40514,telephone,7,jul,388,1,-1,0,unknown
40515,cellular,7,jul,170,1,-1,0,unknown
40516,telephone,7,jul,257,1,-1,0,unknown
40517,cellular,7,jul,159,2,-1,0,unknown
40518,cellular,7,jul,112,2,-1,0,unknown
40519,cellular,8,jul,452,2,-1,0,unknown
40520,cellular,8,jul,105,1,82,2,failure
40521,cellular,8,jul,167,1,62,1,failure
40522,cellular,8,jul,361,1,229,2,failure
40523,cellular,8,jul,341,1,385,1,failure
40524,telephone,8,jul,1006,2,-1,0,unknown
40525,cellular,8,jul,665,1,-1,0,unknown
40526,cellular,8,jul,896,2,-1,0,unknown
40527,cellular,8,jul,113,1,-1,0,unknown
40528,cellular,8,jul,340,1,156,1,other
40529,cellular,8,jul,194,1,391,2,success
40530,cellular,8,jul,115,1,61,1,failure
40531,cellular,8,jul,335,1,-1,0,unknown
40532,cellular,8,jul,188,2,82,4,other
40533,cellular,8,jul,625,1,156,1,failure
40534,cellular,8,jul,106,1,-1,0,unknown
40535,telephone,8,jul,154,1,-1,0,unknown
40536,cellular,8,jul,74,1,-1,0,unknown
40537,cellular,8,jul,349,1,-1,0,unknown
40538,telephone,8,jul,167,1,-1,0,unknown
40539,cellular,8,jul,83,1,-1,0,unknown
40540,cellular,8,jul,243,1,348,3,failure
40541,cellular,8,jul,117,1,-1,0,unknown
40542,cellular,8,jul,90,3,-1,0,unknown
40543,telephone,8,jul,576,1,-1,0,unknown
40544,cellular,8,jul,69,1,-1,0,unknown
40545,cellular,8,jul,281,1,-1,0,unknown
40546,cellular,8,jul,315,2,-1,0,unknown
40547,cellular,8,jul,502,2,-1,0,unknown
40548,cellular,8,jul,122,1,-1,0,unknown
40549,cellular,8,jul,141,1,-1,0,unknown
40550,cellular,8,jul,72,1,-1,0,unknown
40551,cellular,8,jul,430,2,-1,0,unknown
40552,cellular,8,jul,210,5,-1,0,unknown
40553,cellular,8,jul,286,2,-1,0,unknown
40554,cellular,8,jul,475,3,78,2,success
40555,cellular,8,jul,153,1,-1,0,unknown
40556,cellular,8,jul,182,3,-1,0,unknown
40557,cellular,8,jul,97,3,-1,0,unknown
40558,telephone,8,jul,64,3,-1,0,unknown
40559,cellular,9,jul,253,2,-1,0,unknown
40560,cellular,9,jul,122,4,-1,0,unknown
40561,telephone,9,jul,151,5,-1,0,unknown
40562,cellular,9,jul,359,2,-1,0,unknown
40563,cellular,9,jul,315,4,-1,0,unknown
40564,cellular,10,jul,104,2,-1,0,unknown
40565,telephone,10,jul,123,4,-1,0,unknown
40566,telephone,10,jul,336,4,-1,0,unknown
40567,cellular,13,jul,144,4,-1,0,unknown
40568,cellular,13,jul,326,3,-1,0,unknown
40569,cellular,14,jul,169,2,-1,0,unknown
40570,cellular,15,jul,323,2,163,2,other
40571,telephone,15,jul,219,2,-1,0,unknown
40572,cellular,15,jul,166,7,163,1,failure
40573,cellular,16,jul,57,2,80,1,success
40574,cellular,20,jul,125,2,-1,0,unknown
40575,cellular,20,jul,91,2,-1,0,unknown
40576,cellular,20,jul,258,3,-1,0,unknown
40577,telephone,21,jul,305,7,-1,0,unknown
40578,telephone,21,jul,465,6,-1,0,unknown
40579,cellular,21,jul,213,3,89,16,failure
40580,cellular,23,jul,106,3,-1,0,unknown
40581,cellular,23,jul,64,3,-1,0,unknown
40582,cellular,23,jul,106,3,-1,0,unknown
40583,cellular,24,jul,139,5,-1,0,unknown
40584,telephone,24,jul,116,3,-1,0,unknown
40585,cellular,27,jul,506,2,-1,0,unknown
40586,telephone,27,jul,195,2,-1,0,unknown
40587,cellular,27,jul,82,2,-1,0,unknown
40588,cellular,28,jul,332,2,181,2,failure
40589,cellular,28,jul,132,4,-1,0,unknown
40590,cellular,28,jul,822,6,405,1,success
40591,cellular,28,jul,51,4,434,1,failure
40592,cellular,28,jul,72,2,363,4,failure
40593,cellular,28,jul,67,5,252,1,failure
40594,cellular,28,jul,486,5,-1,0,unknown
40595,telephone,28,jul,258,6,-1,0,unknown
40596,cellular,28,jul,573,5,-1,0,unknown
40597,telephone,28,jul,186,9,-1,0,unknown
40598,cellular,28,jul,383,6,-1,0,unknown
40599,cellular,29,jul,292,6,251,1,failure
40600,cellular,30,jul,141,2,-1,0,unknown
40601,cellular,4,aug,151,1,-1,0,unknown
40602,cellular,4,aug,205,1,-1,0,unknown
40603,cellular,4,aug,197,1,-1,0,unknown
40604,cellular,4,aug,92,1,118,6,other
40605,cellular,4,aug,149,1,-1,0,unknown
40606,cellular,4,aug,236,1,92,4,failure
40607,cellular,4,aug,326,1,96,3,success
40608,cellular,4,aug,313,1,-1,0,unknown
40609,cellular,4,aug,576,1,96,1,success
40610,cellular,4,aug,849,1,-1,0,unknown
40611,cellular,4,aug,219,1,-1,0,unknown
40612,cellular,4,aug,320,1,-1,0,unknown
40613,cellular,4,aug,218,1,-1,0,unknown
40614,cellular,4,aug,152,1,92,2,failure
40615,cellular,4,aug,642,1,-1,0,unknown
40616,cellular,4,aug,185,1,-1,0,unknown
40617,cellular,4,aug,600,1,-1,0,unknown
40618,cellular,4,aug,505,1,96,6,success
40619,telephone,4,aug,117,2,-1,0,unknown
40620,cellular,4,aug,138,1,-1,0,unknown
40621,cellular,4,aug,220,1,-1,0,unknown
40622,cellular,4,aug,249,1,-1,0,unknown
40623,cellular,4,aug,259,1,35,1,failure
40624,cellular,4,aug,173,1,92,5,success
40625,cellular,4,aug,120,2,96,1,success
40626,cellular,4,aug,158,1,104,2,failure
40627,cellular,4,aug,182,1,-1,0,unknown
40628,cellular,5,aug,432,3,97,2,success
40629,cellular,5,aug,409,4,-1,0,unknown
40630,cellular,5,aug,1019,2,63,2,success
40631,cellular,5,aug,475,2,93,4,success
40632,cellular,5,aug,211,1,-1,0,unknown
40633,cellular,5,aug,397,2,93,2,failure
40634,cellular,5,aug,389,1,64,2,success
40635,cellular,5,aug,414,1,-1,0,unknown
40636,cellular,5,aug,277,1,-1,0,unknown
40637,cellular,5,aug,206,1,97,1,failure
40638,cellular,5,aug,299,2,-1,0,unknown
40639,cellular,5,aug,106,1,110,2,other
40640,cellular,5,aug,254,1,-1,0,unknown
40641,cellular,5,aug,177,1,-1,0,unknown
40642,cellular,5,aug,253,1,97,4,success
40643,cellular,5,aug,179,2,69,26,other
40644,cellular,5,aug,156,1,-1,0,unknown
40645,telephone,5,aug,416,1,-1,0,unknown
40646,telephone,5,aug,100,2,93,2,failure
40647,cellular,5,aug,385,2,93,1,failure
40648,cellular,5,aug,226,3,97,2,failure
40649,telephone,5,aug,813,2,-1,0,unknown
40650,cellular,5,aug,150,1,97,2,success
40651,cellular,5,aug,157,3,97,2,success
40652,cellular,5,aug,131,5,356,3,failure
40653,telephone,5,aug,270,2,-1,0,unknown
40654,cellular,6,aug,99,5,-1,0,unknown
40655,cellular,6,aug,331,2,-1,0,unknown
40656,cellular,6,aug,107,1,98,6,success
40657,cellular,6,aug,320,1,-1,0,unknown
40658,cellular,6,aug,975,4,98,1,unknown
40659,cellular,6,aug,126,6,-1,0,unknown
40660,cellular,6,aug,107,4,-1,0,unknown
40661,cellular,6,aug,121,6,112,3,other
40662,cellular,6,aug,148,2,98,1,success
40663,cellular,6,aug,161,1,-1,0,unknown
40664,cellular,6,aug,87,4,-1,0,unknown
40665,cellular,6,aug,111,1,184,1,failure
40666,cellular,6,aug,85,1,185,1,failure
40667,cellular,6,aug,190,1,-1,0,unknown
40668,cellular,6,aug,355,1,-1,0,unknown
40669,cellular,6,aug,472,1,-1,0,unknown
40670,cellular,6,aug,131,2,98,6,success
40671,cellular,6,aug,174,1,-1,0,unknown
40672,cellular,6,aug,1452,1,98,2,failure
40673,cellular,6,aug,142,1,260,1,other
40674,cellular,6,aug,165,3,-1,0,unknown
40675,cellular,6,aug,789,1,-1,0,unknown
40676,telephone,6,aug,338,1,-1,0,unknown
40677,cellular,6,aug,280,3,185,2,failure
40678,cellular,6,aug,116,1,-1,0,unknown
40679,telephone,6,aug,256,1,-1,0,unknown
40680,cellular,6,aug,254,2,-1,0,unknown
40681,cellular,6,aug,550,1,-1,0,unknown
40682,cellular,7,aug,88,2,-1,0,unknown
40683,cellular,7,aug,345,2,-1,0,unknown
40684,cellular,7,aug,169,2,-1,0,unknown
40685,cellular,7,aug,342,1,-1,0,unknown
40686,cellular,7,aug,206,2,-1,0,unknown
40687,cellular,7,aug,358,1,-1,0,unknown
40688,cellular,7,aug,116,1,-1,0,unknown
40689,cellular,7,aug,324,1,-1,0,unknown
40690,cellular,7,aug,79,1,394,2,failure
40691,telephone,7,aug,107,2,63,1,failure
40692,cellular,7,aug,59,2,-1,0,unknown
40693,cellular,7,aug,131,1,-1,0,unknown
40694,cellular,7,aug,58,2,382,1,failure
40695,cellular,7,aug,72,1,99,2,success
40696,cellular,7,aug,289,2,-1,0,unknown
40697,cellular,7,aug,714,1,-1,0,unknown
40698,cellular,7,aug,255,1,-1,0,unknown
40699,cellular,7,aug,147,2,-1,0,unknown
40700,cellular,7,aug,258,1,-1,0,unknown
40701,cellular,7,aug,273,1,95,2,failure
40702,cellular,7,aug,530,2,-1,0,unknown
40703,cellular,7,aug,149,2,99,1,failure
40704,cellular,7,aug,292,1,-1,0,unknown
40705,cellular,7,aug,456,1,-1,0,unknown
40706,cellular,7,aug,155,1,99,2,success
40707,cellular,7,aug,325,1,-1,0,unknown
40708,cellular,7,aug,173,2,-1,0,unknown
40709,cellular,7,aug,325,1,99,2,success
40710,cellular,7,aug,453,1,-1,0,unknown
40711,cellular,7,aug,239,1,459,1,success
40712,telephone,7,aug,121,2,-1,0,unknown
40713,cellular,7,aug,305,1,179,5,other
40714,cellular,7,aug,83,1,95,4,other
40715,cellular,7,aug,100,1,-1,0,unknown
40716,cellular,7,aug,70,1,-1,0,unknown
40717,cellular,7,aug,119,1,99,3,failure
40718,cellular,7,aug,262,1,99,2,success
40719,cellular,7,aug,166,1,99,2,other
40720,cellular,7,aug,125,1,-1,0,unknown
40721,cellular,7,aug,121,1,-1,0,unknown
40722,cellular,7,aug,140,1,99,1,failure
40723,cellular,7,aug,215,1,99,1,failure
40724,cellular,7,aug,221,1,99,2,success
40725,cellular,7,aug,384,1,99,4,success
40726,cellular,7,aug,390,2,-1,0,unknown
40727,cellular,7,aug,88,1,259,4,failure
40728,cellular,7,aug,130,1,-1,0,unknown
40729,cellular,7,aug,121,1,-1,0,unknown
40730,cellular,7,aug,158,2,95,6,success
40731,cellular,7,aug,353,2,-1,0,unknown
40732,cellular,7,aug,212,1,-1,0,unknown
40733,cellular,7,aug,182,2,99,1,failure
40734,cellular,7,aug,217,1,99,7,success
40735,cellular,7,aug,231,3,-1,0,unknown
40736,telephone,10,aug,122,3,-1,0,unknown
40737,telephone,10,aug,255,3,-1,0,unknown
40738,cellular,10,aug,419,2,-1,0,unknown
40739,cellular,10,aug,1225,2,-1,0,unknown
40740,cellular,10,aug,268,1,-1,0,unknown
40741,cellular,10,aug,70,1,-1,0,unknown
40742,cellular,10,aug,88,1,-1,0,unknown
40743,cellular,10,aug,131,1,98,2,success
40744,cellular,10,aug,167,1,-1,0,unknown
40745,cellular,10,aug,248,1,131,1,success
40746,cellular,10,aug,225,1,-1,0,unknown
40747,telephone,10,aug,133,1,-1,0,unknown
40748,cellular,10,aug,465,1,-1,0,unknown
40749,cellular,10,aug,559,1,70,2,other
40750,cellular,10,aug,187,1,102,1,success
40751,cellular,10,aug,73,1,440,2,failure
40752,cellular,10,aug,161,2,375,5,failure
40753,cellular,10,aug,489,2,102,1,success
40754,cellular,10,aug,120,1,98,5,success
40755,cellular,10,aug,158,1,102,1,success
40756,cellular,10,aug,148,1,-1,0,unknown
40757,cellular,10,aug,252,1,185,2,success
40758,cellular,10,aug,89,1,98,3,failure
40759,telephone,10,aug,156,1,-1,0,unknown
40760,cellular,10,aug,1529,1,397,1,failure
40761,telephone,10,aug,235,1,102,2,failure
40762,cellular,10,aug,155,1,102,1,success
40763,cellular,10,aug,290,1,-1,0,unknown
40764,cellular,10,aug,153,2,383,1,failure
40765,cellular,10,aug,352,2,102,2,failure
40766,telephone,10,aug,411,1,-1,0,unknown
40767,cellular,10,aug,107,4,68,11,success
40768,cellular,10,aug,89,2,102,2,success
40769,cellular,10,aug,134,3,194,1,failure
40770,telephone,10,aug,151,3,185,1,failure
40771,cellular,10,aug,232,3,130,3,other
40772,cellular,10,aug,540,2,-1,0,unknown
40773,cellular,10,aug,298,1,-1,0,unknown
40774,telephone,10,aug,74,1,-1,0,unknown
40775,cellular,10,aug,247,1,102,3,success
40776,cellular,10,aug,162,1,161,4,failure
40777,cellular,10,aug,294,3,98,2,success
40778,cellular,10,aug,121,1,102,2,failure
40779,cellular,10,aug,179,3,102,2,success
40780,cellular,10,aug,71,1,-1,0,unknown
40781,cellular,10,aug,213,1,-1,0,unknown
40782,cellular,11,aug,373,2,-1,0,unknown
40783,cellular,11,aug,425,2,190,1,failure
40784,cellular,11,aug,48,2,-1,0,unknown
40785,telephone,11,aug,329,1,-1,0,unknown
40786,cellular,11,aug,155,1,190,2,failure
40787,cellular,11,aug,215,1,-1,0,unknown
40788,telephone,11,aug,90,3,70,3,failure
40789,cellular,11,aug,265,1,190,2,failure
40790,cellular,11,aug,491,1,-1,0,unknown
40791,cellular,11,aug,151,1,-1,0,unknown
40792,telephone,11,aug,181,1,-1,0,unknown
40793,cellular,11,aug,265,1,103,3,success
40794,cellular,11,aug,157,1,14,3,other
40795,cellular,11,aug,89,3,103,2,success
40796,cellular,11,aug,123,1,106,1,success
40797,cellular,11,aug,156,1,263,2,failure
40798,cellular,11,aug,155,1,103,1,success
40799,cellular,11,aug,704,2,-1,0,unknown
40800,cellular,11,aug,176,2,90,4,failure
40801,cellular,11,aug,91,1,-1,0,unknown
40802,telephone,11,aug,88,1,99,3,failure
40803,cellular,11,aug,154,1,-1,0,unknown
40804,cellular,11,aug,344,1,81,6,failure
40805,cellular,11,aug,110,1,-1,0,unknown
40806,cellular,11,aug,170,2,112,1,success
40807,cellular,11,aug,651,1,-1,0,unknown
40808,cellular,11,aug,167,1,190,5,failure
40809,cellular,11,aug,408,1,-1,0,unknown
40810,telephone,11,aug,254,1,-1,0,unknown
40811,cellular,11,aug,127,2,461,4,success
40812,cellular,11,aug,140,1,-1,0,unknown
40813,cellular,11,aug,229,2,99,4,success
40814,cellular,11,aug,75,1,274,1,failure
40815,cellular,11,aug,139,3,190,1,success
40816,telephone,11,aug,95,1,-1,0,unknown
40817,cellular,11,aug,112,1,81,1,other
40818,cellular,11,aug,153,1,103,2,failure
40819,cellular,11,aug,93,1,190,2,other
40820,cellular,11,aug,315,2,-1,0,unknown
40821,cellular,11,aug,203,1,-1,0,unknown
40822,cellular,11,aug,280,2,-1,0,unknown
40823,cellular,11,aug,159,1,-1,0,unknown
40824,cellular,11,aug,149,1,78,5,failure
40825,cellular,11,aug,349,1,70,3,failure
40826,cellular,11,aug,94,3,-1,0,unknown
40827,cellular,11,aug,108,1,99,7,failure
40828,cellular,11,aug,1244,1,-1,0,unknown
40829,cellular,11,aug,221,1,461,1,success
40830,cellular,11,aug,97,1,78,3,success
40831,cellular,11,aug,201,1,103,1,failure
40832,telephone,11,aug,91,1,99,10,failure
40833,cellular,11,aug,175,2,116,2,failure
40834,cellular,11,aug,526,1,103,1,failure
40835,cellular,11,aug,206,1,461,1,failure
40836,cellular,11,aug,477,1,-1,0,unknown
40837,cellular,11,aug,400,3,-1,0,unknown
40838,telephone,11,aug,198,1,-1,0,unknown
40839,cellular,11,aug,120,3,190,1,failure
40840,cellular,11,aug,589,2,-1,0,unknown
40841,cellular,11,aug,248,2,462,1,failure
40842,cellular,11,aug,162,1,-1,0,unknown
40843,cellular,11,aug,163,3,-1,0,unknown
40844,cellular,11,aug,82,2,-1,0,unknown
40845,telephone,11,aug,172,2,-1,0,unknown
40846,cellular,11,aug,176,1,-1,0,unknown
40847,cellular,11,aug,271,1,369,3,failure
40848,cellular,12,aug,266,2,-1,0,unknown
40849,cellular,12,aug,68,3,-1,0,unknown
40850,cellular,12,aug,345,2,-1,0,unknown
40851,cellular,12,aug,1117,2,-1,0,unknown
40852,telephone,12,aug,701,1,-1,0,unknown
40853,cellular,12,aug,429,2,-1,0,unknown
40854,cellular,12,aug,623,2,191,2,success
40855,cellular,12,aug,340,2,-1,0,unknown
40856,cellular,12,aug,62,2,104,2,success
40857,cellular,12,aug,137,2,104,3,success
40858,cellular,12,aug,74,2,-1,0,unknown
40859,cellular,12,aug,121,1,-1,0,unknown
40860,telephone,12,aug,127,1,-1,0,unknown
40861,cellular,12,aug,182,1,104,1,success
40862,cellular,12,aug,668,2,463,1,success
40863,telephone,12,aug,449,1,-1,0,unknown
40864,cellular,12,aug,90,2,-1,0,unknown
40865,cellular,12,aug,582,1,-1,0,unknown
40866,cellular,12,aug,249,1,104,1,success
40867,cellular,12,aug,150,1,79,3,success
40868,cellular,12,aug,1336,2,-1,0,unknown
40869,cellular,12,aug,239,2,100,4,failure
40870,cellular,12,aug,90,1,104,2,failure
40871,cellular,12,aug,251,2,117,4,failure
40872,cellular,12,aug,641,1,-1,0,unknown
40873,cellular,12,aug,178,2,-1,0,unknown
40874,cellular,12,aug,576,1,-1,0,unknown
40875,cellular,12,aug,699,2,79,1,failure
40876,cellular,12,aug,1064,1,-1,0,unknown
40877,cellular,12,aug,238,1,-1,0,unknown
40878,cellular,12,aug,147,2,104,1,failure
40879,cellular,12,aug,398,4,422,3,failure
40880,cellular,12,aug,100,1,-1,0,unknown
40881,cellular,12,aug,119,4,-1,0,unknown
40882,cellular,12,aug,90,2,104,2,success
40883,telephone,12,aug,92,1,-1,0,unknown
40884,cellular,12,aug,307,1,-1,0,unknown
40885,cellular,12,aug,236,1,104,1,success
40886,cellular,12,aug,131,1,114,3,failure
40887,cellular,12,aug,267,1,-1,0,unknown
40888,cellular,12,aug,93,1,104,4,success
40889,cellular,12,aug,417,1,365,9,other
40890,cellular,12,aug,87,1,117,2,failure
40891,cellular,12,aug,82,1,-1,0,unknown
40892,cellular,12,aug,201,2,267,1,failure
40893,cellular,12,aug,810,3,93,6,failure
40894,cellular,12,aug,161,2,-1,0,unknown
40895,cellular,12,aug,94,1,51,3,failure
40896,telephone,12,aug,150,2,-1,0,unknown
40897,cellular,12,aug,305,3,104,1,failure
40898,cellular,12,aug,153,1,-1,0,unknown
40899,cellular,12,aug,110,1,-1,0,unknown
40900,cellular,12,aug,58,1,-1,0,unknown
40901,telephone,12,aug,67,2,-1,0,unknown
40902,cellular,12,aug,306,1,457,3,failure
40903,cellular,12,aug,202,1,-1,0,unknown
40904,cellular,12,aug,332,1,-1,0,unknown
40905,cellular,12,aug,153,1,-1,0,unknown
40906,cellular,12,aug,113,1,-1,0,unknown
40907,cellular,12,aug,875,1,189,4,success
40908,cellular,12,aug,338,2,104,1,success
40909,cellular,12,aug,96,1,-1,0,unknown
40910,cellular,12,aug,71,1,-1,0,unknown
40911,cellular,12,aug,301,1,-1,0,unknown
40912,cellular,12,aug,123,1,-1,0,unknown
40913,cellular,12,aug,192,1,-1,0,unknown
40914,cellular,12,aug,175,3,104,2,success
40915,telephone,12,aug,26,1,-1,0,unknown
40916,cellular,12,aug,363,1,104,3,success
40917,cellular,12,aug,188,3,100,5,success
40918,cellular,12,aug,96,2,104,1,success
40919,cellular,12,aug,107,1,104,3,success
40920,cellular,12,aug,188,1,-1,0,unknown
40921,cellular,12,aug,174,1,-1,0,unknown
40922,cellular,12,aug,44,1,100,3,success
40923,cellular,12,aug,90,1,68,1,success
40924,cellular,12,aug,166,1,36,2,other
40925,cellular,12,aug,255,2,104,1,success
40926,cellular,12,aug,222,2,104,2,failure
40927,cellular,12,aug,246,1,-1,0,unknown
40928,cellular,12,aug,120,1,104,1,failure
40929,telephone,12,aug,542,1,78,5,failure
40930,cellular,12,aug,243,1,-1,0,unknown
40931,cellular,12,aug,216,5,-1,0,unknown
40932,cellular,12,aug,543,1,-1,0,unknown
40933,cellular,12,aug,227,1,-1,0,unknown
40934,telephone,12,aug,478,2,-1,0,unknown
40935,cellular,12,aug,112,1,104,1,success
40936,cellular,12,aug,107,1,-1,0,unknown
40937,cellular,12,aug,107,1,-1,0,unknown
40938,cellular,12,aug,95,1,68,1,success
40939,cellular,12,aug,162,1,100,3,success
40940,cellular,12,aug,293,1,104,1,success
40941,cellular,12,aug,68,1,104,3,success
40942,cellular,12,aug,289,2,-1,0,unknown
40943,cellular,12,aug,344,3,-1,0,unknown
40944,cellular,12,aug,298,1,-1,0,unknown
40945,cellular,12,aug,331,2,-1,0,unknown
40946,cellular,13,aug,111,5,-1,0,unknown
40947,telephone,13,aug,562,2,-1,0,unknown
40948,cellular,13,aug,489,5,-1,0,unknown
40949,cellular,13,aug,255,2,105,1,failure
40950,cellular,13,aug,73,2,105,6,success
40951,cellular,13,aug,101,4,105,4,failure
40952,cellular,13,aug,784,3,94,10,failure
40953,cellular,13,aug,349,1,-1,0,unknown
40954,cellular,13,aug,425,2,-1,0,unknown
40955,telephone,13,aug,181,1,-1,0,unknown
40956,cellular,13,aug,187,2,-1,0,unknown
40957,cellular,13,aug,1175,3,189,1,other
40958,cellular,13,aug,414,1,-1,0,unknown
40959,cellular,13,aug,102,1,105,1,success
40960,cellular,13,aug,200,1,127,1,failure
40961,cellular,13,aug,148,2,-1,0,unknown
40962,cellular,13,aug,220,2,364,2,failure
40963,cellular,13,aug,402,2,-1,0,unknown
40964,cellular,13,aug,315,2,105,1,success
40965,cellular,13,aug,105,1,-1,0,unknown
40966,cellular,13,aug,368,1,-1,0,unknown
40967,cellular,13,aug,485,3,105,1,success
40968,cellular,13,aug,282,1,-1,0,unknown
40969,cellular,13,aug,399,1,430,1,failure
40970,cellular,13,aug,164,1,-1,0,unknown
40971,cellular,13,aug,234,1,-1,0,unknown
40972,cellular,13,aug,791,2,-1,0,unknown
40973,cellular,13,aug,1152,2,188,1,success
40974,cellular,13,aug,138,2,69,3,failure
40975,cellular,13,aug,328,2,-1,0,unknown
40976,cellular,13,aug,72,3,-1,0,unknown
40977,cellular,13,aug,136,1,105,2,failure
40978,cellular,13,aug,766,3,-1,0,unknown
40979,cellular,13,aug,192,3,-1,0,unknown
40980,cellular,13,aug,78,2,-1,0,unknown
40981,cellular,13,aug,347,2,-1,0,unknown
40982,cellular,13,aug,496,2,-1,0,unknown
40983,cellular,13,aug,160,1,-1,0,unknown
40984,cellular,13,aug,293,2,105,2,success
40985,cellular,13,aug,233,1,-1,0,unknown
40986,cellular,13,aug,105,1,-1,0,unknown
40987,cellular,13,aug,227,2,192,1,failure
40988,cellular,13,aug,100,1,191,3,other
40989,telephone,13,aug,57,1,-1,0,unknown
40990,cellular,13,aug,129,1,-1,0,unknown
40991,cellular,13,aug,74,2,-1,0,unknown
40992,cellular,13,aug,103,1,105,2,success
40993,telephone,13,aug,213,1,-1,0,unknown
40994,cellular,13,aug,284,1,92,2,failure
40995,cellular,13,aug,111,1,105,1,success
40996,cellular,13,aug,83,1,105,1,failure
40997,cellular,13,aug,219,1,101,2,other
40998,cellular,13,aug,477,2,-1,0,unknown
40999,cellular,13,aug,73,1,112,2,other
41000,cellular,13,aug,204,3,105,1,failure
41001,cellular,13,aug,726,1,-1,0,unknown
41002,cellular,13,aug,75,1,442,2,failure
41003,cellular,13,aug,159,2,78,3,success
41004,cellular,13,aug,344,1,190,2,failure
41005,cellular,13,aug,135,1,113,5,success
41006,cellular,13,aug,112,1,-1,0,unknown
41007,cellular,13,aug,99,1,-1,0,unknown
41008,cellular,13,aug,185,2,105,3,success
41009,cellular,13,aug,371,2,-1,0,unknown
41010,cellular,13,aug,143,1,90,1,success
41011,telephone,13,aug,99,1,-1,0,unknown
41012,cellular,13,aug,146,1,-1,0,unknown
41013,cellular,13,aug,284,1,-1,0,unknown
41014,cellular,13,aug,738,1,-1,0,unknown
41015,cellular,13,aug,75,1,105,3,success
41016,cellular,13,aug,320,2,101,2,success
41017,cellular,13,aug,135,2,-1,0,unknown
41018,telephone,13,aug,43,1,105,2,failure
41019,cellular,13,aug,92,2,90,1,failure
41020,cellular,13,aug,393,2,462,1,success
41021,cellular,13,aug,479,1,-1,0,unknown
41022,cellular,13,aug,284,3,-1,0,unknown
41023,cellular,13,aug,236,3,-1,0,unknown
41024,telephone,13,aug,217,2,-1,0,unknown
41025,cellular,13,aug,99,2,105,10,success
41026,cellular,13,aug,202,1,83,5,failure
41027,cellular,13,aug,238,2,265,1,failure
41028,cellular,13,aug,158,1,-1,0,unknown
41029,cellular,13,aug,275,1,-1,0,unknown
41030,cellular,13,aug,354,3,-1,0,unknown
41031,cellular,13,aug,126,2,-1,0,unknown
41032,telephone,13,aug,640,2,101,4,success
41033,cellular,14,aug,228,2,106,2,failure
41034,cellular,14,aug,182,2,37,2,failure
41035,cellular,14,aug,150,2,-1,0,unknown
41036,cellular,14,aug,233,2,-1,0,unknown
41037,telephone,14,aug,176,2,99,17,other
41038,cellular,14,aug,156,2,-1,0,unknown
41039,cellular,14,aug,172,4,-1,0,unknown
41040,cellular,14,aug,185,3,73,1,failure
41041,cellular,14,aug,90,3,120,1,failure
41042,cellular,14,aug,126,3,127,7,other
41043,cellular,14,aug,180,1,106,2,failure
41044,telephone,14,aug,151,1,106,1,failure
41045,cellular,14,aug,98,1,106,1,failure
41046,cellular,14,aug,117,1,-1,0,unknown
41047,cellular,14,aug,225,1,-1,0,unknown
41048,cellular,14,aug,209,2,106,2,success
41049,cellular,14,aug,319,1,268,2,failure
41050,cellular,14,aug,257,1,102,2,failure
41051,cellular,14,aug,230,1,-1,0,unknown
41052,cellular,14,aug,436,1,403,5,success
41053,cellular,14,aug,415,1,-1,0,unknown
41054,cellular,14,aug,260,1,-1,0,unknown
41055,cellular,14,aug,92,3,106,2,success
41056,cellular,14,aug,326,3,-1,0,unknown
41057,cellular,14,aug,253,1,-1,0,unknown
41058,cellular,14,aug,78,1,79,4,other
41059,cellular,14,aug,260,2,463,1,failure
41060,cellular,14,aug,190,2,84,7,failure
41061,cellular,14,aug,107,3,-1,0,unknown
41062,cellular,14,aug,186,1,-1,0,unknown
41063,cellular,14,aug,236,2,-1,0,unknown
41064,cellular,14,aug,108,1,102,4,success
41065,cellular,14,aug,137,1,102,5,success
41066,cellular,14,aug,185,1,-1,0,unknown
41067,cellular,14,aug,105,1,-1,0,unknown
41068,cellular,14,aug,125,1,-1,0,unknown
41069,cellular,14,aug,553,1,-1,0,unknown
41070,cellular,14,aug,94,4,-1,0,unknown
41071,cellular,14,aug,801,2,-1,0,unknown
41072,cellular,14,aug,276,2,-1,0,unknown
41073,cellular,14,aug,100,2,-1,0,unknown
41074,telephone,14,aug,82,2,-1,0,unknown
41075,cellular,14,aug,482,2,-1,0,unknown
41076,cellular,14,aug,101,1,-1,0,unknown
41077,cellular,14,aug,201,1,-1,0,unknown
41078,cellular,14,aug,88,5,-1,0,unknown
41079,cellular,14,aug,391,3,106,1,failure
41080,cellular,14,aug,190,3,270,3,failure
41081,cellular,14,aug,203,5,84,1,failure
41082,cellular,14,aug,498,2,191,1,failure
41083,cellular,14,aug,880,3,267,1,other
41084,cellular,14,aug,153,2,102,3,success
41085,cellular,14,aug,260,3,457,1,other
41086,cellular,14,aug,142,2,88,2,failure
41087,cellular,14,aug,99,3,-1,0,unknown
41088,cellular,14,aug,70,3,-1,0,unknown
41089,cellular,14,aug,211,3,-1,0,unknown
41090,cellular,14,aug,224,3,-1,0,unknown
41091,telephone,14,aug,159,2,106,6,success
41092,cellular,14,aug,313,4,102,5,failure
41093,cellular,17,aug,80,1,273,1,failure
41094,cellular,17,aug,219,1,84,2,failure
41095,cellular,17,aug,308,1,459,1,success
41096,cellular,17,aug,43,1,83,2,failure
41097,cellular,17,aug,116,1,-1,0,unknown
41098,cellular,17,aug,75,1,-1,0,unknown
41099,cellular,17,aug,152,1,-1,0,unknown
41100,cellular,17,aug,348,1,-1,0,unknown
41101,telephone,17,aug,199,1,-1,0,unknown
41102,cellular,17,aug,551,2,-1,0,unknown
41103,cellular,17,aug,80,1,-1,0,unknown
41104,cellular,17,aug,286,1,-1,0,unknown
41105,cellular,17,aug,156,1,-1,0,unknown
41106,cellular,17,aug,97,2,-1,0,unknown
41107,cellular,17,aug,220,1,-1,0,unknown
41108,telephone,17,aug,122,1,109,1,other
41109,cellular,17,aug,237,1,82,2,failure
41110,cellular,17,aug,115,1,-1,0,unknown
41111,telephone,17,aug,123,1,-1,0,unknown
41112,cellular,17,aug,125,1,-1,0,unknown
41113,cellular,17,aug,123,2,454,3,success
41114,cellular,17,aug,366,2,-1,0,unknown
41115,cellular,17,aug,343,2,397,1,failure
41116,cellular,17,aug,711,1,-1,0,unknown
41117,cellular,17,aug,628,1,83,1,other
41118,cellular,17,aug,192,1,-1,0,unknown
41119,cellular,17,aug,80,1,81,2,failure
41120,telephone,17,aug,119,1,105,2,failure
41121,cellular,17,aug,606,1,196,1,success
41122,cellular,17,aug,156,1,199,1,failure
41123,cellular,17,aug,109,1,-1,0,unknown
41124,cellular,18,aug,33,2,-1,0,unknown
41125,cellular,18,aug,460,2,-1,0,unknown
41126,cellular,18,aug,134,1,82,3,failure
41127,cellular,18,aug,243,2,-1,0,unknown
41128,cellular,18,aug,65,2,-1,0,unknown
41129,cellular,18,aug,177,1,-1,0,unknown
41130,cellular,18,aug,61,1,84,1,failure
41131,telephone,18,aug,205,1,-1,0,unknown
41132,cellular,18,aug,543,1,78,2,failure
41133,cellular,18,aug,147,1,379,1,failure
41134,telephone,18,aug,215,1,197,2,failure
41135,cellular,18,aug,161,1,173,1,failure
41136,cellular,18,aug,90,1,-1,0,unknown
41137,cellular,18,aug,101,1,-1,0,unknown
41138,telephone,18,aug,108,1,-1,0,unknown
41139,cellular,18,aug,237,1,-1,0,unknown
41140,cellular,18,aug,210,2,124,2,failure
41141,cellular,18,aug,101,1,-1,0,unknown
41142,cellular,18,aug,360,1,-1,0,unknown
41143,cellular,18,aug,148,1,84,2,failure
41144,cellular,18,aug,117,1,-1,0,unknown
41145,cellular,18,aug,363,1,-1,0,unknown
41146,cellular,18,aug,216,1,-1,0,unknown
41147,cellular,18,aug,193,1,386,3,success
41148,cellular,18,aug,370,2,-1,0,unknown
41149,cellular,18,aug,532,1,461,5,failure
41150,cellular,18,aug,307,1,-1,0,unknown
41151,cellular,18,aug,197,2,118,2,failure
41152,telephone,18,aug,280,3,-1,0,unknown
41153,cellular,18,aug,441,1,-1,0,unknown
41154,cellular,19,aug,431,4,-1,0,unknown
41155,cellular,19,aug,220,5,117,2,other
41156,telephone,19,aug,578,2,-1,0,unknown
41157,cellular,19,aug,250,1,107,5,failure
41158,cellular,19,aug,207,4,-1,0,unknown
41159,cellular,19,aug,574,1,84,3,success
41160,cellular,19,aug,399,2,183,2,success
41161,cellular,19,aug,65,1,-1,0,unknown
41162,telephone,19,aug,2027,5,-1,0,unknown
41163,cellular,19,aug,238,4,-1,0,unknown
41164,cellular,19,aug,768,2,141,3,failure
41165,cellular,19,aug,225,2,-1,0,unknown
41166,cellular,19,aug,89,1,-1,0,unknown
41167,cellular,19,aug,263,1,84,1,other
41168,cellular,19,aug,335,1,-1,0,unknown
41169,cellular,19,aug,240,2,271,1,other
41170,cellular,19,aug,164,1,-1,0,unknown
41171,telephone,19,aug,170,1,-1,0,unknown
41172,cellular,19,aug,634,1,-1,0,unknown
41173,cellular,19,aug,232,3,-1,0,unknown
41174,cellular,19,aug,145,1,84,2,success
41175,telephone,19,aug,328,1,79,1,failure
41176,cellular,19,aug,195,1,197,4,other
41177,cellular,19,aug,321,2,-1,0,unknown
41178,cellular,19,aug,196,2,-1,0,unknown
41179,cellular,19,aug,65,5,-1,0,unknown
41180,cellular,19,aug,338,1,-1,0,unknown
41181,cellular,20,aug,262,2,112,2,failure
41182,cellular,20,aug,329,3,199,2,other
41183,telephone,20,aug,84,1,-1,0,unknown
41184,cellular,20,aug,267,1,-1,0,unknown
41185,cellular,20,aug,474,1,-1,0,unknown
41186,cellular,20,aug,377,6,90,1,success
41187,cellular,20,aug,928,1,-1,0,unknown
41188,cellular,20,aug,110,2,-1,0,unknown
41189,cellular,20,aug,217,1,87,6,failure
41190,cellular,20,aug,168,1,-1,0,unknown
41191,cellular,20,aug,131,1,-1,0,unknown
41192,cellular,20,aug,147,1,90,1,failure
41193,cellular,20,aug,158,1,-1,0,unknown
41194,cellular,20,aug,151,1,-1,0,unknown
41195,cellular,20,aug,157,1,-1,0,unknown
41196,cellular,20,aug,99,1,79,1,failure
41197,telephone,20,aug,91,1,-1,0,unknown
41198,cellular,20,aug,195,1,-1,0,unknown
41199,cellular,20,aug,184,1,-1,0,unknown
41200,cellular,20,aug,201,2,204,2,other
41201,cellular,20,aug,293,1,90,4,other
41202,cellular,20,aug,65,1,-1,0,unknown
41203,cellular,20,aug,64,1,-1,0,unknown
41204,cellular,20,aug,63,2,85,1,success
41205,cellular,20,aug,78,3,-1,0,unknown
41206,cellular,20,aug,75,1,-1,0,unknown
41207,cellular,20,aug,180,1,-1,0,unknown
41208,cellular,20,aug,273,1,90,3,success
41209,cellular,21,aug,487,2,-1,0,unknown
41210,cellular,21,aug,228,4,183,1,other
41211,cellular,21,aug,216,3,91,1,success
41212,cellular,21,aug,54,5,86,3,failure
41213,cellular,21,aug,139,1,-1,0,unknown
41214,cellular,21,aug,102,1,91,1,failure
41215,cellular,21,aug,406,1,-1,0,unknown
41216,cellular,21,aug,374,1,-1,0,unknown
41217,cellular,21,aug,168,1,462,1,success
41218,cellular,21,aug,97,1,-1,0,unknown
41219,cellular,21,aug,282,1,197,5,failure
41220,cellular,21,aug,158,1,-1,0,unknown
41221,cellular,21,aug,273,1,86,1,other
41222,telephone,21,aug,104,2,-1,0,unknown
41223,cellular,21,aug,90,1,91,1,failure
41224,cellular,21,aug,200,1,91,10,failure
41225,cellular,21,aug,53,1,-1,0,unknown
41226,cellular,21,aug,298,1,-1,0,unknown
41227,cellular,21,aug,276,1,-1,0,unknown
41228,cellular,21,aug,531,2,80,2,success
41229,cellular,21,aug,72,1,88,1,failure
41230,cellular,21,aug,116,1,-1,0,unknown
41231,cellular,21,aug,126,1,88,4,success
41232,cellular,21,aug,252,1,-1,0,unknown
41233,cellular,21,aug,171,3,91,1,failure
41234,cellular,21,aug,343,2,428,2,success
41235,cellular,21,aug,419,5,91,7,success
41236,cellular,21,aug,252,4,-1,0,unknown
41237,cellular,21,aug,534,3,-1,0,unknown
41238,cellular,21,aug,148,2,-1,0,unknown
41239,cellular,21,aug,200,3,-1,0,unknown
41240,cellular,21,aug,744,1,109,3,success
41241,cellular,21,aug,438,1,184,3,success
41242,cellular,24,aug,73,3,200,2,failure
41243,cellular,24,aug,62,2,-1,0,unknown
41244,cellular,24,aug,323,2,-1,0,unknown
41245,cellular,24,aug,130,2,94,1,success
41246,cellular,24,aug,467,2,88,4,other
41247,cellular,24,aug,190,3,194,2,success
41248,cellular,24,aug,232,2,-1,0,unknown
41249,cellular,24,aug,315,1,83,1,other
41250,telephone,24,aug,420,4,-1,0,unknown
41251,cellular,24,aug,401,1,-1,0,unknown
41252,cellular,24,aug,143,2,-1,0,unknown
41253,cellular,24,aug,79,2,94,2,success
41254,cellular,24,aug,497,2,279,2,failure
41255,cellular,24,aug,87,2,-1,0,unknown
41256,cellular,25,aug,46,4,90,7,failure
41257,telephone,25,aug,103,3,-1,0,unknown
41258,cellular,25,aug,188,3,-1,0,unknown
41259,cellular,25,aug,79,2,95,4,success
41260,cellular,25,aug,52,2,92,2,failure
41261,cellular,25,aug,158,2,-1,0,unknown
41262,telephone,25,aug,68,1,90,5,other
41263,cellular,25,aug,511,1,392,13,failure
41264,cellular,25,aug,192,1,193,1,success
41265,cellular,25,aug,585,4,-1,0,unknown
41266,cellular,25,aug,83,1,92,3,failure
41267,cellular,25,aug,53,1,-1,0,unknown
41268,telephone,25,aug,153,1,-1,0,unknown
41269,cellular,25,aug,41,2,-1,0,unknown
41270,cellular,25,aug,173,1,-1,0,unknown
41271,cellular,25,aug,279,1,117,1,failure
41272,cellular,25,aug,47,1,120,1,failure
41273,cellular,25,aug,130,2,-1,0,unknown
41274,cellular,25,aug,76,1,-1,0,unknown
41275,cellular,25,aug,479,1,-1,0,unknown
41276,cellular,25,aug,412,2,-1,0,unknown
41277,cellular,25,aug,360,5,-1,0,unknown
41278,cellular,25,aug,242,6,95,4,success
41279,cellular,25,aug,291,2,95,4,success
41280,cellular,25,aug,161,3,410,2,success
41281,cellular,26,aug,89,5,401,1,failure
41282,cellular,26,aug,78,6,85,5,other
41283,telephone,26,aug,128,3,-1,0,unknown
41284,telephone,26,aug,240,3,107,4,failure
41285,cellular,26,aug,79,1,114,3,failure
41286,telephone,26,aug,314,1,-1,0,unknown
41287,cellular,26,aug,323,1,-1,0,unknown
41288,cellular,26,aug,76,1,96,2,success
41289,cellular,26,aug,81,1,-1,0,unknown
41290,telephone,26,aug,185,1,-1,0,unknown
41291,telephone,26,aug,189,1,-1,0,unknown
41292,cellular,26,aug,103,1,-1,0,unknown
41293,cellular,26,aug,244,2,-1,0,unknown
41294,cellular,26,aug,186,1,-1,0,unknown
41295,cellular,26,aug,513,1,-1,0,unknown
41296,cellular,26,aug,624,1,-1,0,unknown
41297,cellular,26,aug,257,1,474,3,failure
41298,cellular,26,aug,143,1,93,1,failure
41299,cellular,26,aug,115,1,93,2,failure
41300,telephone,26,aug,170,4,-1,0,unknown
41301,cellular,26,aug,359,3,-1,0,unknown
41302,cellular,26,aug,197,3,-1,0,unknown
41303,cellular,27,aug,700,4,92,1,failure
41304,cellular,27,aug,125,7,-1,0,unknown
41305,cellular,27,aug,64,3,202,3,other
41306,telephone,27,aug,157,2,119,1,other
41307,cellular,27,aug,259,3,475,4,success
41308,cellular,27,aug,382,1,-1,0,unknown
41309,cellular,27,aug,154,2,97,1,other
41310,cellular,27,aug,212,1,-1,0,unknown
41311,cellular,27,aug,445,3,-1,0,unknown
41312,cellular,27,aug,236,3,-1,0,unknown
41313,cellular,27,aug,148,2,94,1,other
41314,cellular,27,aug,398,2,477,1,failure
41315,cellular,27,aug,81,1,94,1,success
41316,cellular,27,aug,294,1,-1,0,unknown
41317,cellular,28,aug,119,2,95,3,success
41318,cellular,28,aug,109,2,-1,0,unknown
41319,cellular,28,aug,207,3,478,2,failure
41320,cellular,28,aug,162,2,-1,0,unknown
41321,cellular,28,aug,125,2,95,1,failure
41322,cellular,28,aug,67,3,280,4,failure
41323,cellular,28,aug,64,1,95,2,failure
41324,telephone,28,aug,268,3,-1,0,unknown
41325,cellular,28,aug,248,1,-1,0,unknown
41326,cellular,28,aug,121,1,108,2,failure
41327,cellular,28,aug,90,1,94,2,failure
41328,cellular,28,aug,81,1,95,1,failure
41329,cellular,28,aug,108,2,-1,0,unknown
41330,cellular,28,aug,65,1,95,5,failure
41331,telephone,28,aug,359,1,-1,0,unknown
41332,cellular,28,aug,207,3,130,5,other
41333,cellular,28,aug,255,1,88,2,other
41334,cellular,28,aug,622,1,-1,0,unknown
41335,cellular,28,aug,173,1,164,4,other
41336,cellular,28,aug,283,1,-1,0,unknown
41337,cellular,28,aug,129,1,94,4,failure
41338,cellular,28,aug,370,1,116,4,success
41339,telephone,28,aug,36,1,-1,0,unknown
41340,cellular,28,aug,261,1,-1,0,unknown
41341,cellular,28,aug,94,3,-1,0,unknown
41342,cellular,28,aug,36,2,-1,0,unknown
41343,cellular,28,aug,247,2,-1,0,unknown
41344,cellular,28,aug,155,2,93,8,failure
41345,cellular,28,aug,207,8,98,1,failure
41346,cellular,28,aug,368,2,-1,0,unknown
41347,cellular,31,aug,79,5,110,7,failure
41348,cellular,31,aug,72,2,98,1,failure
41349,cellular,31,aug,65,5,97,3,failure
41350,cellular,31,aug,69,2,54,4,failure
41351,cellular,31,aug,102,2,101,3,failure
41352,telephone,31,aug,245,4,-1,0,unknown
41353,cellular,31,aug,160,3,98,1,failure
41354,telephone,31,aug,473,2,283,1,success
41355,cellular,31,aug,114,1,-1,0,unknown
41356,cellular,31,aug,83,1,-1,0,unknown
41357,cellular,31,aug,186,3,101,2,success
41358,cellular,31,aug,90,4,147,4,failure
41359,cellular,31,aug,81,1,98,11,other
41360,cellular,31,aug,267,1,474,1,failure
41361,cellular,31,aug,104,1,-1,0,unknown
41362,cellular,31,aug,106,1,55,1,failure
41363,cellular,31,aug,470,1,97,3,failure
41364,cellular,31,aug,98,3,-1,0,unknown
41365,cellular,31,aug,271,2,-1,0,unknown
41366,telephone,31,aug,164,3,98,3,failure
41367,telephone,31,aug,139,1,-1,0,unknown
41368,cellular,31,aug,219,1,157,12,failure
41369,cellular,31,aug,69,1,-1,0,unknown
41370,cellular,31,aug,89,1,-1,0,unknown
41371,cellular,31,aug,268,8,-1,0,unknown
41372,cellular,31,aug,197,2,-1,0,unknown
41373,cellular,1,sep,81,5,99,3,other
41374,cellular,1,sep,69,2,-1,0,unknown
41375,cellular,1,sep,108,7,102,3,success
41376,telephone,1,sep,97,5,204,2,other
41377,cellular,1,sep,265,2,476,4,success
41378,cellular,1,sep,157,2,-1,0,unknown
41379,cellular,1,sep,28,2,-1,0,unknown
41380,telephone,1,sep,513,13,288,11,failure
41381,cellular,1,sep,91,2,-1,0,unknown
41382,cellular,1,sep,120,1,98,5,success
41383,cellular,1,sep,109,2,-1,0,unknown
41384,cellular,1,sep,115,1,-1,0,unknown
41385,telephone,1,sep,490,1,-1,0,unknown
41386,cellular,1,sep,76,1,-1,0,unknown
41387,cellular,1,sep,368,1,-1,0,unknown
41388,cellular,1,sep,86,1,-1,0,unknown
41389,cellular,1,sep,77,1,-1,0,unknown
41390,cellular,1,sep,212,1,-1,0,unknown
41391,cellular,1,sep,82,1,-1,0,unknown
41392,cellular,1,sep,181,1,98,2,failure
41393,cellular,1,sep,531,2,-1,0,unknown
41394,cellular,1,sep,516,2,130,2,failure
41395,cellular,2,sep,378,2,386,1,success
41396,cellular,2,sep,140,2,-1,0,unknown
41397,cellular,2,sep,233,2,-1,0,unknown
41398,cellular,2,sep,172,4,-1,0,unknown
41399,cellular,2,sep,121,3,100,5,other
41400,cellular,3,sep,91,3,213,1,failure
41401,cellular,3,sep,232,1,213,1,failure
41402,cellular,3,sep,114,1,-1,0,unknown
41403,cellular,3,sep,420,1,15,3,success
41404,cellular,3,sep,260,1,94,8,success
41405,telephone,3,sep,471,1,189,1,success
41406,telephone,3,sep,225,1,-1,0,unknown
41407,cellular,3,sep,444,1,99,1,failure
41408,cellular,3,sep,144,2,463,6,failure
41409,cellular,3,sep,104,1,380,3,failure
41410,cellular,3,sep,365,1,94,1,success
41411,cellular,3,sep,331,1,99,2,other
41412,cellular,3,sep,268,1,98,3,failure
41413,cellular,3,sep,531,1,-1,0,unknown
41414,cellular,3,sep,167,1,93,3,success
41415,cellular,3,sep,81,1,213,1,failure
41416,cellular,3,sep,733,1,93,1,success
41417,cellular,3,sep,72,2,-1,0,unknown
41418,cellular,3,sep,299,1,-1,0,unknown
41419,cellular,3,sep,187,2,-1,0,unknown
41420,telephone,3,sep,2055,1,-1,0,unknown
41421,cellular,4,sep,56,2,-1,0,unknown
41422,cellular,4,sep,316,3,-1,0,unknown
41423,cellular,4,sep,73,2,-1,0,unknown
41424,cellular,4,sep,65,3,-1,0,unknown
41425,cellular,4,sep,328,2,94,2,success
41426,cellular,4,sep,256,2,94,1,failure
41427,cellular,4,sep,520,1,-1,0,unknown
41428,cellular,4,sep,730,1,157,4,failure
41429,cellular,4,sep,181,1,-1,0,unknown
41430,telephone,4,sep,384,1,91,1,other
41431,cellular,4,sep,369,1,-1,0,unknown
41432,telephone,4,sep,101,1,-1,0,unknown
41433,cellular,4,sep,205,2,-1,0,unknown
41434,cellular,4,sep,128,1,-1,0,unknown
41435,cellular,4,sep,113,1,100,2,other
41436,cellular,4,sep,879,1,-1,0,unknown
41437,cellular,4,sep,293,1,93,1,success
41438,cellular,4,sep,230,1,93,7,success
41439,telephone,4,sep,770,3,-1,0,unknown
41440,cellular,4,sep,563,1,100,4,other
41441,cellular,4,sep,123,3,-1,0,unknown
41442,cellular,4,sep,313,1,-1,0,unknown
41443,cellular,4,sep,156,2,127,8,failure
41444,cellular,4,sep,434,2,94,1,other
41445,cellular,4,sep,171,2,186,2,failure
41446,cellular,4,sep,154,3,-1,0,unknown
41447,cellular,4,sep,112,7,-1,0,unknown
41448,telephone,4,sep,113,1,-1,0,unknown
41449,cellular,7,sep,244,2,-1,0,unknown
41450,cellular,7,sep,589,3,186,6,failure
41451,telephone,7,sep,569,4,-1,0,unknown
41452,cellular,7,sep,281,3,97,2,success
41453,cellular,7,sep,350,1,98,5,success
41454,telephone,7,sep,456,1,-1,0,unknown
41455,cellular,7,sep,219,1,-1,0,unknown
41456,cellular,7,sep,497,1,-1,0,unknown
41457,telephone,7,sep,221,1,189,5,failure
41458,cellular,7,sep,669,1,94,1,other
41459,cellular,7,sep,133,3,-1,0,unknown
41460,cellular,7,sep,99,1,-1,0,unknown
41461,telephone,7,sep,289,1,-1,0,unknown
41462,cellular,7,sep,92,1,84,4,failure
41463,cellular,7,sep,89,1,103,2,success
41464,cellular,7,sep,97,1,-1,0,unknown
41465,cellular,7,sep,211,1,294,1,failure
41466,cellular,7,sep,82,1,293,1,failure
41467,cellular,7,sep,394,1,-1,0,unknown
41468,cellular,7,sep,587,1,-1,0,unknown
41469,cellular,7,sep,537,2,-1,0,unknown
41470,telephone,7,sep,147,1,-1,0,unknown
41471,cellular,7,sep,510,1,-1,0,unknown
41472,cellular,7,sep,351,1,95,6,success
41473,cellular,7,sep,231,1,94,3,success
41474,cellular,7,sep,274,1,-1,0,unknown
41475,cellular,7,sep,800,2,102,3,failure
41476,cellular,7,sep,310,2,96,2,other
41477,cellular,7,sep,107,2,-1,0,unknown
41478,cellular,7,sep,98,2,-1,0,unknown
41479,cellular,7,sep,57,2,-1,0,unknown
41480,telephone,8,sep,201,1,292,1,failure
41481,cellular,8,sep,293,1,-1,0,unknown
41482,cellular,8,sep,495,1,92,3,success
41483,cellular,8,sep,214,1,99,1,failure
41484,cellular,8,sep,206,1,-1,0,unknown
41485,cellular,8,sep,221,1,-1,0,unknown
41486,cellular,8,sep,261,1,98,1,success
41487,cellular,8,sep,169,1,-1,0,unknown
41488,cellular,8,sep,219,1,-1,0,unknown
41489,cellular,8,sep,165,1,97,4,success
41490,cellular,8,sep,445,2,-1,0,unknown
41491,cellular,8,sep,167,1,92,2,failure
41492,cellular,8,sep,260,1,96,1,success
41493,cellular,8,sep,137,1,-1,0,unknown
41494,cellular,8,sep,519,1,131,2,failure
41495,cellular,8,sep,233,1,95,1,success
41496,cellular,8,sep,76,1,-1,0,unknown
41497,cellular,8,sep,140,1,-1,0,unknown
41498,cellular,8,sep,108,2,98,3,success
41499,cellular,8,sep,400,2,95,1,success
41500,cellular,8,sep,191,1,-1,0,unknown
41501,cellular,8,sep,421,2,95,1,success
41502,telephone,8,sep,376,2,-1,0,unknown
41503,telephone,8,sep,298,3,-1,0,unknown
41504,cellular,9,sep,121,2,-1,0,unknown
41505,cellular,9,sep,475,5,-1,0,unknown
41506,telephone,9,sep,276,1,79,3,failure
41507,cellular,9,sep,71,1,139,4,success
41508,cellular,9,sep,394,1,-1,0,unknown
41509,cellular,9,sep,569,3,-1,0,unknown
41510,cellular,9,sep,234,1,100,1,failure
41511,cellular,9,sep,408,1,-1,0,unknown
41512,telephone,9,sep,214,2,99,4,failure
41513,cellular,9,sep,105,3,97,4,failure
41514,cellular,9,sep,345,1,-1,0,unknown
41515,cellular,9,sep,397,1,-1,0,unknown
41516,telephone,9,sep,488,1,-1,0,unknown
41517,cellular,9,sep,324,1,-1,0,unknown
41518,cellular,9,sep,344,1,295,1,failure
41519,cellular,9,sep,372,1,-1,0,unknown
41520,telephone,9,sep,595,1,-1,0,unknown
41521,cellular,9,sep,307,2,191,1,failure
41522,cellular,9,sep,511,1,-1,0,unknown
41523,telephone,9,sep,494,2,-1,0,unknown
41524,telephone,9,sep,277,5,-1,0,unknown
41525,cellular,9,sep,344,1,-1,0,unknown
41526,telephone,9,sep,145,1,-1,0,unknown
41527,cellular,9,sep,223,2,-1,0,unknown
41528,cellular,9,sep,278,2,132,4,failure
41529,cellular,9,sep,259,2,98,4,success
41530,cellular,10,sep,105,2,-1,0,unknown
41531,cellular,10,sep,84,3,-1,0,unknown
41532,cellular,10,sep,185,1,99,5,success
41533,cellular,10,sep,107,1,-1,0,unknown
41534,cellular,10,sep,276,1,-1,0,unknown
41535,cellular,10,sep,342,2,-1,0,unknown
41536,telephone,10,sep,230,3,-1,0,unknown
41537,cellular,10,sep,199,4,-1,0,unknown
41538,cellular,11,sep,90,4,-1,0,unknown
41539,cellular,11,sep,324,8,-1,0,unknown
41540,cellular,11,sep,122,2,91,3,failure
41541,cellular,11,sep,96,2,-1,0,unknown
41542,cellular,11,sep,260,3,95,3,success
41543,cellular,11,sep,135,4,-1,0,unknown
41544,cellular,11,sep,129,2,-1,0,unknown
41545,cellular,11,sep,339,1,38,1,failure
41546,cellular,11,sep,146,3,224,1,other
41547,cellular,11,sep,212,1,-1,0,unknown
41548,cellular,11,sep,336,1,81,2,other
41549,cellular,11,sep,285,1,-1,0,unknown
41550,cellular,11,sep,91,1,37,5,success
41551,cellular,11,sep,158,2,-1,0,unknown
41552,unknown,11,sep,91,1,100,2,other
41553,cellular,11,sep,113,1,80,1,failure
41554,cellular,11,sep,210,1,-1,0,unknown
41555,cellular,11,sep,108,2,129,2,failure
41556,cellular,11,sep,100,2,-1,0,unknown
41557,cellular,11,sep,106,2,-1,0,unknown
41558,cellular,11,sep,240,1,-1,0,unknown
41559,telephone,11,sep,240,2,95,3,other
41560,cellular,11,sep,658,4,95,2,other
41561,telephone,11,sep,290,2,-1,0,unknown
41562,cellular,14,sep,335,4,-1,0,unknown
41563,cellular,14,sep,155,1,-1,0,unknown
41564,cellular,14,sep,99,3,-1,0,unknown
41565,cellular,14,sep,112,2,24,2,other
41566,telephone,14,sep,185,2,-1,0,unknown
41567,cellular,14,sep,85,2,-1,0,unknown
41568,cellular,14,sep,394,2,-1,0,unknown
41569,cellular,14,sep,961,5,-1,0,unknown
41570,cellular,14,sep,161,1,-1,0,unknown
41571,cellular,15,sep,170,1,92,3,failure
41572,telephone,15,sep,722,1,-1,0,unknown
41573,cellular,15,sep,150,1,105,3,success
41574,cellular,15,sep,1962,1,105,3,failure
41575,cellular,15,sep,215,1,-1,0,unknown
41576,cellular,15,sep,107,2,105,2,success
41577,cellular,15,sep,173,2,99,4,failure
41578,cellular,15,sep,89,2,106,1,success
41579,cellular,15,sep,875,1,-1,0,unknown
41580,cellular,15,sep,208,1,105,2,success
41581,cellular,15,sep,126,2,134,1,other
41582,cellular,15,sep,91,1,103,3,success
41583,cellular,15,sep,106,1,105,3,success
41584,cellular,15,sep,103,1,91,2,failure
41585,cellular,15,sep,925,1,104,2,success
41586,cellular,15,sep,109,2,106,1,success
41587,cellular,15,sep,188,1,92,4,success
41588,cellular,16,sep,1702,3,105,2,success
41589,cellular,16,sep,153,1,104,2,success
41590,cellular,16,sep,106,1,-1,0,unknown
41591,cellular,16,sep,152,1,103,1,success
41592,cellular,16,sep,169,1,103,2,failure
41593,cellular,16,sep,177,1,-1,0,unknown
41594,telephone,16,sep,994,3,-1,0,unknown
41595,cellular,16,sep,292,1,-1,0,unknown
41596,cellular,16,sep,387,1,-1,0,unknown
41597,cellular,16,sep,99,2,135,3,failure
41598,cellular,16,sep,267,1,-1,0,unknown
41599,cellular,16,sep,657,2,-1,0,unknown
41600,cellular,16,sep,246,3,-1,0,unknown
41601,cellular,17,sep,613,1,-1,0,unknown
41602,cellular,17,sep,113,4,479,1,failure
41603,cellular,17,sep,543,1,-1,0,unknown
41604,unknown,18,sep,22,1,107,2,success
41605,cellular,18,sep,890,5,-1,0,unknown
41606,cellular,18,sep,267,2,114,2,failure
41607,cellular,18,sep,115,3,-1,0,unknown
41608,cellular,18,sep,1104,2,88,2,other
41609,cellular,18,sep,1551,1,31,3,failure
41610,telephone,22,sep,773,1,92,2,success
41611,cellular,22,sep,83,1,113,3,success
41612,cellular,22,sep,159,1,112,1,failure
41613,cellular,22,sep,173,1,141,2,success
41614,cellular,22,sep,239,1,99,2,success
41615,cellular,22,sep,369,1,-1,0,unknown
41616,cellular,23,sep,1353,2,-1,0,unknown
41617,cellular,23,sep,299,1,100,1,success
41618,cellular,23,sep,205,1,-1,0,unknown
41619,cellular,24,sep,62,3,-1,0,unknown
41620,cellular,24,sep,91,1,114,2,failure
41621,cellular,24,sep,261,1,-1,0,unknown
41622,cellular,25,sep,168,2,45,1,failure
41623,cellular,25,sep,55,1,46,7,other
41624,cellular,25,sep,491,1,-1,0,unknown
41625,cellular,25,sep,144,1,-1,0,unknown
41626,cellular,25,sep,105,1,-1,0,unknown
41627,cellular,25,sep,692,1,-1,0,unknown
41628,cellular,25,sep,399,2,-1,0,unknown
41629,cellular,25,sep,139,1,-1,0,unknown
41630,cellular,25,sep,114,1,95,1,other
41631,cellular,25,sep,64,1,50,2,failure
41632,cellular,25,sep,85,1,-1,0,unknown
41633,cellular,25,sep,74,1,-1,0,unknown
41634,cellular,25,sep,79,1,-1,0,unknown
41635,cellular,25,sep,210,1,-1,0,unknown
41636,cellular,25,sep,242,1,114,1,failure
41637,cellular,28,sep,500,2,228,1,failure
41638,cellular,28,sep,299,2,-1,0,unknown
41639,cellular,28,sep,294,2,105,7,other
41640,telephone,28,sep,80,3,-1,0,unknown
41641,cellular,28,sep,341,3,98,3,success
41642,cellular,29,sep,87,1,120,1,failure
41643,telephone,29,sep,316,1,119,1,other
41644,cellular,29,sep,159,1,120,2,failure
41645,cellular,29,sep,75,1,239,2,failure
41646,cellular,29,sep,138,1,-1,0,unknown
41647,cellular,30,sep,134,1,121,1,other
41648,cellular,30,sep,117,1,121,1,success
41649,cellular,30,sep,195,1,-1,0,unknown
41650,cellular,30,sep,585,1,-1,0,unknown
41651,telephone,30,sep,234,1,-1,0,unknown
41652,cellular,30,sep,314,1,41,1,success
41653,telephone,30,sep,431,1,120,1,success
41654,telephone,30,sep,992,2,-1,0,unknown
41655,cellular,1,oct,305,2,121,1,success
41656,cellular,1,oct,86,1,50,4,failure
41657,cellular,1,oct,760,1,-1,0,unknown
41658,cellular,1,oct,194,1,119,1,success
41659,cellular,1,oct,302,1,119,5,success
41660,cellular,1,oct,66,1,-1,0,unknown
41661,cellular,1,oct,199,1,-1,0,unknown
41662,cellular,1,oct,120,1,-1,0,unknown
41663,telephone,1,oct,215,1,-1,0,unknown
41664,cellular,1,oct,237,1,122,2,failure
41665,cellular,1,oct,168,1,122,2,success
41666,telephone,1,oct,321,1,-1,0,unknown
41667,cellular,1,oct,395,2,108,1,failure
41668,telephone,1,oct,258,1,93,1,failure
41669,cellular,1,oct,250,2,120,4,other
41670,cellular,1,oct,99,1,-1,0,unknown
41671,cellular,1,oct,477,1,-1,0,unknown
41672,cellular,1,oct,67,6,141,13,failure
41673,cellular,1,oct,81,1,-1,0,unknown
41674,cellular,1,oct,238,1,107,2,success
41675,cellular,1,oct,101,1,-1,0,unknown
41676,telephone,1,oct,90,1,-1,0,unknown
41677,cellular,1,oct,82,1,142,1,failure
41678,cellular,1,oct,137,1,119,1,failure
41679,cellular,1,oct,152,1,-1,0,unknown
41680,cellular,1,oct,214,1,-1,0,unknown
41681,cellular,1,oct,502,1,115,3,other
41682,cellular,2,oct,194,2,94,1,success
41683,cellular,2,oct,849,2,119,1,success
41684,telephone,2,oct,382,2,-1,0,unknown
41685,cellular,2,oct,462,1,-1,0,unknown
41686,cellular,2,oct,91,2,-1,0,unknown
41687,cellular,2,oct,160,2,109,1,success
41688,cellular,2,oct,83,5,191,2,success
41689,cellular,2,oct,121,3,-1,0,unknown
41690,cellular,6,oct,215,1,-1,0,unknown
41691,cellular,6,oct,88,1,169,3,failure
41692,cellular,6,oct,89,1,133,1,failure
41693,cellular,6,oct,205,1,-1,0,unknown
41694,cellular,6,oct,408,1,410,2,failure
41695,cellular,6,oct,144,1,-1,0,unknown
41696,cellular,6,oct,728,1,-1,0,unknown
41697,cellular,6,oct,63,1,63,7,failure
41698,cellular,6,oct,526,1,-1,0,unknown
41699,cellular,6,oct,96,1,-1,0,unknown
41700,cellular,6,oct,384,2,-1,0,unknown
41701,cellular,6,oct,125,1,-1,0,unknown
41702,cellular,6,oct,572,1,-1,0,unknown
41703,cellular,6,oct,480,1,40,5,success
41704,cellular,6,oct,296,3,-1,0,unknown
41705,cellular,6,oct,692,2,-1,0,unknown
41706,telephone,6,oct,89,2,193,1,other
41707,cellular,7,oct,323,1,-1,0,unknown
41708,telephone,7,oct,191,1,-1,0,unknown
41709,cellular,7,oct,371,1,495,1,failure
41710,cellular,7,oct,130,1,-1,0,unknown
41711,cellular,7,oct,201,1,58,3,failure
41712,cellular,7,oct,867,2,107,4,success
41713,cellular,7,oct,90,1,-1,0,unknown
41714,cellular,7,oct,290,1,114,1,failure
41715,cellular,7,oct,301,1,216,2,failure
41716,telephone,7,oct,73,2,-1,0,unknown
41717,cellular,7,oct,180,2,96,2,failure
41718,cellular,7,oct,271,2,187,16,failure
41719,telephone,7,oct,88,1,-1,0,unknown
41720,cellular,7,oct,73,2,-1,0,unknown
41721,cellular,7,oct,525,1,-1,0,unknown
41722,cellular,7,oct,223,1,-1,0,unknown
41723,cellular,7,oct,335,1,-1,0,unknown
41724,cellular,7,oct,1386,1,-1,0,unknown
41725,cellular,8,oct,90,1,-1,0,unknown
41726,cellular,8,oct,352,1,-1,0,unknown
41727,cellular,8,oct,113,1,-1,0,unknown
41728,cellular,8,oct,147,1,92,5,other
41729,cellular,8,oct,403,1,183,1,success
41730,cellular,8,oct,189,1,-1,0,unknown
41731,cellular,8,oct,152,1,-1,0,unknown
41732,cellular,8,oct,148,1,-1,0,unknown
41733,telephone,8,oct,259,1,-1,0,unknown
41734,cellular,8,oct,78,1,58,1,other
41735,cellular,8,oct,92,3,183,1,failure
41736,cellular,8,oct,97,2,-1,0,unknown
41737,cellular,8,oct,234,2,175,2,success
41738,cellular,8,oct,667,1,321,1,other
41739,cellular,8,oct,137,1,-1,0,unknown
41740,telephone,8,oct,153,1,93,1,success
41741,cellular,8,oct,676,1,-1,0,unknown
41742,cellular,8,oct,611,2,183,1,success
41743,cellular,9,oct,266,3,184,1,success
41744,cellular,9,oct,1106,2,-1,0,unknown
41745,cellular,12,oct,181,2,-1,0,unknown
41746,cellular,12,oct,79,2,-1,0,unknown
41747,telephone,12,oct,261,1,187,1,success
41748,cellular,12,oct,268,1,102,1,failure
41749,cellular,12,oct,105,1,-1,0,unknown
41750,cellular,12,oct,511,3,187,1,failure
41751,cellular,12,oct,138,1,-1,0,unknown
41752,cellular,12,oct,180,1,-1,0,unknown
41753,cellular,12,oct,92,1,-1,0,unknown
41754,cellular,12,oct,766,1,62,3,failure
41755,cellular,12,oct,146,1,-1,0,unknown
41756,telephone,12,oct,99,3,102,1,success
41757,cellular,12,oct,99,1,131,1,other
41758,telephone,12,oct,95,2,-1,0,unknown
41759,telephone,12,oct,88,3,-1,0,unknown
41760,cellular,12,oct,251,3,98,6,other
41761,cellular,13,oct,135,1,113,2,failure
41762,cellular,13,oct,63,1,-1,0,unknown
41763,cellular,13,oct,306,1,67,2,success
41764,cellular,13,oct,61,1,-1,0,unknown
41765,cellular,13,oct,78,1,216,1,failure
41766,cellular,13,oct,98,1,-1,0,unknown
41767,cellular,13,oct,167,1,-1,0,unknown
41768,telephone,13,oct,120,1,-1,0,unknown
41769,cellular,13,oct,92,1,327,1,failure
41770,cellular,13,oct,411,2,-1,0,unknown
41771,cellular,13,oct,79,2,-1,0,unknown
41772,cellular,13,oct,1226,2,-1,0,unknown
41773,cellular,13,oct,242,1,48,2,failure
41774,cellular,13,oct,845,1,152,6,failure
41775,cellular,13,oct,227,1,-1,0,unknown
41776,cellular,13,oct,182,1,-1,0,unknown
41777,cellular,13,oct,213,1,-1,0,unknown
41778,cellular,13,oct,285,1,120,1,other
41779,telephone,13,oct,200,2,-1,0,unknown
41780,cellular,13,oct,169,1,134,1,other
41781,cellular,13,oct,221,1,182,1,success
41782,cellular,13,oct,210,1,182,2,success
41783,cellular,13,oct,75,2,42,1,failure
41784,cellular,13,oct,404,1,68,1,other
41785,cellular,13,oct,1573,2,139,2,failure
41786,cellular,13,oct,896,1,57,2,success
41787,cellular,13,oct,301,2,-1,0,unknown
41788,cellular,13,oct,204,2,99,5,failure
41789,telephone,13,oct,1003,3,-1,0,unknown
41790,cellular,13,oct,123,2,-1,0,unknown
41791,cellular,13,oct,78,3,-1,0,unknown
41792,telephone,13,oct,120,1,-1,0,unknown
41793,cellular,14,oct,216,1,57,1,failure
41794,cellular,14,oct,201,1,183,1,success
41795,cellular,14,oct,84,1,183,1,success
41796,telephone,14,oct,958,1,-1,0,unknown
41797,cellular,14,oct,146,1,518,1,failure
41798,cellular,14,oct,117,1,-1,0,unknown
41799,cellular,14,oct,113,1,50,2,success
41800,cellular,14,oct,104,1,85,19,failure
41801,cellular,14,oct,727,3,182,2,other
41802,cellular,14,oct,404,2,-1,0,unknown
41803,cellular,14,oct,79,2,-1,0,unknown
41804,cellular,14,oct,108,1,-1,0,unknown
41805,cellular,14,oct,71,1,-1,0,unknown
41806,cellular,14,oct,122,3,-1,0,unknown
41807,cellular,14,oct,80,2,-1,0,unknown
41808,cellular,14,oct,595,2,-1,0,unknown
41809,telephone,14,oct,290,2,-1,0,unknown
41810,cellular,14,oct,166,2,-1,0,unknown
41811,cellular,14,oct,632,2,-1,0,unknown
41812,cellular,15,oct,441,5,246,5,failure
41813,cellular,15,oct,86,1,140,3,failure
41814,cellular,15,oct,73,1,-1,0,unknown
41815,cellular,15,oct,125,1,-1,0,unknown
41816,telephone,15,oct,280,1,-1,0,unknown
41817,cellular,15,oct,103,1,-1,0,unknown
41818,cellular,15,oct,138,1,136,8,other
41819,telephone,15,oct,172,1,-1,0,unknown
41820,cellular,15,oct,634,1,-1,0,unknown
41821,cellular,15,oct,206,1,168,5,unknown
41822,telephone,15,oct,442,1,-1,0,unknown
41823,cellular,15,oct,522,2,-1,0,unknown
41824,cellular,15,oct,76,1,69,2,failure
41825,cellular,15,oct,241,1,183,2,success
41826,cellular,15,oct,244,1,-1,0,unknown
41827,cellular,15,oct,68,1,-1,0,unknown
41828,cellular,15,oct,244,1,105,1,success
41829,cellular,15,oct,231,1,-1,0,unknown
41830,cellular,15,oct,96,2,97,2,success
41831,telephone,15,oct,485,3,184,3,failure
41832,cellular,15,oct,126,2,-1,0,unknown
41833,cellular,15,oct,457,2,-1,0,unknown
41834,cellular,15,oct,134,2,184,1,success
41835,cellular,15,oct,246,5,-1,0,unknown
41836,telephone,15,oct,166,3,183,5,success
41837,telephone,15,oct,227,1,-1,0,unknown
41838,cellular,15,oct,570,1,135,1,failure
41839,cellular,16,oct,138,2,-1,0,unknown
41840,cellular,16,oct,115,1,185,2,failure
41841,telephone,16,oct,186,1,183,1,failure
41842,cellular,16,oct,847,1,60,1,success
41843,telephone,16,oct,181,2,-1,0,unknown
41844,cellular,16,oct,154,2,119,5,failure
41845,cellular,16,oct,55,2,-1,0,unknown
41846,cellular,16,oct,1580,2,-1,0,unknown
41847,cellular,16,oct,258,1,-1,0,unknown
41848,cellular,16,oct,170,1,183,1,success
41849,cellular,16,oct,154,2,-1,0,unknown
41850,cellular,16,oct,109,5,-1,0,unknown
41851,cellular,16,oct,131,2,241,1,success
41852,cellular,16,oct,141,1,126,4,failure
41853,cellular,16,oct,95,1,-1,0,unknown
41854,cellular,16,oct,622,1,182,1,failure
41855,telephone,16,oct,128,1,-1,0,unknown
41856,cellular,16,oct,306,1,-1,0,unknown
41857,cellular,16,oct,165,1,57,1,failure
41858,telephone,16,oct,434,1,57,1,failure
41859,cellular,16,oct,108,1,-1,0,unknown
41860,cellular,16,oct,447,1,147,5,failure
41861,cellular,16,oct,156,1,-1,0,unknown
41862,cellular,16,oct,324,1,143,3,failure
41863,cellular,16,oct,717,2,-1,0,unknown
41864,cellular,16,oct,283,1,165,3,failure
41865,cellular,16,oct,136,2,-1,0,unknown
41866,cellular,19,oct,343,3,-1,0,unknown
41867,cellular,19,oct,115,2,-1,0,unknown
41868,cellular,19,oct,143,2,-1,0,unknown
41869,cellular,19,oct,131,1,-1,0,unknown
41870,cellular,19,oct,131,1,187,2,failure
41871,cellular,19,oct,238,1,-1,0,unknown
41872,cellular,19,oct,98,1,-1,0,unknown
41873,cellular,19,oct,1020,1,-1,0,unknown
41874,cellular,19,oct,123,1,-1,0,unknown
41875,cellular,19,oct,534,1,-1,0,unknown
41876,cellular,19,oct,82,1,-1,0,unknown
41877,cellular,19,oct,116,1,-1,0,unknown
41878,cellular,19,oct,120,1,-1,0,unknown
41879,cellular,19,oct,217,1,-1,0,unknown
41880,telephone,19,oct,123,1,-1,0,unknown
41881,cellular,19,oct,54,1,-1,0,unknown
41882,cellular,19,oct,169,1,-1,0,unknown
41883,cellular,19,oct,167,3,-1,0,unknown
41884,cellular,19,oct,385,2,-1,0,unknown
41885,telephone,19,oct,233,2,187,3,success
41886,telephone,19,oct,323,2,-1,0,unknown
41887,cellular,19,oct,79,1,-1,0,unknown
41888,cellular,19,oct,79,1,186,1,failure
41889,cellular,19,oct,233,1,137,20,failure
41890,telephone,19,oct,208,3,109,3,failure
41891,telephone,19,oct,270,2,-1,0,unknown
41892,cellular,19,oct,123,2,-1,0,unknown
41893,telephone,19,oct,1745,3,62,3,failure
41894,cellular,19,oct,328,1,-1,0,unknown
41895,telephone,20,oct,2187,1,-1,0,unknown
41896,cellular,20,oct,59,1,104,3,failure
41897,cellular,20,oct,164,1,183,1,failure
41898,cellular,20,oct,92,1,336,1,failure
41899,cellular,20,oct,332,1,183,3,failure
41900,cellular,20,oct,148,2,195,2,success
41901,cellular,20,oct,107,1,258,3,other
41902,telephone,20,oct,513,1,-1,0,unknown
41903,telephone,20,oct,373,1,-1,0,unknown
41904,cellular,20,oct,213,1,-1,0,unknown
41905,cellular,20,oct,304,1,337,1,failure
41906,cellular,20,oct,349,1,183,2,success
41907,cellular,20,oct,595,2,187,2,success
41908,cellular,20,oct,76,2,-1,0,unknown
41909,telephone,20,oct,251,2,-1,0,unknown
41910,cellular,20,oct,427,1,-1,0,unknown
41911,cellular,20,oct,676,2,146,2,failure
41912,cellular,21,oct,192,3,184,1,success
41913,cellular,21,oct,828,1,189,1,failure
41914,cellular,21,oct,576,1,183,4,success
41915,cellular,21,oct,110,1,106,2,failure
41916,cellular,21,oct,180,1,334,3,other
41917,cellular,21,oct,825,1,183,4,success
41918,telephone,21,oct,129,3,-1,0,unknown
41919,cellular,21,oct,1206,1,-1,0,unknown
41920,cellular,21,oct,467,2,184,1,success
41921,cellular,21,oct,512,2,184,1,success
41922,cellular,21,oct,99,1,-1,0,unknown
41923,telephone,21,oct,749,1,-1,0,unknown
41924,cellular,21,oct,135,1,-1,0,unknown
41925,cellular,21,oct,307,1,208,1,success
41926,cellular,21,oct,287,1,-1,0,unknown
41927,cellular,21,oct,107,2,-1,0,unknown
41928,cellular,21,oct,200,1,-1,0,unknown
41929,cellular,21,oct,197,2,188,2,other
41930,cellular,22,oct,252,2,-1,0,unknown
41931,cellular,22,oct,249,2,335,2,failure
41932,cellular,22,oct,360,5,-1,0,unknown
41933,cellular,22,oct,257,1,128,3,other
41934,cellular,22,oct,313,3,-1,0,unknown
41935,cellular,22,oct,118,2,-1,0,unknown
41936,cellular,22,oct,127,3,149,2,failure
41937,cellular,22,oct,277,1,184,2,success
41938,cellular,22,oct,181,1,185,1,success
41939,cellular,22,oct,133,1,107,2,success
41940,cellular,22,oct,422,1,175,4,success
41941,cellular,22,oct,287,1,-1,0,unknown
41942,cellular,22,oct,247,1,184,3,success
41943,cellular,22,oct,334,1,-1,0,unknown
41944,cellular,22,oct,391,2,-1,0,unknown
41945,cellular,22,oct,504,1,183,2,success
41946,telephone,22,oct,1002,4,-1,0,unknown
41947,cellular,22,oct,306,3,107,1,success
41948,cellular,22,oct,260,2,139,1,other
41949,telephone,22,oct,97,1,-1,0,unknown
41950,cellular,22,oct,102,1,106,1,failure
41951,cellular,22,oct,344,1,183,1,success
41952,cellular,23,oct,114,4,-1,0,unknown
41953,cellular,23,oct,336,2,184,5,failure
41954,cellular,23,oct,270,3,185,1,success
41955,cellular,23,oct,130,1,161,1,failure
41956,cellular,23,oct,210,1,-1,0,unknown
41957,cellular,23,oct,149,1,-1,0,unknown
41958,cellular,23,oct,476,1,74,2,success
41959,cellular,23,oct,427,1,182,2,failure
41960,cellular,23,oct,622,1,184,1,success
41961,cellular,23,oct,255,4,185,2,failure
41962,cellular,23,oct,438,1,430,2,failure
41963,cellular,23,oct,221,2,183,3,success
41964,cellular,23,oct,76,1,-1,0,unknown
41965,cellular,23,oct,281,1,52,4,failure
41966,cellular,23,oct,93,1,-1,0,unknown
41967,telephone,23,oct,257,2,126,3,success
41968,cellular,23,oct,56,4,-1,0,unknown
41969,telephone,23,oct,282,2,-1,0,unknown
41970,cellular,26,oct,61,2,76,3,failure
41971,cellular,26,oct,183,2,-1,0,unknown
41972,cellular,26,oct,87,2,200,2,failure
41973,cellular,26,oct,127,2,153,3,failure
41974,cellular,26,oct,110,2,-1,0,unknown
41975,cellular,26,oct,151,2,77,3,failure
41976,cellular,26,oct,99,2,185,3,failure
41977,cellular,26,oct,87,1,185,2,other
41978,cellular,26,oct,67,1,-1,0,unknown
41979,cellular,26,oct,355,1,180,5,failure
41980,cellular,26,oct,298,1,-1,0,unknown
41981,cellular,27,oct,156,1,-1,0,unknown
41982,cellular,27,oct,131,1,-1,0,unknown
41983,cellular,27,oct,96,1,111,3,failure
41984,cellular,27,oct,157,1,-1,0,unknown
41985,cellular,27,oct,143,1,188,1,success
41986,cellular,27,oct,120,1,186,1,success
41987,cellular,27,oct,207,1,-1,0,unknown
41988,cellular,27,oct,96,1,158,1,failure
41989,cellular,27,oct,96,1,267,1,failure
41990,cellular,27,oct,297,1,75,3,failure
41991,cellular,27,oct,102,1,180,3,success
41992,cellular,27,oct,424,1,515,1,failure
41993,cellular,27,oct,137,1,-1,0,unknown
41994,cellular,27,oct,759,2,-1,0,unknown
41995,cellular,27,oct,624,1,-1,0,unknown
41996,telephone,27,oct,515,1,-1,0,unknown
41997,cellular,27,oct,89,1,-1,0,unknown
41998,cellular,27,oct,88,1,-1,0,unknown
41999,telephone,27,oct,521,2,-1,0,unknown
42000,telephone,27,oct,376,1,81,3,failure
42001,telephone,27,oct,219,2,-1,0,unknown
42002,cellular,27,oct,298,1,111,8,other
42003,cellular,27,oct,259,1,-1,0,unknown
42004,cellular,27,oct,327,2,183,3,success
42005,cellular,27,oct,139,2,-1,0,unknown
42006,cellular,27,oct,255,3,148,1,success
42007,cellular,27,oct,418,2,-1,0,unknown
42008,telephone,27,oct,146,2,56,1,other
42009,cellular,27,oct,189,2,-1,0,unknown
42010,cellular,27,oct,114,1,180,1,success
42011,cellular,27,oct,83,2,76,3,failure
42012,cellular,27,oct,353,1,-1,0,unknown
42013,cellular,27,oct,113,1,-1,0,unknown
42014,cellular,27,oct,149,1,-1,0,unknown
42015,cellular,28,oct,246,2,-1,0,unknown
42016,cellular,28,oct,219,2,-1,0,unknown
42017,cellular,28,oct,108,1,-1,0,unknown
42018,cellular,28,oct,95,1,112,2,failure
42019,cellular,28,oct,154,1,181,2,failure
42020,cellular,28,oct,96,1,-1,0,unknown
42021,telephone,28,oct,149,1,-1,0,unknown
42022,cellular,28,oct,300,1,-1,0,unknown
42023,cellular,28,oct,73,1,-1,0,unknown
42024,cellular,28,oct,1118,1,-1,0,unknown
42025,cellular,28,oct,210,1,-1,0,unknown
42026,cellular,28,oct,1092,1,-1,0,unknown
42027,telephone,28,oct,509,1,-1,0,unknown
42028,cellular,28,oct,190,1,82,1,success
42029,cellular,28,oct,371,1,-1,0,unknown
42030,cellular,28,oct,501,1,-1,0,unknown
42031,telephone,28,oct,182,2,-1,0,unknown
42032,telephone,28,oct,172,1,-1,0,unknown
42033,cellular,28,oct,524,3,272,1,failure
42034,cellular,28,oct,207,1,194,1,success
42035,cellular,29,oct,164,2,-1,0,unknown
42036,cellular,29,oct,423,3,-1,0,unknown
42037,cellular,29,oct,408,2,-1,0,unknown
42038,cellular,29,oct,139,1,-1,0,unknown
42039,cellular,29,oct,247,2,-1,0,unknown
42040,cellular,29,oct,164,1,-1,0,unknown
42041,cellular,29,oct,142,1,-1,0,unknown
42042,cellular,29,oct,209,1,188,2,unknown
42043,cellular,29,oct,1707,2,-1,0,unknown
42044,cellular,29,oct,189,3,-1,0,unknown
42045,cellular,29,oct,437,2,-1,0,unknown
42046,cellular,29,oct,251,2,-1,0,unknown
42047,cellular,29,oct,318,1,269,1,failure
42048,cellular,29,oct,401,1,-1,0,unknown
42049,cellular,29,oct,215,3,80,5,success
42050,cellular,29,oct,679,1,-1,0,unknown
42051,cellular,29,oct,264,1,-1,0,unknown
42052,cellular,29,oct,262,1,204,1,other
42053,cellular,29,oct,106,2,269,2,failure
42054,cellular,29,oct,215,2,78,2,other
42055,cellular,29,oct,288,3,-1,0,unknown
42056,cellular,29,oct,140,2,-1,0,unknown
42057,cellular,29,oct,68,2,-1,0,unknown
42058,cellular,29,oct,124,1,-1,0,unknown
42059,cellular,29,oct,136,1,148,1,failure
42060,telephone,29,oct,220,3,155,3,other
42061,cellular,29,oct,746,2,86,1,other
42062,cellular,29,oct,377,1,520,1,other
42063,cellular,29,oct,250,1,342,5,failure
42064,cellular,29,oct,424,2,213,3,success
42065,cellular,29,oct,174,2,-1,0,unknown
42066,telephone,29,oct,157,4,183,3,failure
42067,cellular,29,oct,279,1,148,1,failure
42068,cellular,29,oct,445,1,-1,0,unknown
42069,cellular,30,oct,631,2,149,3,failure
42070,telephone,30,oct,70,3,-1,0,unknown
42071,cellular,30,oct,212,2,-1,0,unknown
42072,cellular,30,oct,176,5,158,7,other
42073,cellular,30,oct,373,3,-1,0,unknown
42074,telephone,30,oct,62,3,-1,0,unknown
42075,cellular,30,oct,160,1,-1,0,unknown
42076,cellular,30,oct,155,1,184,1,success
42077,cellular,30,oct,59,1,-1,0,unknown
42078,cellular,30,oct,125,1,-1,0,unknown
42079,cellular,30,oct,217,1,-1,0,unknown
42080,cellular,30,oct,640,1,-1,0,unknown
42081,cellular,30,oct,144,1,-1,0,unknown
42082,cellular,30,oct,480,1,-1,0,unknown
42083,cellular,30,oct,180,2,-1,0,unknown
42084,cellular,30,oct,183,2,-1,0,unknown
42085,cellular,30,oct,196,2,-1,0,unknown
42086,cellular,30,oct,294,1,270,1,failure
42087,cellular,30,oct,257,3,-1,0,unknown
42088,cellular,30,oct,175,1,197,1,failure
42089,cellular,30,oct,368,2,-1,0,unknown
42090,telephone,30,oct,152,4,-1,0,unknown
42091,cellular,30,oct,416,2,-1,0,unknown
42092,telephone,30,oct,177,2,-1,0,unknown
42093,telephone,2,nov,105,2,-1,0,unknown
42094,cellular,2,nov,131,2,171,2,failure
42095,cellular,2,nov,101,3,80,3,success
42096,cellular,2,nov,131,2,-1,0,unknown
42097,cellular,2,nov,69,4,182,4,failure
42098,cellular,2,nov,91,2,-1,0,unknown
42099,cellular,2,nov,75,2,-1,0,unknown
42100,cellular,2,nov,59,2,-1,0,unknown
42101,cellular,2,nov,53,2,161,1,failure
42102,telephone,2,nov,358,2,186,1,failure
42103,cellular,2,nov,154,3,-1,0,unknown
42104,cellular,2,nov,173,1,-1,0,unknown
42105,cellular,2,nov,92,3,-1,0,unknown
42106,telephone,2,nov,459,1,-1,0,unknown
42107,cellular,2,nov,272,1,-1,0,unknown
42108,cellular,2,nov,204,1,186,7,success
42109,cellular,2,nov,182,1,81,1,failure
42110,cellular,2,nov,144,1,-1,0,unknown
42111,cellular,2,nov,188,1,186,1,success
42112,telephone,2,nov,227,5,164,3,other
42113,cellular,2,nov,109,1,160,1,success
42114,cellular,2,nov,180,2,171,1,failure
42115,telephone,2,nov,117,5,-1,0,unknown
42116,telephone,2,nov,214,3,-1,0,unknown
42117,cellular,2,nov,162,2,-1,0,unknown
42118,telephone,2,nov,83,4,101,4,other
42119,cellular,2,nov,85,2,-1,0,unknown
42120,telephone,2,nov,179,5,98,2,failure
42121,cellular,2,nov,209,2,273,1,failure
42122,cellular,2,nov,46,3,-1,0,unknown
42123,cellular,3,nov,102,1,-1,0,unknown
42124,cellular,3,nov,88,2,83,2,failure
42125,cellular,3,nov,289,1,-1,0,unknown
42126,cellular,3,nov,1233,1,351,2,failure
42127,cellular,3,nov,187,1,-1,0,unknown
42128,cellular,3,nov,149,1,-1,0,unknown
42129,cellular,3,nov,566,1,182,7,failure
42130,cellular,3,nov,412,1,-1,0,unknown
42131,cellular,3,nov,222,3,187,3,failure
42132,cellular,3,nov,537,1,-1,0,unknown
42133,cellular,3,nov,217,1,70,2,failure
42134,cellular,3,nov,195,1,-1,0,unknown
42135,cellular,3,nov,193,1,-1,0,unknown
42136,cellular,3,nov,181,4,183,7,success
42137,cellular,3,nov,215,1,-1,0,unknown
42138,cellular,3,nov,358,1,-1,0,unknown
42139,cellular,3,nov,177,2,85,3,failure
42140,cellular,3,nov,179,1,-1,0,unknown
42141,cellular,3,nov,322,1,-1,0,unknown
42142,cellular,3,nov,284,2,273,1,failure
42143,cellular,3,nov,322,1,187,1,success
42144,telephone,3,nov,383,1,-1,0,unknown
42145,cellular,4,nov,116,4,154,1,failure
42146,cellular,4,nov,298,2,82,4,other
42147,cellular,4,nov,86,3,-1,0,unknown
42148,cellular,4,nov,70,5,85,5,other
42149,cellular,4,nov,138,1,84,2,failure
42150,cellular,4,nov,101,1,-1,0,unknown
42151,cellular,4,nov,85,1,142,1,failure
42152,cellular,4,nov,158,1,-1,0,unknown
42153,cellular,4,nov,358,1,162,2,failure
42154,cellular,4,nov,199,1,275,3,success
42155,cellular,4,nov,272,1,-1,0,unknown
42156,cellular,4,nov,572,1,-1,0,unknown
42157,cellular,4,nov,257,2,184,2,failure
42158,cellular,5,nov,76,2,-1,0,unknown
42159,cellular,5,nov,298,5,-1,0,unknown
42160,telephone,5,nov,143,3,90,1,other
42161,telephone,5,nov,111,9,511,4,other
42162,cellular,5,nov,509,2,-1,0,unknown
42163,cellular,6,nov,464,5,192,8,other
42164,telephone,6,nov,136,1,-1,0,unknown
42165,cellular,6,nov,312,1,-1,0,unknown
42166,cellular,6,nov,126,2,87,2,failure
42167,cellular,6,nov,455,2,84,2,other
42168,cellular,6,nov,368,2,80,2,success
42169,cellular,6,nov,178,2,94,1,success
42170,cellular,9,nov,425,1,462,1,failure
42171,cellular,9,nov,178,1,-1,0,unknown
42172,cellular,9,nov,262,1,94,2,success
42173,cellular,9,nov,118,1,-1,0,unknown
42174,cellular,9,nov,165,1,91,7,success
42175,cellular,9,nov,98,1,91,2,failure
42176,telephone,9,nov,201,1,-1,0,unknown
42177,cellular,9,nov,161,1,209,2,failure
42178,cellular,9,nov,696,2,88,12,failure
42179,cellular,9,nov,371,2,96,4,failure
42180,cellular,9,nov,263,1,90,1,failure
42181,telephone,9,nov,235,2,-1,0,unknown
42182,cellular,9,nov,257,1,-1,0,unknown
42183,cellular,9,nov,270,1,144,2,failure
42184,cellular,9,nov,347,4,189,2,success
42185,cellular,9,nov,171,2,96,5,success
42186,cellular,10,nov,182,2,194,1,success
42187,cellular,10,nov,193,2,-1,0,unknown
42188,cellular,10,nov,406,2,-1,0,unknown
42189,cellular,10,nov,147,1,96,8,success
42190,cellular,10,nov,318,2,97,6,success
42191,cellular,10,nov,95,1,95,3,success
42192,cellular,10,nov,89,1,91,4,success
42193,telephone,10,nov,345,2,-1,0,unknown
42194,cellular,10,nov,344,2,95,2,success
42195,cellular,10,nov,266,2,92,3,failure
42196,cellular,10,nov,144,3,91,2,failure
42197,cellular,10,nov,301,2,91,1,success
42198,cellular,10,nov,254,5,-1,0,unknown
42199,cellular,10,nov,293,3,190,10,failure
42200,cellular,10,nov,185,1,-1,0,unknown
42201,cellular,10,nov,594,1,91,1,success
42202,cellular,10,nov,280,1,89,2,failure
42203,cellular,10,nov,213,1,190,1,other
42204,cellular,10,nov,131,4,89,3,failure
42205,telephone,10,nov,208,2,-1,0,unknown
42206,cellular,10,nov,133,3,89,1,failure
42207,cellular,10,nov,98,2,-1,0,unknown
42208,cellular,11,nov,516,2,90,3,other
42209,telephone,11,nov,93,2,-1,0,unknown
42210,cellular,11,nov,269,2,-1,0,unknown
42211,cellular,11,nov,158,1,195,1,failure
42212,cellular,11,nov,133,1,90,3,failure
42213,cellular,11,nov,406,1,195,1,failure
42214,cellular,11,nov,166,1,195,1,success
42215,cellular,11,nov,79,4,-1,0,unknown
42216,cellular,11,nov,69,3,-1,0,unknown
42217,cellular,11,nov,199,1,-1,0,unknown
42218,cellular,11,nov,98,2,97,3,failure
42219,cellular,11,nov,131,1,96,5,failure
42220,cellular,11,nov,229,2,96,3,success
42221,cellular,11,nov,166,3,97,7,success
42222,cellular,11,nov,244,2,-1,0,unknown
42223,cellular,11,nov,135,2,148,1,other
42224,cellular,11,nov,172,1,91,5,success
42225,telephone,11,nov,241,1,92,1,success
42226,cellular,11,nov,248,1,-1,0,unknown
42227,telephone,11,nov,513,1,91,1,success
42228,unknown,12,nov,71,1,378,1,success
42229,cellular,12,nov,90,3,93,6,success
42230,cellular,12,nov,227,3,93,6,success
42231,cellular,12,nov,116,5,170,2,failure
42232,cellular,12,nov,123,1,196,1,success
42233,cellular,12,nov,39,3,-1,0,unknown
42234,cellular,12,nov,253,1,92,4,failure
42235,cellular,12,nov,226,1,92,1,other
42236,cellular,12,nov,177,1,92,1,failure
42237,cellular,12,nov,241,1,-1,0,unknown
42238,cellular,12,nov,702,1,-1,0,unknown
42239,cellular,12,nov,427,1,-1,0,unknown
42240,cellular,12,nov,110,1,279,1,failure
42241,cellular,12,nov,134,2,192,3,failure
42242,cellular,12,nov,126,1,92,5,failure
42243,cellular,12,nov,104,1,99,2,other
42244,telephone,12,nov,226,1,-1,0,unknown
42245,cellular,12,nov,89,1,97,3,success
42246,cellular,12,nov,169,1,196,2,success
42247,cellular,12,nov,150,1,463,5,failure
42248,cellular,12,nov,134,1,-1,0,unknown
42249,cellular,12,nov,247,1,97,8,failure
42250,cellular,12,nov,771,2,-1,0,unknown
42251,telephone,12,nov,124,2,91,4,other
42252,cellular,12,nov,189,2,-1,0,unknown
42253,cellular,12,nov,893,7,-1,0,unknown
42254,cellular,12,nov,192,2,92,2,failure
42255,cellular,12,nov,366,2,98,1,failure
42256,cellular,12,nov,707,2,97,2,success
42257,cellular,12,nov,627,2,192,1,success
42258,telephone,12,nov,411,4,192,1,other
42259,cellular,13,nov,176,2,197,2,success
42260,cellular,13,nov,350,5,93,2,success
42261,cellular,13,nov,131,2,197,1,success
42262,cellular,13,nov,202,5,-1,0,unknown
42263,cellular,13,nov,181,1,197,1,success
42264,cellular,13,nov,122,1,92,3,success
42265,telephone,13,nov,2184,2,95,3,failure
42266,telephone,13,nov,135,1,94,2,other
42267,telephone,13,nov,212,3,277,12,failure
42268,cellular,13,nov,186,2,98,1,success
42269,cellular,13,nov,180,3,91,4,success
42270,cellular,13,nov,226,1,94,4,success
42271,cellular,13,nov,122,5,-1,0,unknown
42272,telephone,13,nov,137,1,-1,0,unknown
42273,cellular,13,nov,122,4,101,5,failure
42274,cellular,13,nov,210,1,93,1,success
42275,cellular,13,nov,495,1,93,1,success
42276,cellular,13,nov,632,1,93,2,failure
42277,cellular,13,nov,167,1,92,1,success
42278,cellular,13,nov,259,1,92,2,failure
42279,cellular,13,nov,264,1,-1,0,unknown
42280,cellular,13,nov,239,2,93,2,success
42281,cellular,13,nov,381,1,-1,0,unknown
42282,cellular,13,nov,193,1,92,1,success
42283,telephone,13,nov,271,2,92,4,success
42284,telephone,13,nov,332,2,92,2,success
42285,cellular,13,nov,227,2,-1,0,unknown
42286,cellular,13,nov,182,2,91,2,success
42287,cellular,13,nov,256,2,92,3,failure
42288,cellular,16,nov,139,2,95,1,success
42289,cellular,16,nov,95,1,200,2,success
42290,cellular,16,nov,130,1,95,2,failure
42291,cellular,16,nov,295,1,200,2,success
42292,cellular,16,nov,301,1,94,3,failure
42293,cellular,16,nov,1011,1,94,4,success
42294,cellular,16,nov,146,1,94,2,success
42295,telephone,16,nov,167,1,-1,0,unknown
42296,cellular,16,nov,183,1,94,1,success
42297,telephone,16,nov,135,8,96,1,success
42298,cellular,16,nov,176,1,200,2,success
42299,cellular,16,nov,124,1,-1,0,unknown
42300,cellular,16,nov,163,1,200,1,failure
42301,cellular,16,nov,84,1,196,1,failure
42302,cellular,16,nov,365,1,-1,0,unknown
42303,telephone,16,nov,107,2,-1,0,unknown
42304,cellular,16,nov,432,5,-1,0,unknown
42305,cellular,16,nov,244,2,178,1,failure
42306,cellular,16,nov,136,1,287,1,failure
42307,cellular,16,nov,137,3,208,1,failure
42308,cellular,16,nov,104,1,196,1,failure
42309,cellular,16,nov,250,1,-1,0,unknown
42310,telephone,16,nov,986,1,94,8,failure
42311,telephone,16,nov,57,4,-1,0,unknown
42312,cellular,16,nov,175,1,200,1,success
42313,cellular,16,nov,79,4,94,3,failure
42314,cellular,16,nov,380,1,88,1,failure
42315,telephone,16,nov,446,13,96,1,other
42316,cellular,16,nov,104,3,175,2,failure
42317,cellular,16,nov,77,1,-1,0,unknown
42318,cellular,16,nov,257,1,-1,0,unknown
42319,cellular,16,nov,445,2,95,1,failure
42320,cellular,16,nov,75,1,-1,0,unknown
42321,cellular,16,nov,111,1,94,1,other
42322,cellular,16,nov,105,2,94,2,success
42323,cellular,16,nov,984,5,-1,0,unknown
42324,cellular,16,nov,202,1,96,2,other
42325,cellular,16,nov,1248,2,94,2,failure
42326,unknown,17,nov,85,1,-1,0,unknown
42327,cellular,17,nov,709,2,-1,0,unknown
42328,cellular,17,nov,168,2,-1,0,unknown
42329,cellular,17,nov,209,1,91,2,failure
42330,cellular,17,nov,140,3,97,3,failure
42331,cellular,17,nov,408,3,-1,0,unknown
42332,cellular,17,nov,134,2,91,1,success
42333,cellular,17,nov,747,2,-1,0,unknown
42334,cellular,17,nov,409,2,-1,0,unknown
42335,telephone,17,nov,135,1,-1,0,unknown
42336,cellular,17,nov,393,4,201,17,other
42337,cellular,17,nov,255,1,-1,0,unknown
42338,cellular,17,nov,309,3,208,4,success
42339,cellular,17,nov,525,3,-1,0,unknown
42340,cellular,24,nov,108,1,-1,0,unknown
42341,cellular,24,nov,190,3,91,11,failure
42342,cellular,24,nov,187,2,-1,0,unknown
42343,cellular,24,nov,141,2,95,2,other
42344,cellular,24,nov,166,2,-1,0,unknown
42345,cellular,24,nov,112,1,-1,0,unknown
42346,cellular,24,nov,283,1,-1,0,unknown
42347,cellular,24,nov,325,1,95,5,success
42348,cellular,25,nov,968,2,97,4,success
42349,cellular,25,nov,92,2,-1,0,unknown
42350,cellular,25,nov,285,2,97,7,success
42351,cellular,25,nov,295,1,93,3,success
42352,cellular,25,nov,242,1,85,8,failure
42353,cellular,25,nov,106,1,205,2,other
42354,cellular,25,nov,1092,1,-1,0,unknown
42355,cellular,25,nov,421,1,-1,0,unknown
42356,cellular,25,nov,87,1,-1,0,unknown
42357,cellular,25,nov,372,1,-1,0,unknown
42358,cellular,25,nov,103,1,-1,0,unknown
42359,cellular,25,nov,99,1,92,2,failure
42360,cellular,25,nov,234,1,-1,0,unknown
42361,cellular,25,nov,349,2,183,1,success
42362,cellular,25,nov,487,1,97,2,failure
42363,cellular,25,nov,232,1,96,4,success
42364,cellular,25,nov,208,1,91,1,success
42365,cellular,25,nov,170,1,-1,0,unknown
42366,cellular,25,nov,414,1,184,1,failure
42367,cellular,25,nov,296,1,205,2,failure
42368,cellular,25,nov,237,1,85,4,other
42369,cellular,25,nov,342,1,-1,0,unknown
42370,cellular,25,nov,238,2,184,1,success
42371,cellular,25,nov,541,1,-1,0,unknown
42372,cellular,27,nov,142,2,-1,0,unknown
42373,cellular,27,nov,92,2,99,1,failure
42374,telephone,27,nov,341,4,94,3,failure
42375,cellular,27,nov,160,1,-1,0,unknown
42376,cellular,27,nov,65,3,-1,0,unknown
42377,cellular,30,nov,110,3,189,1,success
42378,telephone,30,nov,1628,2,188,8,success
42379,cellular,30,nov,448,2,214,1,failure
42380,telephone,30,nov,337,3,-1,0,unknown
42381,cellular,30,nov,598,4,-1,0,unknown
42382,cellular,30,nov,210,3,-1,0,unknown
42383,cellular,30,nov,152,1,188,2,success
42384,cellular,30,nov,151,6,103,4,other
42385,cellular,30,nov,123,1,186,4,failure
42386,cellular,30,nov,260,5,103,1,success
42387,cellular,30,nov,152,1,-1,0,unknown
42388,cellular,30,nov,107,1,105,3,failure
42389,cellular,30,nov,113,1,168,1,failure
42390,cellular,2,dec,357,1,188,3,other
42391,cellular,2,dec,310,1,-1,0,unknown
42392,cellular,2,dec,346,1,-1,0,unknown
42393,cellular,2,dec,415,1,190,5,failure
42394,cellular,2,dec,187,2,-1,0,unknown
42395,cellular,3,dec,244,2,184,1,success
42396,telephone,3,dec,37,1,-1,0,unknown
42397,cellular,3,dec,284,1,171,1,failure
42398,cellular,3,dec,154,1,97,2,failure
42399,cellular,3,dec,155,1,120,3,success
42400,cellular,3,dec,352,1,-1,0,unknown
42401,cellular,3,dec,97,3,199,8,other
42402,cellular,3,dec,1804,3,182,3,other
42403,cellular,3,dec,472,1,-1,0,unknown
42404,telephone,3,dec,237,1,-1,0,unknown
42405,cellular,3,dec,110,1,183,1,success
42406,cellular,3,dec,350,1,182,1,success
42407,cellular,3,dec,274,1,230,1,success
42408,telephone,4,dec,705,2,-1,0,unknown
42409,cellular,4,dec,271,2,-1,0,unknown
42410,cellular,4,dec,208,2,-1,0,unknown
42411,cellular,4,dec,439,3,185,5,success
42412,cellular,4,dec,127,2,184,2,success
42413,cellular,4,dec,821,5,242,1,success
42414,cellular,4,dec,377,5,191,11,other
42415,cellular,4,dec,78,2,-1,0,unknown
42416,cellular,4,dec,55,2,-1,0,unknown
42417,cellular,4,dec,232,3,310,2,failure
42418,cellular,4,dec,360,2,105,5,success
42419,cellular,4,dec,696,10,-1,0,unknown
42420,cellular,4,dec,1139,2,114,1,success
42421,cellular,4,dec,300,3,-1,0,unknown
42422,telephone,4,dec,157,6,95,37,other
42423,cellular,4,dec,720,5,536,5,failure
42424,cellular,7,dec,929,5,189,1,other
42425,cellular,7,dec,85,2,-1,0,unknown
42426,cellular,7,dec,69,1,185,2,failure
42427,cellular,7,dec,163,1,186,1,success
42428,cellular,7,dec,143,1,283,3,failure
42429,cellular,7,dec,138,1,-1,0,unknown
42430,cellular,7,dec,334,3,-1,0,unknown
42431,cellular,7,dec,344,1,-1,0,unknown
42432,cellular,7,dec,292,1,-1,0,unknown
42433,cellular,7,dec,371,1,-1,0,unknown
42434,cellular,7,dec,200,1,196,2,failure
42435,cellular,7,dec,262,3,-1,0,unknown
42436,cellular,7,dec,248,1,-1,0,unknown
42437,cellular,7,dec,164,1,-1,0,unknown
42438,cellular,7,dec,415,2,116,4,failure
42439,cellular,7,dec,308,2,-1,0,unknown
42440,telephone,7,dec,358,6,-1,0,unknown
42441,cellular,7,dec,127,2,-1,0,unknown
42442,telephone,7,dec,91,2,217,1,other
42443,cellular,7,dec,347,4,186,5,success
42444,cellular,7,dec,620,3,-1,0,unknown
42445,cellular,7,dec,329,2,-1,0,unknown
42446,cellular,7,dec,245,5,-1,0,unknown
42447,cellular,7,dec,254,3,385,2,other
42448,cellular,7,dec,1002,3,283,2,success
42449,cellular,9,dec,288,7,183,4,success
42450,cellular,9,dec,179,1,190,1,success
42451,cellular,9,dec,787,1,188,8,other
42452,cellular,9,dec,390,1,-1,0,unknown
42453,telephone,9,dec,137,8,188,2,other
42454,cellular,9,dec,124,1,-1,0,unknown
42455,cellular,9,dec,161,1,190,1,success
42456,cellular,9,dec,265,1,184,3,success
42457,cellular,9,dec,854,1,-1,0,unknown
42458,cellular,9,dec,479,2,-1,0,unknown
42459,telephone,9,dec,343,2,-1,0,unknown
42460,telephone,9,dec,595,1,-1,0,unknown
42461,telephone,9,dec,395,1,-1,0,unknown
42462,cellular,9,dec,456,2,275,9,success
42463,telephone,9,dec,87,6,-1,0,unknown
42464,telephone,9,dec,135,3,191,2,failure
42465,telephone,9,dec,220,2,-1,0,unknown
42466,telephone,9,dec,207,3,387,2,failure
42467,cellular,9,dec,149,3,-1,0,unknown
42468,cellular,10,dec,336,5,-1,0,unknown
42469,cellular,10,dec,429,1,-1,0,unknown
42470,telephone,10,dec,441,2,156,1,other
42471,cellular,10,dec,112,2,-1,0,unknown
42472,cellular,10,dec,798,1,185,5,other
42473,cellular,10,dec,267,1,-1,0,unknown
42474,telephone,10,dec,805,1,190,1,other
42475,cellular,10,dec,182,1,156,1,failure
42476,telephone,10,dec,208,1,-1,0,unknown
42477,cellular,10,dec,422,1,188,3,success
42478,cellular,10,dec,232,1,-1,0,unknown
42479,cellular,10,dec,501,1,188,2,success
42480,cellular,10,dec,364,1,191,4,failure
42481,cellular,10,dec,582,4,115,1,other
42482,cellular,11,dec,141,2,-1,0,unknown
42483,cellular,11,dec,166,3,126,3,other
42484,cellular,14,dec,263,1,195,2,failure
42485,cellular,14,dec,420,1,175,2,failure
42486,cellular,14,dec,352,1,182,3,success
42487,cellular,14,dec,269,1,194,2,failure
42488,cellular,14,dec,122,3,-1,0,unknown
42489,telephone,14,dec,88,6,193,5,other
42490,cellular,14,dec,446,2,-1,0,unknown
42491,cellular,14,dec,321,3,189,4,success
42492,telephone,14,dec,86,2,111,1,failure
42493,cellular,15,dec,351,1,-1,0,unknown
42494,telephone,15,dec,150,1,-1,0,unknown
42495,telephone,15,dec,476,1,193,1,failure
42496,cellular,15,dec,324,2,-1,0,unknown
42497,cellular,15,dec,279,3,189,19,other
42498,cellular,15,dec,72,4,186,6,success
42499,cellular,16,dec,314,1,195,1,success
42500,cellular,16,dec,147,1,194,1,other
42501,cellular,16,dec,325,1,124,2,failure
42502,telephone,16,dec,443,1,-1,0,unknown
42503,cellular,16,dec,283,2,196,1,success
42504,cellular,16,dec,546,2,-1,0,unknown
42505,cellular,17,dec,155,1,199,2,failure
42506,cellular,17,dec,97,1,231,2,failure
42507,cellular,17,dec,188,2,-1,0,unknown
42508,cellular,17,dec,103,1,206,1,failure
42509,cellular,17,dec,141,4,182,2,other
42510,cellular,17,dec,221,1,-1,0,unknown
42511,cellular,17,dec,412,2,-1,0,unknown
42512,cellular,17,dec,330,2,127,3,success
42513,cellular,17,dec,222,2,231,1,failure
42514,cellular,17,dec,110,2,205,3,failure
42515,cellular,17,dec,726,3,-1,0,unknown
42516,cellular,17,dec,324,3,126,3,success
42517,cellular,17,dec,184,6,196,2,failure
42518,cellular,17,dec,221,3,-1,0,unknown
42519,cellular,18,dec,170,4,197,2,success
42520,cellular,18,dec,454,6,199,1,failure
42521,cellular,18,dec,406,1,182,2,failure
42522,cellular,18,dec,248,6,-1,0,unknown
42523,cellular,18,dec,364,3,-1,0,unknown
42524,cellular,18,dec,180,2,-1,0,unknown
42525,cellular,18,dec,127,2,196,1,success
42526,cellular,18,dec,415,7,-1,0,unknown
42527,telephone,18,dec,104,5,198,4,success
42528,cellular,21,dec,116,2,202,1,failure
42529,telephone,21,dec,294,3,315,4,success
42530,cellular,21,dec,103,5,124,4,success
42531,cellular,21,dec,193,8,203,1,success
42532,cellular,21,dec,322,1,189,1,success
42533,cellular,21,dec,467,1,186,2,success
42534,telephone,21,dec,2062,2,257,1,success
42535,cellular,21,dec,264,2,-1,0,unknown
42536,cellular,21,dec,94,5,202,17,failure
42537,cellular,21,dec,94,3,200,6,success
42538,cellular,21,dec,367,2,294,2,failure
42539,cellular,21,dec,385,7,131,2,failure
42540,cellular,21,dec,267,2,-1,0,unknown
42541,cellular,22,dec,321,2,-1,0,unknown
42542,cellular,22,dec,190,1,188,9,success
42543,cellular,22,dec,396,1,-1,0,unknown
42544,cellular,22,dec,410,3,165,2,other
42545,cellular,22,dec,305,3,309,5,success
42546,cellular,22,dec,158,2,-1,0,unknown
42547,cellular,23,dec,282,1,203,1,success
42548,cellular,23,dec,102,2,210,2,other
42549,cellular,23,dec,140,2,201,2,other
42550,cellular,24,dec,422,2,-1,0,unknown
42551,cellular,24,dec,520,3,133,3,failure
42552,cellular,24,dec,237,1,206,2,failure
42553,cellular,24,dec,956,1,-1,0,unknown
42554,cellular,24,dec,150,2,195,2,success
42555,cellular,24,dec,62,3,202,2,failure
42556,telephone,24,dec,273,1,203,1,failure
42557,cellular,28,dec,250,3,-1,0,unknown
42558,telephone,28,dec,679,1,313,2,other
42559,cellular,28,dec,1141,1,209,1,other
42560,cellular,28,dec,83,4,-1,0,unknown
42561,cellular,28,dec,193,1,220,1,failure
42562,cellular,28,dec,433,1,-1,0,unknown
42563,cellular,28,dec,112,2,-1,0,unknown
42564,cellular,28,dec,206,2,196,2,success
42565,cellular,28,dec,315,1,210,2,success
42566,telephone,28,dec,824,1,193,11,success
42567,cellular,28,dec,400,3,-1,0,unknown
42568,cellular,28,dec,256,1,-1,0,unknown
42569,cellular,28,dec,1472,1,143,10,other
42570,cellular,28,dec,137,1,122,3,failure
42571,cellular,28,dec,473,2,216,2,failure
42572,cellular,28,dec,893,1,-1,0,unknown
42573,cellular,29,dec,195,2,-1,0,unknown
42574,telephone,29,dec,207,4,189,1,other
42575,cellular,29,dec,284,1,-1,0,unknown
42576,cellular,29,dec,155,1,197,1,success
42577,cellular,29,dec,434,1,197,1,success
42578,cellular,29,dec,296,1,176,4,success
42579,cellular,29,dec,1370,3,209,3,success
42580,cellular,29,dec,449,2,-1,0,unknown
42581,cellular,29,dec,196,2,197,2,success
42582,cellular,29,dec,215,2,-1,0,unknown
42583,cellular,29,dec,109,1,246,1,failure
42584,cellular,29,dec,554,1,-1,0,unknown
42585,cellular,29,dec,63,3,200,9,success
42586,cellular,30,dec,146,2,218,1,failure
42587,cellular,30,dec,369,2,-1,0,unknown
42588,cellular,30,dec,158,3,-1,0,unknown
42589,cellular,30,dec,110,3,232,2,failure
42590,cellular,31,dec,646,3,198,2,success
42591,unknown,6,jan,78,1,-1,0,unknown
42592,unknown,6,jan,54,1,-1,0,unknown
42593,unknown,7,jan,7,1,-1,0,unknown
42594,unknown,7,jan,23,1,-1,0,unknown
42595,unknown,7,jan,118,1,-1,0,unknown
42596,unknown,7,jan,176,1,-1,0,unknown
42597,cellular,8,jan,249,1,119,1,failure
42598,cellular,8,jan,187,1,-1,0,unknown
42599,cellular,8,jan,151,1,189,1,success
42600,cellular,8,jan,301,2,-1,0,unknown
42601,telephone,8,jan,176,2,-1,0,unknown
42602,cellular,11,jan,202,1,91,1,success
42603,telephone,11,jan,585,1,192,2,success
42604,cellular,11,jan,210,1,192,2,success
42605,cellular,11,jan,170,1,343,1,other
42606,cellular,11,jan,111,1,210,4,failure
42607,telephone,11,jan,767,2,83,1,success
42608,cellular,11,jan,300,2,48,1,failure
42609,unknown,11,jan,28,1,-1,0,unknown
42610,cellular,11,jan,102,3,96,4,other
42611,cellular,11,jan,502,3,270,40,other
42612,cellular,11,jan,499,2,91,3,failure
42613,cellular,11,jan,261,2,-1,0,unknown
42614,cellular,12,jan,131,1,196,1,other
42615,cellular,12,jan,106,1,105,2,failure
42616,cellular,12,jan,105,1,-1,0,unknown
42617,cellular,12,jan,164,1,148,1,failure
42618,cellular,12,jan,171,1,64,6,other
42619,telephone,12,jan,140,1,-1,0,unknown
42620,cellular,12,jan,377,1,-1,0,unknown
42621,cellular,12,jan,349,1,-1,0,unknown
42622,cellular,12,jan,296,1,-1,0,unknown
42623,telephone,12,jan,411,1,-1,0,unknown
42624,cellular,12,jan,229,1,279,2,success
42625,cellular,12,jan,105,1,92,2,failure
42626,cellular,12,jan,227,1,-1,0,unknown
42627,cellular,12,jan,387,1,194,1,other
42628,cellular,12,jan,265,2,-1,0,unknown
42629,cellular,12,jan,758,4,-1,0,unknown
42630,cellular,12,jan,316,2,-1,0,unknown
42631,cellular,12,jan,409,2,-1,0,unknown
42632,cellular,12,jan,350,2,-1,0,unknown
42633,cellular,12,jan,243,2,91,2,success
42634,telephone,12,jan,661,2,92,1,success
42635,telephone,12,jan,512,2,-1,0,unknown
42636,cellular,13,jan,278,4,97,1,other
42637,cellular,13,jan,143,2,-1,0,unknown
42638,cellular,13,jan,130,1,-1,0,unknown
42639,cellular,13,jan,163,1,91,3,failure
42640,cellular,13,jan,230,1,91,2,failure
42641,cellular,13,jan,262,1,-1,0,unknown
42642,cellular,13,jan,113,1,90,1,failure
42643,cellular,13,jan,260,1,194,2,success
42644,cellular,13,jan,380,3,-1,0,unknown
42645,cellular,13,jan,248,3,-1,0,unknown
42646,cellular,13,jan,169,2,-1,0,unknown
42647,cellular,13,jan,108,2,-1,0,unknown
42648,cellular,13,jan,147,2,224,1,failure
42649,cellular,13,jan,452,3,-1,0,unknown
42650,cellular,13,jan,330,3,-1,0,unknown
42651,unknown,13,jan,127,1,-1,0,unknown
42652,cellular,13,jan,113,3,33,2,other
42653,cellular,13,jan,331,2,195,1,other
42654,cellular,14,jan,110,7,252,4,failure
42655,cellular,14,jan,187,7,-1,0,unknown
42656,telephone,14,jan,372,1,196,2,success
42657,cellular,14,jan,183,1,90,4,other
42658,cellular,14,jan,309,1,91,10,success
42659,cellular,14,jan,236,1,90,1,failure
42660,cellular,14,jan,218,3,161,9,other
42661,cellular,14,jan,517,1,282,4,success
42662,cellular,14,jan,357,1,-1,0,unknown
42663,cellular,14,jan,273,1,-1,0,unknown
42664,cellular,14,jan,233,1,-1,0,unknown
42665,cellular,14,jan,203,1,87,2,other
42666,cellular,14,jan,470,1,196,1,other
42667,cellular,14,jan,96,7,93,7,success
42668,cellular,14,jan,589,2,-1,0,unknown
42669,cellular,14,jan,305,2,274,1,success
42670,cellular,14,jan,67,1,-1,0,unknown
42671,cellular,14,jan,371,1,-1,0,unknown
42672,cellular,14,jan,153,1,225,2,other
42673,cellular,14,jan,362,2,91,2,success
42674,cellular,14,jan,408,1,-1,0,unknown
42675,cellular,14,jan,166,1,-1,0,unknown
42676,cellular,14,jan,366,2,-1,0,unknown
42677,cellular,15,jan,295,3,347,1,failure
42678,cellular,15,jan,348,2,-1,0,unknown
42679,telephone,15,jan,814,1,-1,0,unknown
42680,cellular,15,jan,426,2,196,1,other
42681,cellular,15,jan,543,4,276,1,failure
42682,cellular,15,jan,360,3,-1,0,unknown
42683,cellular,15,jan,396,2,-1,0,unknown
42684,cellular,15,jan,441,1,-1,0,unknown
42685,telephone,15,jan,66,2,-1,0,unknown
42686,cellular,15,jan,99,2,225,13,other
42687,cellular,15,jan,176,2,-1,0,unknown
42688,cellular,15,jan,1265,4,210,4,other
42689,cellular,15,jan,78,4,93,2,failure
42690,cellular,15,jan,233,3,-1,0,unknown
42691,cellular,18,jan,204,2,94,2,success
42692,cellular,18,jan,91,2,94,3,success
42693,telephone,18,jan,326,2,272,2,success
42694,telephone,18,jan,124,4,-1,0,unknown
42695,cellular,18,jan,237,1,-1,0,unknown
42696,cellular,18,jan,366,1,91,2,failure
42697,cellular,18,jan,453,1,67,9,success
42698,cellular,18,jan,163,1,-1,0,unknown
42699,cellular,18,jan,262,1,91,1,success
42700,cellular,18,jan,540,2,115,3,failure
42701,telephone,18,jan,287,5,285,5,success
42702,cellular,18,jan,309,2,95,3,success
42703,cellular,18,jan,353,1,195,1,success
42704,telephone,18,jan,165,4,-1,0,unknown
42705,cellular,18,jan,177,2,95,4,failure
42706,unknown,22,jan,23,1,-1,0,unknown
42707,cellular,25,jan,137,1,97,1,success
42708,cellular,25,jan,146,1,-1,0,unknown
42709,cellular,25,jan,195,1,95,2,success
42710,cellular,25,jan,639,1,94,1,success
42711,cellular,25,jan,117,1,280,1,success
42712,cellular,25,jan,129,2,97,2,failure
42713,cellular,25,jan,114,1,234,1,failure
42714,cellular,25,jan,172,2,161,1,failure
42715,cellular,25,jan,96,1,201,3,success
42716,cellular,25,jan,455,1,544,2,failure
42717,cellular,25,jan,318,2,283,3,success
42718,cellular,25,jan,240,1,301,3,failure
42719,cellular,25,jan,87,1,245,1,other
42720,cellular,25,jan,116,1,151,3,failure
42721,cellular,25,jan,205,1,-1,0,unknown
42722,cellular,25,jan,423,1,-1,0,unknown
42723,cellular,25,jan,255,1,88,1,success
42724,cellular,25,jan,696,1,202,2,success
42725,cellular,26,jan,98,1,307,1,failure
42726,cellular,26,jan,123,1,-1,0,unknown
42727,cellular,26,jan,164,4,96,3,success
42728,cellular,26,jan,93,1,-1,0,unknown
42729,cellular,26,jan,228,1,92,5,failure
42730,telephone,26,jan,1616,1,95,2,success
42731,cellular,26,jan,100,1,104,1,other
42732,cellular,26,jan,413,2,-1,0,unknown
42733,cellular,26,jan,708,1,96,3,success
42734,cellular,26,jan,122,4,50,4,other
42735,telephone,26,jan,196,2,-1,0,unknown
42736,cellular,27,jan,143,1,-1,0,unknown
42737,cellular,27,jan,340,1,92,1,success
42738,cellular,27,jan,240,1,-1,0,unknown
42739,cellular,27,jan,245,1,92,2,success
42740,cellular,27,jan,183,1,92,2,success
42741,cellular,27,jan,100,1,435,1,failure
42742,cellular,27,jan,240,1,92,4,success
42743,cellular,27,jan,142,1,238,3,other
42744,cellular,27,jan,342,1,92,2,success
42745,cellular,27,jan,164,4,92,4,success
42746,telephone,27,jan,100,1,100,6,failure
42747,cellular,27,jan,208,1,93,2,failure
42748,cellular,27,jan,181,1,92,1,success
42749,cellular,27,jan,210,2,-1,0,unknown
42750,cellular,27,jan,196,3,202,2,success
42751,telephone,27,jan,199,3,-1,0,unknown
42752,telephone,27,jan,175,3,147,2,success
42753,cellular,27,jan,185,2,92,3,success
42754,cellular,27,jan,565,1,-1,0,unknown
42755,cellular,27,jan,366,1,436,10,failure
42756,cellular,27,jan,701,1,-1,0,unknown
42757,cellular,27,jan,103,1,-1,0,unknown
42758,cellular,28,jan,156,2,-1,0,unknown
42759,cellular,28,jan,399,3,-1,0,unknown
42760,cellular,28,jan,180,2,-1,0,unknown
42761,cellular,28,jan,477,2,92,3,failure
42762,cellular,28,jan,156,2,-1,0,unknown
42763,cellular,28,jan,918,1,93,1,success
42764,cellular,28,jan,169,3,93,1,failure
42765,cellular,28,jan,231,1,-1,0,unknown
42766,cellular,28,jan,417,4,-1,0,unknown
42767,cellular,28,jan,390,4,93,1,success
42768,telephone,28,jan,203,3,93,1,failure
42769,cellular,28,jan,194,1,286,3,failure
42770,telephone,28,jan,223,6,275,5,other
42771,cellular,28,jan,145,3,97,1,other
42772,cellular,28,jan,293,2,-1,0,unknown
42773,cellular,28,jan,123,2,-1,0,unknown
42774,cellular,28,jan,130,2,-1,0,unknown
42775,cellular,28,jan,325,1,-1,0,unknown
42776,cellular,28,jan,154,2,555,2,failure
42777,telephone,28,jan,141,4,164,1,other
42778,cellular,28,jan,132,1,-1,0,unknown
42779,cellular,28,jan,151,1,91,3,success
42780,cellular,28,jan,193,1,-1,0,unknown
42781,cellular,28,jan,167,1,286,5,failure
42782,cellular,28,jan,202,1,83,3,success
42783,cellular,28,jan,186,1,433,1,failure
42784,cellular,28,jan,134,1,91,1,success
42785,cellular,28,jan,161,1,98,2,failure
42786,telephone,28,jan,147,4,-1,0,unknown
42787,cellular,28,jan,134,5,204,2,success
42788,cellular,28,jan,115,3,91,4,other
42789,cellular,28,jan,155,2,-1,0,unknown
42790,cellular,28,jan,816,2,149,1,other
42791,cellular,28,jan,216,1,91,4,success
42792,cellular,28,jan,213,2,-1,0,unknown
42793,cellular,28,jan,98,2,241,1,failure
42794,cellular,28,jan,223,1,-1,0,unknown
42795,cellular,28,jan,86,3,93,1,failure
42796,telephone,28,jan,80,4,90,4,other
42797,telephone,28,jan,176,2,-1,0,unknown
42798,telephone,29,jan,403,2,-1,0,unknown
42799,cellular,29,jan,177,2,-1,0,unknown
42800,cellular,29,jan,153,4,-1,0,unknown
42801,cellular,29,jan,194,4,436,1,other
42802,cellular,29,jan,254,3,142,6,success
42803,cellular,29,jan,146,1,-1,0,unknown
42804,cellular,29,jan,144,1,102,1,other
42805,cellular,29,jan,159,7,98,3,success
42806,cellular,29,jan,313,1,120,3,failure
42807,cellular,29,jan,245,1,92,3,success
42808,telephone,29,jan,179,1,206,6,failure
42809,cellular,29,jan,131,1,127,3,failure
42810,cellular,29,jan,533,1,92,1,success
42811,cellular,29,jan,221,2,-1,0,unknown
42812,cellular,29,jan,146,2,-1,0,unknown
42813,cellular,29,jan,132,2,-1,0,unknown
42814,cellular,29,jan,105,2,-1,0,unknown
42815,telephone,29,jan,145,2,164,1,other
42816,telephone,29,jan,92,3,-1,0,unknown
42817,cellular,29,jan,479,11,-1,0,unknown
42818,cellular,1,feb,143,5,91,8,failure
42819,cellular,1,feb,200,2,96,3,failure
42820,telephone,1,feb,265,1,-1,0,unknown
42821,cellular,1,feb,563,5,-1,0,unknown
42822,cellular,1,feb,147,1,209,1,failure
42823,cellular,1,feb,196,2,-1,0,unknown
42824,telephone,1,feb,280,2,91,7,failure
42825,telephone,1,feb,483,2,-1,0,unknown
42826,cellular,1,feb,343,2,95,2,failure
42827,telephone,2,feb,121,1,287,3,success
42828,cellular,2,feb,121,1,95,2,success
42829,cellular,2,feb,102,1,155,5,failure
42830,cellular,2,feb,511,1,-1,0,unknown
42831,cellular,2,feb,102,1,264,1,failure
42832,cellular,2,feb,432,1,-1,0,unknown
42833,cellular,2,feb,474,1,172,2,other
42834,cellular,2,feb,577,1,-1,0,unknown
42835,cellular,2,feb,204,1,-1,0,unknown
42836,cellular,2,feb,105,1,96,2,failure
42837,cellular,2,feb,270,1,-1,0,unknown
42838,cellular,2,feb,323,1,109,5,failure
42839,cellular,2,feb,348,1,109,2,failure
42840,cellular,3,feb,336,2,281,2,failure
42841,telephone,3,feb,283,2,-1,0,unknown
42842,cellular,3,feb,108,1,92,1,success
42843,telephone,3,feb,219,2,-1,0,unknown
42844,cellular,3,feb,179,1,93,1,other
42845,cellular,3,feb,126,1,-1,0,unknown
42846,cellular,3,feb,355,1,301,5,success
42847,cellular,3,feb,122,1,96,9,other
42848,cellular,3,feb,443,2,82,3,success
42849,cellular,3,feb,508,1,92,4,failure
42850,cellular,3,feb,129,1,174,2,other
42851,cellular,3,feb,349,1,357,3,success
42852,cellular,3,feb,111,1,124,2,other
42853,cellular,3,feb,153,1,48,3,success
42854,cellular,3,feb,288,1,-1,0,unknown
42855,cellular,3,feb,146,1,91,2,other
42856,cellular,3,feb,140,1,366,2,failure
42857,cellular,3,feb,142,2,-1,0,unknown
42858,cellular,3,feb,301,3,-1,0,unknown
42859,telephone,3,feb,892,2,104,4,success
42860,cellular,3,feb,373,1,92,1,success
42861,cellular,3,feb,185,1,92,1,success
42862,cellular,3,feb,172,3,-1,0,unknown
42863,telephone,3,feb,261,1,-1,0,unknown
42864,cellular,3,feb,279,2,181,1,failure
42865,cellular,3,feb,124,1,92,3,success
42866,cellular,3,feb,315,2,180,6,failure
42867,cellular,3,feb,208,1,-1,0,unknown
42868,telephone,3,feb,722,1,99,4,failure
42869,cellular,3,feb,253,2,181,1,success
42870,cellular,4,feb,658,3,-1,0,unknown
42871,cellular,4,feb,305,2,94,3,success
42872,cellular,4,feb,233,3,276,2,failure
42873,cellular,4,feb,94,5,184,1,success
42874,telephone,4,feb,429,1,-1,0,unknown
42875,cellular,4,feb,139,4,-1,0,unknown
42876,cellular,4,feb,371,1,-1,0,unknown
42877,cellular,4,feb,195,6,97,12,other
42878,cellular,4,feb,330,1,182,3,success
42879,cellular,4,feb,187,1,83,9,failure
42880,cellular,4,feb,390,2,150,6,success
42881,telephone,4,feb,141,4,-1,0,unknown
42882,cellular,4,feb,261,1,184,6,success
42883,cellular,4,feb,149,2,-1,0,unknown
42884,cellular,4,feb,111,5,98,2,other
42885,cellular,4,feb,155,1,234,1,other
42886,cellular,4,feb,443,2,-1,0,unknown
42887,cellular,4,feb,202,4,113,20,failure
42888,cellular,4,feb,181,4,191,5,success
42889,cellular,4,feb,649,1,176,1,failure
42890,telephone,4,feb,123,2,174,1,failure
42891,telephone,4,feb,739,1,181,2,failure
42892,telephone,4,feb,79,2,183,2,success
42893,cellular,4,feb,383,1,181,5,failure
42894,cellular,4,feb,45,2,93,1,success
42895,cellular,4,feb,489,1,178,2,failure
42896,telephone,4,feb,92,3,169,1,failure
42897,cellular,4,feb,146,5,276,1,other
42898,cellular,4,feb,303,1,100,1,success
42899,cellular,4,feb,60,1,-1,0,unknown
42900,cellular,4,feb,162,2,184,1,failure
42901,cellular,5,feb,232,1,365,1,failure
42902,cellular,5,feb,193,1,176,8,failure
42903,telephone,5,feb,176,1,288,3,failure
42904,cellular,5,feb,151,1,297,1,success
42905,cellular,5,feb,148,1,94,1,failure
42906,telephone,5,feb,110,1,87,2,failure
42907,cellular,5,feb,99,1,93,3,success
42908,cellular,5,feb,96,3,175,1,failure
42909,cellular,5,feb,195,1,176,5,failure
42910,cellular,5,feb,65,2,242,1,other
42911,cellular,5,feb,132,1,182,3,success
42912,cellular,5,feb,383,2,-1,0,unknown
42913,cellular,5,feb,102,1,182,3,success
42914,cellular,5,feb,346,1,183,3,other
42915,cellular,5,feb,110,2,64,2,success
42916,cellular,5,feb,67,3,-1,0,unknown
42917,cellular,5,feb,280,2,-1,0,unknown
42918,cellular,5,feb,286,2,-1,0,unknown
42919,cellular,5,feb,133,2,-1,0,unknown
42920,cellular,5,feb,210,2,274,6,failure
42921,cellular,5,feb,276,2,-1,0,unknown
42922,telephone,5,feb,260,6,-1,0,unknown
42923,telephone,5,feb,124,7,-1,0,unknown
42924,telephone,5,feb,159,2,-1,0,unknown
42925,cellular,5,feb,242,1,-1,0,unknown
42926,cellular,5,feb,145,1,182,1,failure
42927,cellular,5,feb,783,1,175,5,failure
42928,cellular,5,feb,217,1,-1,0,unknown
42929,cellular,8,feb,203,2,188,1,failure
42930,cellular,8,feb,376,2,129,3,other
42931,cellular,8,feb,190,2,280,8,failure
42932,telephone,8,feb,145,2,115,2,failure
42933,cellular,8,feb,186,2,97,1,success
42934,cellular,8,feb,215,3,221,1,failure
42935,cellular,8,feb,1133,3,101,1,other
42936,cellular,8,feb,363,1,187,1,success
42937,cellular,8,feb,405,1,305,1,success
42938,cellular,8,feb,278,1,94,4,success
42939,cellular,8,feb,340,3,-1,0,unknown
42940,cellular,8,feb,94,1,333,1,other
42941,telephone,8,feb,309,1,446,3,failure
42942,cellular,8,feb,108,1,-1,0,unknown
42943,cellular,8,feb,185,2,179,1,failure
42944,telephone,8,feb,78,6,-1,0,unknown
42945,telephone,8,feb,105,2,181,1,failure
42946,cellular,8,feb,186,1,-1,0,unknown
42947,cellular,8,feb,469,2,185,2,failure
42948,cellular,8,feb,108,9,101,1,other
42949,cellular,8,feb,116,2,188,1,success
42950,cellular,8,feb,341,8,-1,0,unknown
42951,cellular,9,feb,359,1,92,3,success
42952,cellular,9,feb,127,1,558,7,other
42953,cellular,9,feb,98,1,92,1,success
42954,cellular,9,feb,92,1,183,1,success
42955,telephone,9,feb,290,1,92,1,success
42956,cellular,9,feb,215,1,92,2,success
42957,telephone,9,feb,167,1,469,1,success
42958,cellular,9,feb,631,1,260,2,success
42959,cellular,9,feb,120,2,104,2,failure
42960,cellular,9,feb,172,1,92,3,failure
42961,cellular,9,feb,63,4,182,5,failure
42962,cellular,9,feb,125,2,183,2,failure
42963,cellular,9,feb,164,2,92,1,success
42964,cellular,9,feb,742,2,182,1,failure
42965,cellular,9,feb,243,2,92,3,success
42966,cellular,9,feb,385,2,92,8,success
42967,cellular,9,feb,501,2,-1,0,unknown
42968,cellular,9,feb,629,2,-1,0,unknown
42969,cellular,10,feb,86,2,93,2,other
42970,cellular,10,feb,153,1,92,13,success
42971,cellular,10,feb,165,1,92,5,success
42972,cellular,10,feb,151,1,-1,0,unknown
42973,cellular,10,feb,151,1,183,6,success
42974,cellular,10,feb,169,1,183,1,failure
42975,cellular,10,feb,234,1,183,1,success
42976,cellular,10,feb,201,1,182,3,failure
42977,cellular,10,feb,158,2,92,5,success
42978,cellular,10,feb,511,3,183,6,success
42979,cellular,10,feb,406,2,92,2,success
42980,cellular,10,feb,278,3,187,1,success
42981,cellular,10,feb,314,2,156,4,other
42982,cellular,10,feb,135,2,92,5,success
42983,cellular,10,feb,691,2,180,5,failure
42984,cellular,11,feb,82,2,181,1,failure
42985,cellular,11,feb,71,1,190,1,success
42986,cellular,11,feb,449,1,91,3,success
42987,cellular,11,feb,293,1,91,4,success
42988,cellular,11,feb,535,1,188,1,success
42989,cellular,11,feb,288,1,188,1,success
42990,cellular,11,feb,505,1,-1,0,unknown
42991,cellular,11,feb,105,7,188,2,failure
42992,cellular,11,feb,112,8,-1,0,unknown
42993,cellular,11,feb,144,1,91,9,success
42994,cellular,11,feb,226,3,-1,0,unknown
42995,cellular,11,feb,309,1,90,4,success
42996,cellular,11,feb,865,2,190,1,failure
42997,cellular,11,feb,253,1,174,4,success
42998,cellular,11,feb,391,2,92,5,success
42999,cellular,11,feb,268,1,183,7,success
43000,cellular,11,feb,456,2,184,2,success
43001,cellular,11,feb,352,1,183,1,success
43002,unknown,11,feb,271,1,-1,0,unknown
43003,cellular,11,feb,203,1,183,2,success
43004,cellular,11,feb,660,1,-1,0,unknown
43005,cellular,11,feb,467,1,182,3,success
43006,cellular,11,feb,231,2,297,2,failure
43007,cellular,11,feb,981,1,90,6,success
43008,cellular,11,feb,283,3,-1,0,unknown
43009,cellular,11,feb,515,1,183,1,failure
43010,cellular,11,feb,397,2,-1,0,unknown
43011,cellular,11,feb,671,1,181,3,failure
43012,cellular,12,feb,388,4,-1,0,unknown
43013,cellular,12,feb,419,2,183,1,success
43014,cellular,12,feb,123,1,182,4,success
43015,cellular,12,feb,328,2,183,4,success
43016,cellular,12,feb,637,1,183,1,success
43017,cellular,12,feb,218,1,-1,0,unknown
43018,cellular,12,feb,155,10,149,5,failure
43019,cellular,12,feb,138,2,184,3,success
43020,cellular,12,feb,171,2,182,4,other
43021,cellular,12,feb,181,3,-1,0,unknown
43022,cellular,12,feb,473,1,182,1,success
43023,cellular,12,feb,375,1,374,1,other
43024,cellular,12,feb,122,1,92,5,success
43025,cellular,12,feb,291,1,260,2,failure
43026,telephone,12,feb,379,5,93,2,success
43027,cellular,12,feb,103,3,-1,0,unknown
43028,cellular,12,feb,251,1,186,3,success
43029,telephone,12,feb,1416,1,170,4,failure
43030,cellular,12,feb,138,2,92,2,success
43031,cellular,12,feb,666,4,-1,0,unknown
43032,cellular,12,feb,1835,3,182,2,success
43033,cellular,15,feb,382,4,185,6,success
43034,cellular,15,feb,295,2,616,1,failure
43035,cellular,15,feb,83,6,187,3,success
43036,cellular,15,feb,136,1,-1,0,unknown
43037,cellular,15,feb,261,1,97,4,other
43038,cellular,15,feb,93,1,91,9,failure
43039,cellular,15,feb,531,1,91,2,success
43040,cellular,15,feb,201,3,186,2,success
43041,cellular,15,feb,216,1,91,4,success
43042,cellular,15,feb,91,4,185,6,success
43043,cellular,15,feb,374,1,185,1,success
43044,cellular,15,feb,337,1,95,2,success
43045,cellular,15,feb,68,4,186,2,success
43046,cellular,15,feb,101,2,-1,0,unknown
43047,cellular,15,feb,379,1,91,1,success
43048,cellular,15,feb,308,1,94,4,success
43049,cellular,15,feb,205,3,-1,0,unknown
43050,cellular,15,feb,659,4,-1,0,unknown
43051,cellular,15,feb,92,2,-1,0,unknown
43052,telephone,15,feb,112,5,94,15,success
43053,cellular,15,feb,394,3,189,1,success
43054,cellular,15,feb,171,1,91,2,success
43055,unknown,18,feb,386,1,-1,0,unknown
43056,cellular,18,feb,126,2,-1,0,unknown
43057,cellular,18,feb,276,3,195,1,failure
43058,cellular,18,feb,1109,1,262,1,success
43059,cellular,18,feb,220,1,63,5,failure
43060,cellular,18,feb,236,1,183,2,success
43061,cellular,18,feb,459,1,56,3,failure
43062,cellular,18,feb,362,1,183,4,failure
43063,cellular,18,feb,146,1,183,1,failure
43064,cellular,18,feb,318,1,561,2,success
43065,cellular,18,feb,416,2,-1,0,unknown
43066,cellular,18,feb,737,1,561,2,success
43067,cellular,18,feb,232,1,181,1,success
43068,cellular,18,feb,150,2,185,3,failure
43069,cellular,18,feb,240,1,385,9,failure
43070,cellular,18,feb,222,1,553,4,failure
43071,cellular,18,feb,269,1,-1,0,unknown
43072,unknown,19,feb,124,1,-1,0,unknown
43073,cellular,19,feb,255,2,555,6,success
43074,cellular,19,feb,222,4,94,2,success
43075,telephone,19,feb,255,3,-1,0,unknown
43076,cellular,19,feb,388,1,262,7,success
43077,cellular,19,feb,204,4,182,1,success
43078,cellular,19,feb,702,2,189,2,failure
43079,cellular,19,feb,145,3,192,1,failure
43080,telephone,19,feb,330,1,-1,0,unknown
43081,cellular,19,feb,645,2,-1,0,unknown
43082,cellular,19,feb,302,1,184,1,success
43083,unknown,21,feb,66,1,-1,0,unknown
43084,unknown,22,feb,392,1,-1,0,unknown
43085,cellular,22,feb,368,1,185,2,failure
43086,cellular,22,feb,200,1,-1,0,unknown
43087,cellular,22,feb,287,1,130,1,failure
43088,cellular,22,feb,543,1,189,1,failure
43089,cellular,22,feb,326,1,-1,0,unknown
43090,cellular,22,feb,327,1,-1,0,unknown
43091,cellular,22,feb,144,1,175,1,failure
43092,cellular,22,feb,261,1,264,1,failure
43093,telephone,22,feb,219,4,311,2,failure
43094,cellular,22,feb,143,5,294,1,failure
43095,cellular,22,feb,276,3,167,3,failure
43096,telephone,22,feb,363,2,-1,0,unknown
43097,telephone,22,feb,230,2,126,6,failure
43098,cellular,22,feb,382,3,-1,0,unknown
43099,cellular,23,feb,155,1,-1,0,unknown
43100,cellular,23,feb,176,1,-1,0,unknown
43101,unknown,23,feb,20,1,-1,0,unknown
43102,cellular,23,feb,696,1,189,2,other
43103,cellular,23,feb,639,1,189,1,failure
43104,cellular,23,feb,211,1,187,5,success
43105,cellular,23,feb,269,1,187,5,success
43106,cellular,23,feb,279,1,-1,0,unknown
43107,cellular,23,feb,95,2,265,11,other
43108,cellular,23,feb,135,1,195,3,failure
43109,telephone,23,feb,367,1,176,6,failure
43110,cellular,23,feb,132,1,103,7,failure
43111,cellular,23,feb,228,2,182,6,failure
43112,cellular,23,feb,393,2,130,1,other
43113,cellular,23,feb,432,1,-1,0,unknown
43114,cellular,23,feb,141,2,176,3,failure
43115,unknown,23,feb,61,1,384,2,failure
43116,unknown,23,feb,16,1,-1,0,unknown
43117,telephone,24,feb,98,2,-1,0,unknown
43118,cellular,24,feb,104,3,-1,0,unknown
43119,cellular,24,feb,145,1,100,4,failure
43120,cellular,24,feb,87,1,91,3,failure
43121,unknown,24,feb,174,1,267,2,other
43122,cellular,24,feb,175,1,92,6,success
43123,cellular,24,feb,127,2,184,2,success
43124,cellular,24,feb,254,5,140,1,other
43125,cellular,24,feb,128,1,-1,0,unknown
43126,cellular,24,feb,137,1,187,4,success
43127,unknown,24,feb,108,1,-1,0,unknown
43128,cellular,24,feb,694,1,184,5,failure
43129,cellular,24,feb,151,1,-1,0,unknown
43130,cellular,24,feb,190,2,-1,0,unknown
43131,cellular,24,feb,242,2,-1,0,unknown
43132,cellular,24,feb,481,2,-1,0,unknown
43133,cellular,24,feb,116,1,273,3,failure
43134,telephone,24,feb,601,2,-1,0,unknown
43135,cellular,24,feb,524,1,187,2,success
43136,telephone,24,feb,513,2,89,7,failure
43137,cellular,24,feb,99,2,86,5,failure
43138,cellular,24,feb,160,2,-1,0,unknown
43139,cellular,24,feb,562,2,183,10,success
43140,telephone,25,feb,371,1,204,3,other
43141,unknown,25,feb,32,1,-1,0,unknown
43142,cellular,25,feb,865,1,192,2,failure
43143,cellular,25,feb,125,6,177,2,failure
43144,cellular,25,feb,416,3,-1,0,unknown
43145,cellular,25,feb,196,1,87,4,failure
43146,cellular,25,feb,305,1,192,1,success
43147,cellular,25,feb,318,1,388,1,success
43148,cellular,25,feb,1422,1,461,1,failure
43149,telephone,25,feb,169,1,191,3,success
43150,cellular,25,feb,217,1,191,2,success
43151,cellular,25,feb,98,1,87,10,failure
43152,cellular,25,feb,511,5,125,4,failure
43153,cellular,25,feb,293,3,268,2,failure
43154,cellular,25,feb,385,2,-1,0,unknown
43155,unknown,26,feb,889,1,-1,0,unknown
43156,cellular,26,feb,281,2,270,2,other
43157,cellular,26,feb,959,3,186,6,success
43158,cellular,26,feb,771,1,171,1,success
43159,cellular,26,feb,335,3,102,2,failure
43160,cellular,26,feb,229,1,192,4,success
43161,cellular,26,feb,297,1,203,1,success
43162,unknown,26,feb,36,1,-1,0,unknown
43163,cellular,26,feb,262,1,274,2,other
43164,cellular,26,feb,427,1,191,3,success
43165,cellular,26,feb,139,1,93,3,success
43166,cellular,26,feb,590,2,-1,0,unknown
43167,telephone,26,feb,270,3,133,2,success
43168,cellular,26,feb,229,1,60,2,failure
43169,cellular,26,feb,234,1,-1,0,unknown
43170,cellular,26,feb,480,2,189,1,failure
43171,unknown,1,mar,60,1,592,2,failure
43172,unknown,1,mar,10,1,-1,0,unknown
43173,telephone,2,mar,904,1,-1,0,unknown
43174,cellular,2,mar,591,1,176,2,failure
43175,cellular,2,mar,229,1,182,1,success
43176,cellular,2,mar,525,1,89,11,failure
43177,cellular,2,mar,107,1,-1,0,unknown
43178,cellular,2,mar,658,1,-1,0,unknown
43179,cellular,2,mar,368,1,-1,0,unknown
43180,cellular,2,mar,105,1,182,1,failure
43181,cellular,2,mar,207,1,-1,0,unknown
43182,cellular,2,mar,328,1,109,3,other
43183,cellular,2,mar,177,1,288,2,failure
43184,cellular,2,mar,539,2,-1,0,unknown
43185,cellular,2,mar,185,2,130,8,other
43186,cellular,2,mar,225,2,123,5,failure
43187,cellular,2,mar,313,1,152,2,success
43188,cellular,2,mar,136,2,203,1,other
43189,cellular,2,mar,228,4,390,2,other
43190,cellular,2,mar,311,2,-1,0,unknown
43191,telephone,2,mar,187,3,322,1,other
43192,cellular,2,mar,263,2,180,2,success
43193,cellular,3,mar,141,1,180,2,failure
43194,telephone,3,mar,557,1,-1,0,unknown
43195,cellular,3,mar,145,2,198,1,failure
43196,cellular,3,mar,355,1,86,5,failure
43197,cellular,3,mar,153,2,110,3,success
43198,cellular,3,mar,136,2,280,1,failure
43199,cellular,3,mar,114,6,467,5,other
43200,telephone,3,mar,700,3,180,1,other
43201,telephone,3,mar,834,1,-1,0,unknown
43202,cellular,4,mar,194,2,181,3,failure
43203,cellular,4,mar,180,2,-1,0,unknown
43204,cellular,4,mar,177,2,133,5,other
43205,telephone,4,mar,364,2,244,2,failure
43206,cellular,4,mar,251,1,181,4,failure
43207,cellular,4,mar,148,1,87,4,failure
43208,cellular,4,mar,431,1,122,3,failure
43209,cellular,4,mar,117,2,-1,0,unknown
43210,telephone,4,mar,220,7,-1,0,unknown
43211,cellular,4,mar,456,2,281,5,success
43212,telephone,4,mar,262,1,178,6,failure
43213,cellular,4,mar,562,3,181,2,failure
43214,telephone,5,mar,252,3,183,1,failure
43215,cellular,5,mar,158,1,92,3,success
43216,cellular,5,mar,229,1,205,1,failure
43217,cellular,5,mar,77,1,179,5,failure
43218,cellular,5,mar,115,1,-1,0,unknown
43219,cellular,5,mar,418,1,-1,0,unknown
43220,telephone,5,mar,341,4,179,4,success
43221,cellular,5,mar,87,1,91,2,success
43222,cellular,5,mar,162,1,179,2,failure
43223,cellular,5,mar,373,1,-1,0,unknown
43224,cellular,5,mar,116,7,186,13,success
43225,cellular,5,mar,172,2,-1,0,unknown
43226,unknown,5,mar,257,1,394,1,failure
43227,cellular,5,mar,607,2,-1,0,unknown
43228,cellular,5,mar,219,1,91,6,other
43229,cellular,5,mar,135,1,-1,0,unknown
43230,cellular,5,mar,84,1,88,1,failure
43231,cellular,5,mar,319,1,-1,0,unknown
43232,cellular,5,mar,498,2,179,7,success
43233,cellular,8,mar,264,2,278,1,success
43234,cellular,8,mar,284,2,-1,0,unknown
43235,cellular,8,mar,150,4,-1,0,unknown
43236,cellular,8,mar,111,3,585,6,other
43237,cellular,8,mar,209,2,188,3,success
43238,telephone,8,mar,659,1,-1,0,unknown
43239,cellular,8,mar,132,1,-1,0,unknown
43240,cellular,8,mar,277,4,286,1,failure
43241,cellular,8,mar,157,3,206,6,success
43242,cellular,8,mar,124,2,-1,0,unknown
43243,cellular,8,mar,409,1,-1,0,unknown
43244,cellular,8,mar,301,1,89,2,success
43245,cellular,8,mar,241,2,-1,0,unknown
43246,cellular,8,mar,139,6,279,2,failure
43247,cellular,9,mar,139,2,181,3,success
43248,telephone,9,mar,225,1,90,1,success
43249,cellular,9,mar,469,1,181,2,success
43250,cellular,9,mar,176,1,-1,0,unknown
43251,cellular,9,mar,241,1,181,5,success
43252,cellular,9,mar,301,1,90,4,success
43253,cellular,9,mar,236,1,-1,0,unknown
43254,cellular,9,mar,212,3,181,6,success
43255,cellular,9,mar,305,1,326,1,success
43256,cellular,9,mar,288,2,90,3,success
43257,cellular,9,mar,700,2,154,3,success
43258,cellular,9,mar,273,2,182,1,success
43259,cellular,9,mar,265,2,-1,0,unknown
43260,cellular,9,mar,295,1,-1,0,unknown
43261,telephone,9,mar,450,3,181,6,success
43262,cellular,10,mar,436,2,182,1,success
43263,cellular,10,mar,239,1,-1,0,unknown
43264,cellular,10,mar,138,1,478,2,failure
43265,cellular,10,mar,217,1,184,7,other
43266,telephone,10,mar,152,1,348,1,failure
43267,cellular,10,mar,127,1,70,2,success
43268,cellular,10,mar,625,4,-1,0,unknown
43269,cellular,10,mar,106,2,478,3,failure
43270,telephone,11,mar,78,2,91,1,failure
43271,cellular,11,mar,129,4,107,2,failure
43272,cellular,11,mar,93,1,98,4,other
43273,telephone,11,mar,184,1,90,6,success
43274,cellular,11,mar,335,1,-1,0,unknown
43275,cellular,11,mar,228,1,91,1,failure
43276,telephone,11,mar,282,2,181,2,success
43277,cellular,11,mar,117,1,91,1,success
43278,cellular,11,mar,275,2,-1,0,unknown
43279,cellular,12,mar,102,2,184,2,failure
43280,cellular,12,mar,121,2,207,1,failure
43281,telephone,12,mar,290,1,93,2,success
43282,cellular,12,mar,215,1,182,4,success
43283,cellular,12,mar,212,1,-1,0,unknown
43284,cellular,12,mar,229,3,339,1,failure
43285,cellular,12,mar,213,3,182,6,success
43286,cellular,15,mar,144,2,124,1,failure
43287,cellular,15,mar,209,2,315,4,failure
43288,cellular,15,mar,261,4,-1,0,unknown
43289,cellular,15,mar,106,3,98,1,other
43290,cellular,15,mar,257,1,91,2,other
43291,cellular,15,mar,192,1,185,2,success
43292,cellular,15,mar,151,1,96,1,failure
43293,cellular,15,mar,109,1,181,2,other
43294,cellular,15,mar,427,1,181,3,success
43295,cellular,15,mar,549,5,203,4,failure
43296,telephone,15,mar,506,2,195,1,other
43297,cellular,15,mar,287,2,-1,0,unknown
43298,cellular,15,mar,161,2,-1,0,unknown
43299,telephone,15,mar,577,7,-1,0,unknown
43300,cellular,15,mar,341,1,-1,0,unknown
43301,telephone,15,mar,300,6,182,2,success
43302,cellular,15,mar,195,2,215,1,other
43303,telephone,15,mar,129,1,188,2,success
43304,cellular,16,mar,189,1,480,4,other
43305,cellular,16,mar,180,1,302,3,success
43306,cellular,16,mar,261,1,-1,0,unknown
43307,cellular,16,mar,279,1,194,7,other
43308,telephone,16,mar,294,1,274,2,failure
43309,cellular,16,mar,263,1,124,9,other
43310,telephone,16,mar,295,1,91,2,success
43311,telephone,16,mar,244,2,95,4,other
43312,cellular,16,mar,384,1,182,5,failure
43313,cellular,16,mar,231,1,181,2,success
43314,cellular,16,mar,618,1,-1,0,unknown
43315,cellular,16,mar,272,3,-1,0,unknown
43316,cellular,16,mar,881,3,155,2,failure
43317,cellular,17,mar,184,1,321,2,success
43318,cellular,17,mar,395,1,285,1,success
43319,unknown,17,mar,473,1,-1,0,unknown
43320,cellular,17,mar,181,2,183,3,failure
43321,telephone,17,mar,133,7,-1,0,unknown
43322,cellular,17,mar,272,3,-1,0,unknown
43323,cellular,18,mar,362,1,290,3,success
43324,cellular,18,mar,359,1,343,1,failure
43325,cellular,18,mar,237,1,-1,0,unknown
43326,cellular,18,mar,125,1,-1,0,unknown
43327,cellular,18,mar,394,2,101,1,other
43328,cellular,18,mar,420,1,276,1,other
43329,cellular,18,mar,265,1,-1,0,unknown
43330,cellular,18,mar,910,2,184,4,success
43331,cellular,18,mar,467,2,188,6,other
43332,telephone,18,mar,165,3,101,1,other
43333,cellular,18,mar,593,4,90,6,other
43334,unknown,22,mar,95,1,-1,0,unknown
43335,cellular,22,mar,254,2,-1,0,unknown
43336,cellular,22,mar,247,3,187,3,success
43337,cellular,22,mar,173,2,181,4,success
43338,cellular,22,mar,215,1,-1,0,unknown
43339,cellular,22,mar,248,1,90,10,success
43340,cellular,22,mar,344,1,326,1,success
43341,cellular,22,mar,222,1,188,6,other
43342,telephone,22,mar,174,2,229,28,success
43343,telephone,23,mar,255,1,91,8,success
43344,cellular,23,mar,158,1,330,12,failure
43345,cellular,23,mar,136,1,291,2,success
43346,cellular,23,mar,273,1,-1,0,unknown
43347,cellular,23,mar,128,1,106,2,success
43348,cellular,23,mar,191,2,-1,0,unknown
43349,cellular,25,mar,101,1,421,1,success
43350,cellular,25,mar,156,1,-1,0,unknown
43351,cellular,25,mar,151,1,184,2,failure
43352,cellular,25,mar,187,1,178,2,success
43353,cellular,25,mar,196,3,182,3,failure
43354,cellular,25,mar,189,1,-1,0,unknown
43355,cellular,25,mar,231,1,295,1,other
43356,cellular,25,mar,272,1,178,6,success
43357,telephone,25,mar,282,2,-1,0,unknown
43358,cellular,26,mar,98,2,-1,0,unknown
43359,cellular,26,mar,94,2,-1,0,unknown
43360,cellular,26,mar,288,3,-1,0,unknown
43361,cellular,26,mar,360,1,326,8,failure
43362,cellular,26,mar,454,1,88,3,other
43363,cellular,26,mar,281,1,-1,0,unknown
43364,cellular,26,mar,156,1,137,1,other
43365,telephone,26,mar,139,1,-1,0,unknown
43366,cellular,26,mar,157,2,116,4,failure
43367,cellular,26,mar,201,3,191,3,failure
43368,cellular,26,mar,263,4,667,4,failure
43369,cellular,26,mar,698,1,-1,0,unknown
43370,cellular,29,mar,92,2,90,2,success
43371,cellular,29,mar,198,2,181,3,failure
43372,cellular,29,mar,88,3,311,3,failure
43373,cellular,29,mar,515,2,334,5,failure
43374,cellular,29,mar,317,4,-1,0,unknown
43375,telephone,29,mar,113,4,-1,0,unknown
43376,telephone,29,mar,433,3,342,1,failure
43377,cellular,30,mar,361,2,181,2,failure
43378,cellular,30,mar,186,2,90,5,failure
43379,cellular,30,mar,277,2,337,1,success
43380,cellular,30,mar,236,1,92,2,other
43381,unknown,30,mar,110,1,-1,0,unknown
43382,cellular,30,mar,371,1,174,4,failure
43383,cellular,30,mar,238,4,-1,0,unknown
43384,cellular,31,mar,262,2,-1,0,unknown
43385,cellular,31,mar,577,1,223,3,other
43386,cellular,31,mar,193,1,181,1,success
43387,cellular,31,mar,175,1,181,1,failure
43388,cellular,31,mar,382,1,271,1,failure
43389,unknown,31,mar,30,1,-1,0,unknown
43390,cellular,1,apr,149,1,350,1,success
43391,cellular,1,apr,158,1,115,2,failure
43392,cellular,1,apr,280,1,184,3,success
43393,telephone,1,apr,390,1,94,3,success
43394,telephone,1,apr,558,2,-1,0,unknown
43395,cellular,1,apr,176,1,370,2,failure
43396,telephone,1,apr,216,3,370,1,failure
43397,cellular,1,apr,263,1,-1,0,unknown
43398,cellular,1,apr,358,2,-1,0,unknown
43399,unknown,1,apr,111,1,-1,0,unknown
43400,cellular,5,apr,144,4,374,2,success
43401,cellular,5,apr,759,1,-1,0,unknown
43402,cellular,5,apr,558,1,-1,0,unknown
43403,cellular,5,apr,280,1,-1,0,unknown
43404,cellular,5,apr,547,1,626,2,failure
43405,cellular,5,apr,144,1,-1,0,unknown
43406,cellular,5,apr,172,3,186,1,failure
43407,cellular,5,apr,296,1,180,4,other
43408,cellular,5,apr,327,3,-1,0,unknown
43409,cellular,5,apr,907,4,185,7,failure
43410,cellular,5,apr,163,1,186,3,failure
43411,cellular,5,apr,208,1,-1,0,unknown
43412,cellular,5,apr,170,1,-1,0,unknown
43413,cellular,5,apr,874,2,108,3,success
43414,cellular,5,apr,137,2,430,2,failure
43415,cellular,5,apr,459,1,307,1,failure
43416,cellular,5,apr,470,7,426,3,other
43417,telephone,5,apr,456,1,-1,0,unknown
43418,cellular,5,apr,270,3,241,4,other
43419,cellular,6,apr,283,1,319,3,failure
43420,cellular,6,apr,317,1,363,2,success
43421,cellular,6,apr,661,1,314,2,failure
43422,cellular,6,apr,196,1,363,1,failure
43423,telephone,6,apr,681,1,118,11,success
43424,cellular,6,apr,122,1,98,2,success
43425,cellular,6,apr,177,2,210,3,failure
43426,cellular,6,apr,122,4,341,2,failure
43427,cellular,6,apr,604,3,236,2,failure
43428,cellular,8,apr,208,3,349,2,failure
43429,cellular,8,apr,222,2,-1,0,unknown
43430,cellular,8,apr,126,6,-1,0,unknown
43431,cellular,8,apr,335,1,-1,0,unknown
43432,cellular,8,apr,618,1,-1,0,unknown
43433,cellular,8,apr,758,2,160,5,other
43434,unknown,12,apr,481,1,-1,0,unknown
43435,cellular,12,apr,158,2,-1,0,unknown
43436,cellular,12,apr,161,1,186,1,failure
43437,cellular,12,apr,235,1,314,1,failure
43438,cellular,12,apr,337,1,258,6,failure
43439,cellular,12,apr,169,1,-1,0,unknown
43440,cellular,12,apr,284,1,182,1,success
43441,cellular,12,apr,93,1,173,2,success
43442,cellular,12,apr,524,4,206,5,success
43443,cellular,12,apr,366,2,199,3,other
43444,cellular,12,apr,339,1,241,9,other
43445,cellular,12,apr,119,1,181,2,success
43446,telephone,12,apr,271,1,187,1,failure
43447,cellular,12,apr,143,1,-1,0,unknown
43448,cellular,12,apr,231,1,-1,0,unknown
43449,cellular,12,apr,147,1,188,1,success
43450,cellular,12,apr,175,1,-1,0,unknown
43451,telephone,12,apr,350,1,-1,0,unknown
43452,cellular,12,apr,119,2,-1,0,unknown
43453,cellular,12,apr,143,2,186,1,failure
43454,cellular,12,apr,176,1,-1,0,unknown
43455,cellular,12,apr,203,1,-1,0,unknown
43456,cellular,12,apr,176,3,-1,0,unknown
43457,telephone,13,apr,224,2,393,4,failure
43458,cellular,13,apr,103,1,182,3,success
43459,cellular,13,apr,223,1,182,2,failure
43460,cellular,13,apr,1093,1,-1,0,unknown
43461,cellular,13,apr,113,3,182,3,failure
43462,cellular,13,apr,295,4,187,6,success
43463,cellular,13,apr,232,1,348,1,success
43464,cellular,13,apr,567,1,595,2,failure
43465,cellular,13,apr,218,2,242,9,failure
43466,cellular,13,apr,240,1,179,2,failure
43467,cellular,13,apr,278,4,182,2,success
43468,unknown,13,apr,122,1,-1,0,unknown
43469,telephone,13,apr,120,6,-1,0,unknown
43470,cellular,13,apr,398,2,-1,0,unknown
43471,cellular,13,apr,256,5,181,2,success
43472,unknown,14,apr,173,1,-1,0,unknown
43473,cellular,14,apr,250,1,181,8,success
43474,cellular,14,apr,318,1,181,1,failure
43475,cellular,14,apr,133,8,183,2,success
43476,cellular,15,apr,220,2,183,5,failure
43477,telephone,15,apr,185,1,181,2,success
43478,cellular,15,apr,200,1,-1,0,unknown
43479,cellular,15,apr,200,1,181,2,success
43480,cellular,15,apr,159,2,378,3,failure
43481,cellular,15,apr,141,1,-1,0,unknown
43482,cellular,15,apr,330,1,311,4,success
43483,cellular,15,apr,214,1,-1,0,unknown
43484,cellular,15,apr,442,2,246,2,other
43485,cellular,15,apr,98,4,178,3,failure
43486,cellular,15,apr,699,2,381,2,failure
43487,cellular,15,apr,218,2,181,1,success
43488,cellular,16,apr,297,4,182,2,other
43489,cellular,16,apr,177,1,-1,0,unknown
43490,cellular,16,apr,330,3,-1,0,unknown
43491,cellular,16,apr,148,2,182,3,other
43492,unknown,17,apr,94,1,-1,0,unknown
43493,cellular,19,apr,125,2,-1,0,unknown
43494,cellular,19,apr,131,2,185,1,failure
43495,cellular,19,apr,237,4,-1,0,unknown
43496,cellular,19,apr,232,3,364,2,failure
43497,cellular,19,apr,220,1,367,7,success
43498,cellular,19,apr,529,1,181,4,success
43499,cellular,19,apr,142,2,-1,0,unknown
43500,cellular,19,apr,184,2,185,3,failure
43501,telephone,19,apr,1143,5,-1,0,unknown
43502,telephone,20,apr,102,4,-1,0,unknown
43503,cellular,20,apr,175,6,183,1,success
43504,cellular,20,apr,167,1,181,3,success
43505,cellular,20,apr,166,1,376,1,other
43506,telephone,20,apr,162,1,181,5,success
43507,cellular,20,apr,462,1,648,1,failure
43508,telephone,20,apr,268,2,181,3,failure
43509,cellular,20,apr,379,3,202,1,success
43510,cellular,20,apr,930,4,292,2,other
43511,cellular,21,apr,381,2,330,17,other
43512,cellular,21,apr,476,1,-1,0,unknown
43513,telephone,21,apr,595,3,254,1,failure
43514,cellular,21,apr,354,1,-1,0,unknown
43515,telephone,21,apr,403,1,-1,0,unknown
43516,telephone,21,apr,623,2,-1,0,unknown
43517,cellular,21,apr,654,2,-1,0,unknown
43518,cellular,21,apr,224,2,182,1,success
43519,cellular,22,apr,132,1,-1,0,unknown
43520,cellular,22,apr,234,1,-1,0,unknown
43521,cellular,22,apr,407,2,-1,0,unknown
43522,cellular,22,apr,247,2,251,1,failure
43523,cellular,22,apr,292,4,247,1,other
43524,cellular,22,apr,554,1,304,2,success
43525,cellular,23,apr,109,5,184,2,success
43526,cellular,23,apr,499,6,185,4,success
43527,telephone,23,apr,263,4,-1,0,unknown
43528,cellular,23,apr,342,1,-1,0,unknown
43529,cellular,23,apr,164,1,-1,0,unknown
43530,cellular,23,apr,296,1,521,1,failure
43531,cellular,23,apr,291,1,182,3,success
43532,cellular,23,apr,888,1,182,3,success
43533,cellular,23,apr,252,9,185,5,other
43534,cellular,23,apr,215,2,165,11,other
43535,cellular,23,apr,361,2,182,5,success
43536,cellular,26,apr,465,2,369,2,success
43537,telephone,26,apr,92,8,-1,0,unknown
43538,cellular,26,apr,182,2,186,2,success
43539,cellular,26,apr,116,2,-1,0,unknown
43540,cellular,26,apr,688,2,-1,0,unknown
43541,cellular,26,apr,128,2,186,3,success
43542,cellular,26,apr,192,1,334,1,failure
43543,cellular,26,apr,102,3,192,4,other
43544,cellular,26,apr,1472,1,192,4,failure
43545,cellular,26,apr,166,5,181,5,failure
43546,cellular,26,apr,234,10,-1,0,unknown
43547,cellular,26,apr,328,2,143,2,success
43548,cellular,26,apr,125,2,182,1,failure
43549,cellular,26,apr,212,1,202,2,success
43550,cellular,26,apr,117,3,-1,0,unknown
43551,cellular,26,apr,135,3,363,2,failure
43552,cellular,26,apr,175,1,-1,0,unknown
43553,cellular,26,apr,135,1,521,2,failure
43554,cellular,26,apr,449,1,326,3,other
43555,cellular,27,apr,147,2,182,2,failure
43556,telephone,27,apr,325,1,180,7,failure
43557,cellular,27,apr,345,1,452,1,other
43558,cellular,27,apr,252,1,181,1,failure
43559,cellular,27,apr,605,1,187,1,other
43560,telephone,27,apr,426,2,179,3,other
43561,cellular,27,apr,321,1,449,1,other
43562,cellular,27,apr,81,3,-1,0,unknown
43563,telephone,27,apr,473,2,182,2,failure
43564,unknown,27,apr,370,1,-1,0,unknown
43565,cellular,27,apr,159,3,-1,0,unknown
43566,cellular,27,apr,99,1,329,4,other
43567,cellular,27,apr,149,2,182,1,failure
43568,cellular,28,apr,184,2,126,2,other
43569,telephone,28,apr,403,1,182,1,success
43570,cellular,28,apr,545,2,181,8,success
43571,cellular,28,apr,154,1,182,1,success
43572,cellular,28,apr,392,1,182,1,success
43573,cellular,28,apr,623,1,181,3,success
43574,cellular,28,apr,387,2,-1,0,unknown
43575,cellular,29,apr,717,3,-1,0,unknown
43576,cellular,29,apr,157,6,-1,0,unknown
43577,cellular,29,apr,218,4,-1,0,unknown
43578,cellular,29,apr,226,2,-1,0,unknown
43579,cellular,29,apr,882,1,181,3,success
43580,cellular,29,apr,165,2,182,1,other
43581,cellular,29,apr,210,1,-1,0,unknown
43582,cellular,29,apr,152,1,223,3,other
43583,telephone,29,apr,660,1,191,1,failure
43584,cellular,29,apr,115,2,198,2,failure
43585,cellular,29,apr,388,2,-1,0,unknown
43586,cellular,29,apr,714,2,633,1,failure
43587,cellular,29,apr,250,3,-1,0,unknown
43588,cellular,29,apr,1241,5,-1,0,unknown
43589,cellular,29,apr,835,7,-1,0,unknown
43590,telephone,29,apr,395,3,426,1,other
43591,cellular,29,apr,305,3,-1,0,unknown
43592,cellular,29,apr,152,3,-1,0,unknown
43593,cellular,29,apr,449,1,398,1,success
43594,cellular,30,apr,169,1,190,2,success
43595,cellular,30,apr,211,2,196,7,success
43596,cellular,30,apr,315,1,182,2,success
43597,cellular,30,apr,463,1,-1,0,unknown
43598,cellular,30,apr,262,3,189,11,other
43599,cellular,30,apr,665,2,196,1,success
43600,cellular,30,apr,572,2,-1,0,unknown
43601,cellular,30,apr,148,1,-1,0,unknown
43602,cellular,30,apr,183,1,183,2,success
43603,cellular,30,apr,551,1,-1,0,unknown
43604,cellular,4,may,287,1,-1,0,unknown
43605,cellular,4,may,552,1,90,2,success
43606,cellular,4,may,131,1,90,2,success
43607,cellular,4,may,361,1,89,3,success
43608,cellular,4,may,85,1,61,5,failure
43609,cellular,4,may,494,1,95,2,success
43610,telephone,4,may,714,1,-1,0,unknown
43611,cellular,4,may,113,1,182,1,success
43612,cellular,4,may,165,1,180,2,failure
43613,cellular,4,may,268,1,88,4,success
43614,telephone,4,may,421,1,92,2,success
43615,cellular,4,may,489,1,182,1,success
43616,cellular,4,may,104,1,181,5,failure
43617,cellular,4,may,126,1,-1,0,unknown
43618,cellular,4,may,164,2,89,2,success
43619,cellular,4,may,153,2,182,11,success
43620,telephone,4,may,209,1,53,3,success
43621,cellular,4,may,203,1,78,8,other
43622,cellular,4,may,794,2,-1,0,unknown
43623,cellular,4,may,104,1,208,1,success
43624,cellular,5,may,188,2,-1,0,unknown
43625,cellular,5,may,100,1,243,1,other
43626,cellular,5,may,389,1,195,4,success
43627,cellular,5,may,329,1,6,2,success
43628,cellular,5,may,173,1,274,3,failure
43629,cellular,5,may,258,1,90,7,success
43630,cellular,5,may,338,1,-1,0,unknown
43631,cellular,5,may,226,1,99,2,failure
43632,telephone,5,may,110,1,89,4,failure
43633,cellular,5,may,232,1,89,4,other
43634,unknown,5,may,54,1,-1,0,unknown
43635,telephone,5,may,510,4,-1,0,unknown
43636,cellular,5,may,121,4,89,3,failure
43637,cellular,5,may,443,4,-1,0,unknown
43638,cellular,6,may,118,2,241,2,failure
43639,cellular,6,may,109,1,87,2,failure
43640,cellular,6,may,246,1,55,5,success
43641,cellular,6,may,195,1,90,3,other
43642,cellular,6,may,613,1,87,3,success
43643,cellular,6,may,220,1,87,3,failure
43644,cellular,6,may,160,1,91,5,success
43645,cellular,6,may,141,1,10,10,failure
43646,cellular,6,may,182,1,90,8,failure
43647,cellular,6,may,211,1,90,6,success
43648,telephone,6,may,111,1,-1,0,unknown
43649,cellular,6,may,243,2,98,2,failure
43650,cellular,7,may,218,2,211,4,success
43651,cellular,7,may,292,3,-1,0,unknown
43652,cellular,7,may,662,2,66,2,success
43653,telephone,7,may,300,3,-1,0,unknown
43654,telephone,7,may,201,2,268,2,failure
43655,cellular,7,may,226,2,88,4,success
43656,cellular,7,may,113,1,200,1,failure
43657,cellular,7,may,116,3,-1,0,unknown
43658,cellular,7,may,211,4,88,8,success
43659,unknown,10,may,165,1,-1,0,unknown
43660,cellular,10,may,135,3,-1,0,unknown
43661,cellular,10,may,269,5,94,6,success
43662,telephone,10,may,128,2,-1,0,unknown
43663,cellular,10,may,583,6,53,6,success
43664,cellular,10,may,522,6,-1,0,unknown
43665,cellular,11,may,113,2,273,4,failure
43666,telephone,11,may,97,3,-1,0,unknown
43667,telephone,11,may,172,5,371,5,failure
43668,cellular,12,may,98,1,77,5,failure
43669,cellular,12,may,801,1,86,2,failure
43670,cellular,12,may,193,1,-1,0,unknown
43671,cellular,12,may,309,1,181,1,success
43672,cellular,12,may,176,2,89,5,success
43673,cellular,12,may,152,1,182,6,success
43674,cellular,12,may,171,2,181,3,success
43675,cellular,12,may,457,2,392,2,success
43676,cellular,12,may,333,1,58,3,failure
43677,cellular,12,may,166,3,182,10,success
43678,cellular,12,may,228,2,267,1,failure
43679,cellular,12,may,317,1,181,5,success
43680,cellular,12,may,236,1,180,2,success
43681,cellular,12,may,144,1,460,2,failure
43682,cellular,12,may,762,1,182,2,success
43683,cellular,12,may,411,1,-1,0,unknown
43684,cellular,12,may,430,1,50,3,success
43685,telephone,12,may,360,1,181,5,success
43686,telephone,12,may,372,1,90,10,success
43687,cellular,12,may,177,1,387,2,success
43688,telephone,12,may,267,2,89,7,success
43689,unknown,13,may,18,1,-1,0,unknown
43690,cellular,13,may,620,3,-1,0,unknown
43691,telephone,13,may,414,1,183,2,success
43692,cellular,13,may,106,1,280,4,failure
43693,cellular,13,may,289,1,-1,0,unknown
43694,cellular,13,may,260,1,91,4,success
43695,cellular,13,may,271,1,182,2,success
43696,cellular,13,may,289,1,91,5,success
43697,cellular,13,may,306,1,181,5,success
43698,cellular,13,may,263,1,181,2,success
43699,cellular,13,may,216,1,87,10,success
43700,cellular,13,may,328,2,182,3,success
43701,cellular,13,may,159,1,87,3,success
43702,cellular,13,may,624,1,-1,0,unknown
43703,cellular,13,may,331,1,90,3,success
43704,cellular,13,may,270,1,-1,0,unknown
43705,cellular,13,may,356,1,71,5,success
43706,cellular,13,may,393,1,84,1,other
43707,cellular,13,may,234,1,87,3,success
43708,cellular,13,may,593,2,178,1,success
43709,cellular,13,may,457,2,178,3,failure
43710,cellular,13,may,336,3,87,5,success
43711,cellular,14,may,567,3,275,4,failure
43712,cellular,14,may,404,2,183,2,other
43713,cellular,14,may,698,5,316,3,other
43714,cellular,14,may,526,3,179,3,success
43715,unknown,14,may,7,1,-1,0,unknown
43716,cellular,14,may,196,8,182,4,success
43717,telephone,14,may,338,3,185,2,failure
43718,cellular,14,may,109,3,92,3,failure
43719,cellular,14,may,220,1,179,1,success
43720,cellular,14,may,700,4,92,7,success
43721,cellular,14,may,1205,2,178,7,success
43722,cellular,14,may,809,1,179,4,success
43723,cellular,14,may,318,3,-1,0,unknown
43724,cellular,14,may,62,2,-1,0,unknown
43725,cellular,14,may,396,5,-1,0,unknown
43726,cellular,14,may,466,4,88,3,success
43727,unknown,15,may,7,1,670,5,other
43728,cellular,17,may,248,3,243,1,failure
43729,cellular,17,may,226,3,186,7,other
43730,cellular,17,may,556,1,181,2,other
43731,cellular,17,may,1114,1,181,2,success
43732,cellular,17,may,492,1,-1,0,unknown
43733,cellular,17,may,379,1,258,10,other
43734,cellular,17,may,376,1,181,3,success
43735,cellular,17,may,312,2,159,2,other
43736,telephone,17,may,564,5,-1,0,unknown
43737,cellular,17,may,272,2,182,3,success
43738,cellular,17,may,157,2,28,5,failure
43739,cellular,17,may,508,1,-1,0,unknown
43740,unknown,17,may,26,1,-1,0,unknown
43741,cellular,18,may,387,1,-1,0,unknown
43742,cellular,18,may,336,1,89,5,failure
43743,cellular,18,may,252,1,85,6,failure
43744,cellular,18,may,315,3,110,4,failure
43745,telephone,18,may,353,3,-1,0,unknown
43746,cellular,18,may,445,1,-1,0,unknown
43747,cellular,18,may,243,2,186,1,success
43748,telephone,18,may,327,2,361,3,failure
43749,unknown,19,may,30,1,357,1,other
43750,cellular,19,may,472,1,90,6,success
43751,cellular,19,may,212,2,-1,0,unknown
43752,cellular,20,may,420,1,87,1,failure
43753,cellular,20,may,254,1,359,1,failure
43754,cellular,20,may,165,1,56,3,failure
43755,cellular,20,may,154,1,-1,0,unknown
43756,cellular,20,may,291,2,202,5,other
43757,cellular,20,may,129,1,-1,0,unknown
43758,cellular,20,may,339,2,-1,0,unknown
43759,cellular,20,may,321,4,87,8,failure
43760,telephone,20,may,351,3,-1,0,unknown
43761,cellular,21,may,226,3,91,8,success
43762,cellular,21,may,214,4,-1,0,unknown
43763,cellular,21,may,429,1,193,6,failure
43764,cellular,21,may,403,1,87,6,success
43765,cellular,21,may,588,1,386,3,failure
43766,cellular,21,may,145,1,281,3,failure
43767,cellular,21,may,407,3,74,5,failure
43768,cellular,21,may,122,1,85,9,failure
43769,cellular,21,may,91,3,361,1,failure
43770,cellular,21,may,374,1,185,2,other
43771,cellular,24,may,375,2,-1,0,unknown
43772,cellular,24,may,382,1,89,7,success
43773,cellular,24,may,341,2,133,3,failure
43774,cellular,24,may,131,2,95,5,failure
43775,telephone,24,may,838,1,89,9,failure
43776,cellular,24,may,260,1,77,9,failure
43777,cellular,24,may,699,1,378,9,failure
43778,cellular,24,may,168,1,389,1,failure
43779,cellular,24,may,323,2,353,3,other
43780,cellular,25,may,202,2,365,2,success
43781,cellular,25,may,641,4,-1,0,unknown
43782,cellular,25,may,220,1,111,2,other
43783,cellular,25,may,252,1,88,4,failure
43784,cellular,25,may,681,1,181,2,success
43785,cellular,25,may,393,1,-1,0,unknown
43786,unknown,25,may,201,1,-1,0,unknown
43787,cellular,25,may,272,1,-1,0,unknown
43788,telephone,25,may,500,4,358,2,failure
43789,cellular,26,may,332,1,-1,0,unknown
43790,cellular,26,may,410,1,551,5,other
43791,cellular,26,may,289,1,328,1,success
43792,cellular,26,may,405,3,205,2,failure
43793,cellular,26,may,211,2,391,2,success
43794,cellular,26,may,175,3,89,7,other
43795,cellular,26,may,267,1,205,3,failure
43796,cellular,26,may,236,1,-1,0,unknown
43797,cellular,26,may,135,2,90,11,success
43798,unknown,26,may,376,1,-1,0,unknown
43799,cellular,26,may,523,3,182,3,success
43800,cellular,26,may,530,2,-1,0,unknown
43801,telephone,26,may,283,2,135,5,success
43802,unknown,27,may,93,1,555,2,other
43803,cellular,27,may,181,3,183,1,success
43804,cellular,27,may,188,1,161,2,other
43805,unknown,27,may,125,1,-1,0,unknown
43806,cellular,27,may,820,1,-1,0,unknown
43807,cellular,27,may,1178,1,178,6,success
43808,cellular,27,may,489,1,479,1,failure
43809,unknown,27,may,57,1,-1,0,unknown
43810,unknown,27,may,137,1,-1,0,unknown
43811,cellular,27,may,460,1,414,1,failure
43812,cellular,27,may,774,1,-1,0,unknown
43813,unknown,27,may,24,1,-1,0,unknown
43814,unknown,27,may,74,1,-1,0,unknown
43815,cellular,27,may,275,3,219,2,other
43816,cellular,27,may,242,2,-1,0,unknown
43817,cellular,27,may,275,2,-1,0,unknown
43818,cellular,27,may,417,2,-1,0,unknown
43819,cellular,27,may,173,3,279,4,success
43820,telephone,27,may,214,2,36,1,success
43821,cellular,28,may,101,2,368,5,failure
43822,cellular,28,may,473,3,-1,0,unknown
43823,cellular,28,may,581,3,63,6,failure
43824,cellular,28,may,309,4,93,4,failure
43825,cellular,28,may,538,2,184,9,failure
43826,unknown,28,may,86,1,-1,0,unknown
43827,cellular,28,may,270,5,-1,0,unknown
43828,cellular,28,may,589,3,28,2,other
43829,cellular,28,may,663,3,196,2,other
43830,cellular,28,may,114,3,-1,0,unknown
43831,cellular,31,may,85,2,35,5,other
43832,telephone,31,may,664,1,77,3,success
43833,cellular,31,may,158,1,202,3,failure
43834,cellular,31,may,775,1,-1,0,unknown
43835,cellular,31,may,178,1,-1,0,unknown
43836,unknown,31,may,113,1,-1,0,unknown
43837,unknown,31,may,14,1,557,1,failure
43838,cellular,1,jun,201,1,-1,0,unknown
43839,unknown,1,jun,1563,1,166,3,success
43840,cellular,1,jun,318,1,-1,0,unknown
43841,cellular,1,jun,516,1,292,5,failure
43842,cellular,1,jun,326,1,237,2,failure
43843,cellular,1,jun,154,2,91,12,success
43844,cellular,1,jun,383,2,188,5,failure
43845,unknown,1,jun,12,1,-1,0,unknown
43846,cellular,1,jun,347,3,140,2,success
43847,cellular,1,jun,421,1,97,6,success
43848,unknown,1,jun,8,1,687,2,failure
43849,unknown,1,jun,8,1,-1,0,unknown
43850,unknown,1,jun,4,1,-1,0,unknown
43851,cellular,1,jun,296,5,-1,0,unknown
43852,cellular,1,jun,303,1,278,3,success
43853,unknown,1,jun,7,1,-1,0,unknown
43854,unknown,1,jun,52,1,557,2,failure
43855,unknown,1,jun,5,1,-1,0,unknown
43856,unknown,1,jun,36,1,-1,0,unknown
43857,unknown,1,jun,7,1,-1,0,unknown
43858,cellular,2,jun,344,2,117,2,failure
43859,cellular,2,jun,407,1,92,1,success
43860,cellular,2,jun,657,1,182,1,success
43861,cellular,2,jun,226,2,182,4,success
43862,cellular,2,jun,238,1,181,2,success
43863,cellular,2,jun,161,1,140,3,success
43864,cellular,2,jun,310,1,-1,0,unknown
43865,unknown,4,jun,35,1,-1,0,unknown
43866,unknown,4,jun,32,1,-1,0,unknown
43867,telephone,4,jun,139,2,-1,0,unknown
43868,cellular,4,jun,204,2,183,3,success
43869,cellular,4,jun,346,2,128,8,success
43870,cellular,4,jun,112,1,50,1,success
43871,cellular,4,jun,106,1,64,3,failure
43872,unknown,7,jun,6,1,-1,0,unknown
43873,unknown,7,jun,13,1,-1,0,unknown
43874,unknown,7,jun,302,1,-1,0,unknown
43875,unknown,7,jun,54,1,-1,0,unknown
43876,telephone,7,jun,140,4,367,2,failure
43877,telephone,8,jun,149,1,-1,0,unknown
43878,cellular,8,jun,187,1,181,2,success
43879,cellular,8,jun,215,1,371,6,failure
43880,cellular,8,jun,380,1,-1,0,unknown
43881,cellular,8,jun,544,1,-1,0,unknown
43882,cellular,8,jun,506,1,-1,0,unknown
43883,unknown,8,jun,30,1,404,2,success
43884,unknown,8,jun,198,1,651,7,other
43885,unknown,8,jun,49,1,-1,0,unknown
43886,unknown,8,jun,29,1,-1,0,unknown
43887,unknown,9,jun,29,1,686,2,failure
43888,cellular,9,jun,251,1,-1,0,unknown
43889,cellular,9,jun,190,1,92,9,success
43890,cellular,9,jun,150,1,92,5,success
43891,cellular,9,jun,192,1,93,7,other
43892,cellular,9,jun,206,1,92,1,success
43893,telephone,9,jun,712,1,64,12,failure
43894,cellular,9,jun,334,2,-1,0,unknown
43895,unknown,9,jun,118,1,-1,0,unknown
43896,telephone,9,jun,294,2,93,1,success
43897,cellular,9,jun,163,2,92,3,success
43898,cellular,9,jun,874,2,188,6,failure
43899,cellular,9,jun,722,2,-1,0,unknown
43900,unknown,9,jun,46,1,-1,0,unknown
43901,unknown,10,jun,2389,1,-1,0,unknown
43902,unknown,13,jun,674,1,-1,0,unknown
43903,cellular,14,jun,154,4,97,1,success
43904,telephone,14,jun,278,5,116,4,other
43905,unknown,14,jun,434,1,96,6,other
43906,cellular,14,jun,187,1,94,9,success
43907,cellular,14,jun,245,1,384,1,other
43908,cellular,14,jun,508,1,186,4,success
43909,cellular,14,jun,661,1,384,2,other
43910,cellular,14,jun,270,1,-1,0,unknown
43911,cellular,14,jun,212,4,-1,0,unknown
43912,cellular,14,jun,458,1,130,8,success
43913,cellular,14,jun,713,2,-1,0,unknown
43914,cellular,14,jun,516,1,-1,0,unknown
43915,cellular,14,jun,293,1,425,1,success
43916,cellular,14,jun,563,1,181,10,failure
43917,telephone,14,jun,215,1,459,17,other
43918,unknown,14,jun,30,1,-1,0,unknown
43919,unknown,14,jun,20,1,-1,0,unknown
43920,cellular,14,jun,472,1,384,3,failure
43921,cellular,14,jun,262,3,98,3,other
43922,cellular,14,jun,167,2,98,6,other
43923,cellular,14,jun,485,2,-1,0,unknown
43924,cellular,15,jun,619,2,92,2,success
43925,cellular,15,jun,379,2,376,13,other
43926,cellular,15,jun,910,1,224,3,success
43927,cellular,15,jun,132,4,389,2,failure
43928,cellular,15,jun,238,6,98,5,success
43929,cellular,15,jun,243,5,285,2,success
43930,cellular,15,jun,177,4,99,2,success
43931,telephone,15,jun,126,3,48,2,success
43932,cellular,15,jun,270,2,377,3,success
43933,telephone,15,jun,208,1,-1,0,unknown
43934,cellular,16,jun,292,1,504,1,failure
43935,unknown,16,jun,58,1,-1,0,unknown
43936,cellular,16,jun,605,3,-1,0,unknown
43937,cellular,16,jun,288,6,181,3,success
43938,cellular,17,jun,339,3,183,2,success
43939,cellular,17,jun,101,3,94,19,other
43940,cellular,17,jun,383,1,296,19,other
43941,unknown,17,jun,247,1,-1,0,unknown
43942,cellular,17,jun,1720,1,-1,0,unknown
43943,unknown,17,jun,21,1,-1,0,unknown
43944,cellular,17,jun,344,1,-1,0,unknown
43945,cellular,17,jun,530,1,139,2,other
43946,cellular,17,jun,169,1,-1,0,unknown
43947,cellular,17,jun,485,2,227,4,failure
43948,cellular,17,jun,282,4,-1,0,unknown
43949,cellular,17,jun,176,2,52,7,failure
43950,cellular,17,jun,544,1,-1,0,unknown
43951,cellular,17,jun,301,2,134,4,success
43952,cellular,18,jun,91,2,185,1,success
43953,telephone,18,jun,80,1,71,3,other
43954,cellular,18,jun,252,1,92,1,success
43955,cellular,18,jun,143,1,49,7,other
43956,cellular,18,jun,201,4,-1,0,unknown
43957,unknown,18,jun,23,1,-1,0,unknown
43958,unknown,21,jun,100,1,-1,0,unknown
43959,cellular,22,jun,154,1,124,1,other
43960,cellular,22,jun,292,1,578,2,failure
43961,cellular,22,jun,867,1,84,3,success
43962,cellular,22,jun,522,1,183,2,success
43963,telephone,23,jun,193,1,145,3,failure
43964,cellular,23,jun,883,1,674,4,failure
43965,cellular,23,jun,706,1,225,2,success
43966,cellular,23,jun,342,2,107,2,success
43967,cellular,23,jun,1407,1,-1,0,unknown
43968,cellular,23,jun,339,1,183,5,success
43969,cellular,23,jun,181,1,320,1,other
43970,cellular,23,jun,671,3,-1,0,unknown
43971,cellular,23,jun,442,2,292,10,failure
43972,cellular,24,jun,1207,4,385,1,failure
43973,cellular,24,jun,482,1,91,2,success
43974,telephone,24,jun,316,1,-1,0,unknown
43975,cellular,24,jun,310,1,-1,0,unknown
43976,cellular,24,jun,185,1,-1,0,unknown
43977,cellular,24,jun,134,1,386,1,failure
43978,cellular,24,jun,167,3,416,2,unknown
43979,cellular,24,jun,136,5,94,30,failure
43980,cellular,24,jun,122,2,185,2,success
43981,cellular,24,jun,288,1,-1,0,unknown
43982,cellular,24,jun,220,2,219,2,other
43983,unknown,24,jun,180,1,687,2,other
43984,unknown,24,jun,15,1,-1,0,unknown
43985,unknown,24,jun,11,1,-1,0,unknown
43986,unknown,24,jun,22,1,-1,0,unknown
43987,unknown,24,jun,9,1,-1,0,unknown
43988,cellular,25,jun,213,6,150,8,failure
43989,cellular,25,jun,300,1,389,3,failure
43990,cellular,25,jun,374,1,179,2,success
43991,cellular,25,jun,131,1,388,1,failure
43992,cellular,25,jun,171,1,141,3,other
43993,cellular,25,jun,427,1,142,5,success
43994,cellular,25,jun,195,6,-1,0,unknown
43995,unknown,25,jun,12,1,-1,0,unknown
43996,cellular,25,jun,472,2,-1,0,unknown
43997,telephone,25,jun,359,5,-1,0,unknown
43998,cellular,25,jun,266,2,318,3,other
43999,unknown,26,jun,11,1,-1,0,unknown
44000,unknown,27,jun,18,1,-1,0,unknown
44001,unknown,27,jun,32,1,-1,0,unknown
44002,cellular,28,jun,348,6,94,6,failure
44003,unknown,28,jun,54,1,-1,0,unknown
44004,cellular,28,jun,614,3,94,9,success
44005,cellular,28,jun,297,4,144,4,other
44006,cellular,28,jun,281,3,186,6,other
44007,cellular,28,jun,132,3,392,2,other
44008,cellular,28,jun,345,1,94,3,other
44009,cellular,28,jun,325,1,94,1,success
44010,cellular,28,jun,452,1,-1,0,unknown
44011,cellular,28,jun,247,1,63,2,success
44012,cellular,28,jun,197,1,182,1,failure
44013,telephone,28,jun,363,1,-1,0,unknown
44014,cellular,28,jun,150,3,-1,0,unknown
44015,cellular,28,jun,181,2,-1,0,unknown
44016,cellular,28,jun,359,2,182,1,success
44017,telephone,28,jun,133,4,-1,0,unknown
44018,cellular,28,jun,737,6,186,10,other
44019,cellular,28,jun,369,3,-1,0,unknown
44020,cellular,29,jun,265,1,586,2,failure
44021,cellular,29,jun,401,1,-1,0,unknown
44022,cellular,29,jun,135,4,95,4,failure
44023,cellular,29,jun,295,1,287,4,success
44024,cellular,29,jun,222,1,91,7,failure
44025,cellular,29,jun,238,1,139,4,failure
44026,cellular,29,jun,205,1,91,3,success
44027,cellular,29,jun,189,1,204,6,success
44028,cellular,29,jun,385,1,165,2,success
44029,cellular,29,jun,660,2,182,6,success
44030,cellular,29,jun,271,1,84,3,success
44031,cellular,29,jun,189,1,362,1,other
44032,cellular,29,jun,421,2,-1,0,unknown
44033,cellular,29,jun,264,4,-1,0,unknown
44034,telephone,29,jun,286,2,153,2,other
44035,cellular,29,jun,167,2,-1,0,unknown
44036,unknown,29,jun,13,1,411,6,failure
44037,unknown,29,jun,8,1,-1,0,unknown
44038,cellular,30,jun,107,2,756,2,other
44039,cellular,30,jun,598,4,105,5,failure
44040,cellular,30,jun,255,2,-1,0,unknown
44041,telephone,30,jun,263,1,450,2,failure
44042,cellular,30,jun,121,3,195,2,other
44043,cellular,30,jun,274,2,391,11,success
44044,unknown,30,jun,6,1,-1,0,unknown
44045,cellular,30,jun,108,5,-1,0,unknown
44046,cellular,30,jun,275,2,296,1,failure
44047,cellular,30,jun,319,2,-1,0,unknown
44048,telephone,30,jun,119,1,183,2,other
44049,cellular,30,jun,258,6,169,3,success
44050,cellular,30,jun,301,5,93,4,other
44051,telephone,1,jul,494,4,150,9,failure
44052,unknown,1,jul,165,1,745,2,failure
44053,unknown,1,jul,12,1,514,3,failure
44054,unknown,1,jul,28,1,-1,0,unknown
44055,cellular,1,jul,113,2,93,4,failure
44056,cellular,1,jul,561,2,295,2,success
44057,cellular,1,jul,304,1,119,2,success
44058,cellular,1,jul,174,1,199,3,failure
44059,unknown,1,jul,10,1,-1,0,unknown
44060,cellular,1,jul,302,2,128,8,success
44061,unknown,2,jul,25,1,417,1,success
44062,unknown,2,jul,48,1,422,1,success
44063,cellular,2,jul,423,3,-1,0,unknown
44064,cellular,2,jul,96,2,109,4,success
44065,cellular,2,jul,217,3,-1,0,unknown
44066,cellular,2,jul,844,2,155,5,success
44067,telephone,2,jul,632,2,85,1,success
44068,cellular,2,jul,150,1,-1,0,unknown
44069,cellular,2,jul,248,2,-1,0,unknown
44070,cellular,2,jul,667,1,-1,0,unknown
44071,cellular,2,jul,301,2,88,5,failure
44072,cellular,2,jul,194,2,88,1,success
44073,unknown,2,jul,5,1,-1,0,unknown
44074,cellular,5,jul,101,3,-1,0,unknown
44075,unknown,5,jul,29,1,-1,0,unknown
44076,cellular,5,jul,178,3,515,7,failure
44077,cellular,5,jul,128,2,-1,0,unknown
44078,cellular,5,jul,175,4,-1,0,unknown
44079,cellular,5,jul,140,1,424,8,success
44080,cellular,5,jul,182,1,-1,0,unknown
44081,cellular,6,jul,267,1,-1,0,unknown
44082,cellular,6,jul,335,3,194,2,failure
44083,cellular,6,jul,212,1,92,2,success
44084,cellular,6,jul,257,1,85,7,failure
44085,cellular,6,jul,319,1,-1,0,unknown
44086,unknown,6,jul,42,1,-1,0,unknown
44087,cellular,6,jul,396,1,386,2,success
44088,unknown,6,jul,226,1,-1,0,unknown
44089,cellular,6,jul,386,3,776,55,failure
44090,telephone,6,jul,295,1,-1,0,unknown
44091,cellular,7,jul,156,1,260,2,failure
44092,telephone,7,jul,229,1,251,6,success
44093,telephone,7,jul,398,2,460,2,failure
44094,cellular,7,jul,273,2,433,1,success
44095,telephone,7,jul,276,2,-1,0,unknown
44096,cellular,8,jul,214,4,115,6,failure
44097,cellular,8,jul,229,1,412,2,failure
44098,cellular,8,jul,480,1,181,2,success
44099,cellular,8,jul,294,1,521,1,failure
44100,cellular,8,jul,173,11,162,5,failure
44101,telephone,8,jul,411,2,148,9,other
44102,telephone,8,jul,250,1,371,1,success
44103,cellular,8,jul,968,1,87,5,failure
44104,cellular,8,jul,202,1,87,2,failure
44105,cellular,8,jul,414,2,-1,0,unknown
44106,cellular,8,jul,449,2,-1,0,unknown
44107,cellular,8,jul,230,2,-1,0,unknown
44108,cellular,8,jul,967,3,-1,0,unknown
44109,telephone,8,jul,220,7,450,2,failure
44110,telephone,8,jul,444,3,-1,0,unknown
44111,telephone,8,jul,312,2,381,3,failure
44112,cellular,8,jul,131,2,-1,0,unknown
44113,cellular,8,jul,344,1,87,3,failure
44114,cellular,9,jul,483,4,239,7,success
44115,cellular,9,jul,474,7,-1,0,unknown
44116,cellular,9,jul,119,9,367,4,other
44117,cellular,9,jul,582,2,161,4,failure
44118,cellular,9,jul,1185,1,396,2,other
44119,cellular,9,jul,116,1,301,1,other
44120,cellular,9,jul,464,1,683,6,failure
44121,unknown,9,jul,15,1,-1,0,unknown
44122,unknown,9,jul,25,1,252,1,other
44123,unknown,9,jul,23,1,-1,0,unknown
44124,unknown,10,jul,67,1,-1,0,unknown
44125,unknown,12,jul,9,1,-1,0,unknown
44126,unknown,12,jul,12,1,-1,0,unknown
44127,cellular,12,jul,390,2,159,3,failure
44128,cellular,12,jul,305,4,77,1,success
44129,cellular,12,jul,210,3,158,7,other
44130,cellular,12,jul,101,2,185,2,failure
44131,cellular,12,jul,123,2,185,1,success
44132,cellular,12,jul,562,4,-1,0,unknown
44133,cellular,12,jul,220,3,529,1,failure
44134,cellular,12,jul,167,1,-1,0,unknown
44135,cellular,12,jul,273,1,277,3,other
44136,cellular,12,jul,537,1,-1,0,unknown
44137,cellular,12,jul,154,1,182,5,failure
44138,telephone,12,jul,567,1,182,3,success
44139,cellular,12,jul,194,3,-1,0,unknown
44140,cellular,12,jul,262,2,182,7,failure
44141,cellular,12,jul,248,1,194,3,failure
44142,cellular,12,jul,289,1,412,2,failure
44143,cellular,12,jul,200,6,122,6,other
44144,cellular,12,jul,250,2,181,4,success
44145,cellular,13,jul,256,2,181,3,success
44146,cellular,13,jul,305,1,-1,0,unknown
44147,cellular,13,jul,98,2,210,22,success
44148,cellular,13,jul,195,2,91,10,success
44149,cellular,13,jul,363,1,181,1,failure
44150,cellular,13,jul,178,1,181,4,success
44151,telephone,13,jul,617,1,377,1,success
44152,cellular,13,jul,475,1,412,1,other
44153,cellular,13,jul,317,1,-1,0,unknown
44154,cellular,13,jul,88,1,181,2,failure
44155,cellular,13,jul,311,1,91,2,success
44156,cellular,13,jul,316,3,182,1,failure
44157,cellular,13,jul,309,1,181,3,success
44158,cellular,13,jul,337,1,181,2,success
44159,cellular,13,jul,360,1,335,2,success
44160,cellular,13,jul,256,3,439,1,failure
44161,unknown,13,jul,151,1,-1,0,unknown
44162,cellular,13,jul,577,6,182,2,success
44163,cellular,13,jul,272,3,182,2,success
44164,cellular,13,jul,371,2,166,3,other
44165,cellular,13,jul,752,1,-1,0,unknown
44166,unknown,14,jul,18,1,-1,0,unknown
44167,telephone,14,jul,413,1,181,3,success
44168,cellular,14,jul,334,4,93,6,other
44169,cellular,14,jul,603,1,-1,0,unknown
44170,cellular,14,jul,397,2,-1,0,unknown
44171,cellular,14,jul,817,2,209,3,other
44172,cellular,14,jul,133,3,-1,0,unknown
44173,telephone,14,jul,247,1,180,3,success
44174,cellular,14,jul,203,1,183,2,failure
44175,cellular,14,jul,276,1,-1,0,unknown
44176,cellular,14,jul,604,1,-1,0,unknown
44177,unknown,14,jul,70,1,-1,0,unknown
44178,telephone,14,jul,897,2,-1,0,unknown
44179,cellular,14,jul,287,2,415,1,failure
44180,telephone,14,jul,343,9,-1,0,unknown
44181,cellular,14,jul,87,3,184,2,other
44182,unknown,14,jul,71,1,-1,0,unknown
44183,cellular,15,jul,268,5,181,2,failure
44184,cellular,15,jul,185,5,181,6,failure
44185,cellular,15,jul,219,1,91,1,success
44186,cellular,15,jul,346,1,181,4,success
44187,cellular,15,jul,957,1,182,1,success
44188,cellular,15,jul,415,2,342,1,other
44189,cellular,15,jul,252,1,184,3,success
44190,cellular,15,jul,178,1,181,5,failure
44191,cellular,15,jul,250,2,182,1,success
44192,telephone,15,jul,552,2,-1,0,unknown
44193,cellular,15,jul,390,2,182,5,success
44194,cellular,15,jul,250,4,415,2,failure
44195,cellular,15,jul,210,2,456,2,success
44196,cellular,15,jul,198,2,244,4,other
44197,cellular,15,jul,392,2,183,3,success
44198,cellular,15,jul,561,2,-1,0,unknown
44199,cellular,15,jul,392,4,-1,0,unknown
44200,cellular,15,jul,261,1,182,1,success
44201,cellular,16,jul,815,2,407,3,success
44202,cellular,16,jul,129,2,182,2,success
44203,cellular,16,jul,184,1,179,5,failure
44204,cellular,16,jul,745,1,281,1,failure
44205,cellular,16,jul,574,1,179,3,success
44206,cellular,16,jul,136,8,-1,0,unknown
44207,cellular,16,jul,316,1,179,10,success
44208,cellular,16,jul,486,1,-1,0,unknown
44209,cellular,16,jul,377,1,228,3,failure
44210,unknown,16,jul,6,1,-1,0,unknown
44211,cellular,16,jul,205,1,-1,0,unknown
44212,cellular,16,jul,106,1,-1,0,unknown
44213,cellular,16,jul,241,1,-1,0,unknown
44214,cellular,16,jul,268,2,182,3,success
44215,cellular,16,jul,806,3,183,5,success
44216,cellular,16,jul,237,2,91,1,failure
44217,cellular,16,jul,73,4,-1,0,unknown
44218,cellular,16,jul,100,6,84,14,success
44219,cellular,16,jul,457,2,182,3,other
44220,cellular,16,jul,222,2,-1,0,unknown
44221,cellular,16,jul,84,5,183,2,failure
44222,unknown,17,jul,66,1,85,5,other
44223,unknown,17,jul,19,1,-1,0,unknown
44224,cellular,19,jul,207,2,276,3,other
44225,cellular,19,jul,253,3,458,1,success
44226,cellular,19,jul,1148,1,276,2,other
44227,cellular,19,jul,128,2,234,2,failure
44228,cellular,19,jul,268,1,-1,0,unknown
44229,cellular,19,jul,173,2,311,8,failure
44230,cellular,19,jul,230,2,164,2,failure
44231,cellular,19,jul,187,11,-1,0,unknown
44232,cellular,19,jul,568,7,-1,0,unknown
44233,cellular,19,jul,204,4,532,2,other
44234,cellular,20,jul,146,3,190,3,success
44235,cellular,20,jul,296,1,281,2,failure
44236,cellular,20,jul,178,2,92,8,failure
44237,cellular,20,jul,174,2,215,6,other
44238,cellular,20,jul,175,5,95,1,other
44239,cellular,20,jul,165,2,481,1,success
44240,unknown,20,jul,7,1,-1,0,unknown
44241,cellular,20,jul,355,2,-1,0,unknown
44242,unknown,20,jul,7,1,-1,0,unknown
44243,unknown,20,jul,5,1,791,1,failure
44244,cellular,20,jul,288,1,133,2,failure
44245,telephone,20,jul,1008,2,-1,0,unknown
44246,cellular,21,jul,104,1,288,8,failure
44247,cellular,21,jul,316,1,-1,0,unknown
44248,cellular,21,jul,338,1,-1,0,unknown
44249,cellular,21,jul,143,1,412,3,other
44250,cellular,21,jul,314,1,156,2,success
44251,unknown,22,jul,5,1,701,6,other
44252,cellular,22,jul,355,2,92,1,success
44253,cellular,22,jul,942,1,-1,0,unknown
44254,cellular,22,jul,355,1,342,3,success
44255,cellular,22,jul,1193,1,412,1,other
44256,cellular,22,jul,138,2,178,4,success
44257,cellular,22,jul,321,4,-1,0,unknown
44258,cellular,22,jul,248,1,-1,0,unknown
44259,unknown,22,jul,23,1,531,3,failure
44260,unknown,22,jul,24,1,792,3,other
44261,cellular,22,jul,174,2,160,8,other
44262,cellular,22,jul,860,2,177,7,success
44263,cellular,22,jul,427,2,94,4,failure
44264,telephone,22,jul,171,2,413,3,failure
44265,cellular,23,jul,608,3,179,2,success
44266,cellular,23,jul,351,3,-1,0,unknown
44267,cellular,23,jul,366,6,-1,0,unknown
44268,cellular,23,jul,350,2,445,7,other
44269,cellular,23,jul,1360,4,-1,0,unknown
44270,cellular,23,jul,125,1,101,3,success
44271,cellular,23,jul,113,6,179,4,failure
44272,cellular,23,jul,192,4,93,17,other
44273,cellular,23,jul,251,1,535,1,failure
44274,cellular,23,jul,196,1,88,5,failure
44275,cellular,23,jul,396,2,-1,0,unknown
44276,unknown,24,jul,86,1,-1,0,unknown
44277,unknown,24,jul,11,1,-1,0,unknown
44278,cellular,26,jul,110,2,182,2,failure
44279,cellular,26,jul,275,1,180,2,success
44280,cellular,26,jul,379,1,339,1,failure
44281,cellular,26,jul,183,1,221,2,failure
44282,unknown,26,jul,7,1,-1,0,unknown
44283,unknown,26,jul,84,1,-1,0,unknown
44284,unknown,26,jul,4,1,-1,0,unknown
44285,unknown,26,jul,9,1,-1,0,unknown
44286,cellular,26,jul,768,2,91,5,success
44287,cellular,26,jul,546,2,784,3,failure
44288,cellular,26,jul,86,7,292,1,other
44289,cellular,26,jul,414,2,389,1,success
44290,cellular,26,jul,128,2,419,1,failure
44291,cellular,26,jul,461,2,326,4,failure
44292,cellular,26,jul,423,4,-1,0,unknown
44293,cellular,26,jul,109,3,455,2,failure
44294,cellular,26,jul,105,2,172,1,failure
44295,cellular,26,jul,336,2,259,3,success
44296,cellular,26,jul,607,3,171,3,other
44297,cellular,27,jul,666,1,90,4,success
44298,cellular,27,jul,527,1,-1,0,unknown
44299,cellular,27,jul,267,1,180,4,failure
44300,cellular,27,jul,606,1,-1,0,unknown
44301,unknown,27,jul,9,1,-1,0,unknown
44302,unknown,27,jul,5,1,-1,0,unknown
44303,unknown,27,jul,5,1,-1,0,unknown
44304,cellular,27,jul,139,2,181,4,success
44305,cellular,27,jul,167,2,181,1,success
44306,cellular,27,jul,287,2,181,1,success
44307,cellular,27,jul,218,2,91,3,success
44308,cellular,27,jul,235,1,287,1,failure
44309,cellular,27,jul,266,5,-1,0,unknown
44310,cellular,27,jul,493,4,-1,0,unknown
44311,cellular,28,jul,219,2,-1,0,unknown
44312,cellular,28,jul,496,2,182,11,success
44313,cellular,28,jul,340,1,91,2,success
44314,cellular,28,jul,106,2,-1,0,unknown
44315,cellular,28,jul,429,2,184,3,success
44316,cellular,28,jul,844,5,181,4,failure
44317,cellular,28,jul,471,2,-1,0,unknown
44318,cellular,28,jul,817,2,-1,0,unknown
44319,cellular,28,jul,211,1,92,2,failure
44320,cellular,28,jul,115,3,93,1,other
44321,cellular,28,jul,462,1,148,4,success
44322,cellular,28,jul,129,3,233,3,failure
44323,cellular,28,jul,388,3,181,1,success
44324,telephone,29,jul,211,5,491,4,other
44325,cellular,29,jul,95,4,182,7,success
44326,cellular,29,jul,225,4,-1,0,unknown
44327,telephone,29,jul,301,3,-1,0,unknown
44328,unknown,29,jul,331,1,-1,0,unknown
44329,cellular,29,jul,169,2,182,2,success
44330,telephone,29,jul,332,3,440,3,failure
44331,cellular,29,jul,349,3,183,2,success
44332,cellular,29,jul,200,4,181,2,failure
44333,cellular,29,jul,1697,1,-1,0,unknown
44334,telephone,29,jul,426,1,184,3,success
44335,telephone,29,jul,268,1,-1,0,unknown
44336,cellular,29,jul,519,2,90,9,failure
44337,cellular,29,jul,276,8,97,12,other
44338,telephone,29,jul,270,1,178,1,success
44339,cellular,29,jul,417,1,184,4,success
44340,cellular,29,jul,478,1,267,1,failure
44341,cellular,29,jul,99,6,-1,0,unknown
44342,cellular,29,jul,229,1,174,13,other
44343,cellular,30,jul,221,4,431,5,other
44344,cellular,30,jul,76,2,150,1,failure
44345,cellular,30,jul,269,7,182,9,success
44346,cellular,30,jul,292,1,183,2,success
44347,telephone,30,jul,304,1,270,3,failure
44348,unknown,30,jul,9,1,-1,0,unknown
44349,cellular,30,jul,852,3,182,11,success
44350,telephone,30,jul,367,2,92,2,success
44351,cellular,30,jul,240,3,-1,0,unknown
44352,cellular,30,jul,1005,5,134,10,success
44353,cellular,30,jul,156,3,179,4,failure
44354,cellular,30,jul,283,1,430,2,other
44355,cellular,30,jul,273,1,91,1,other
44356,cellular,30,jul,200,3,-1,0,unknown
44357,cellular,30,jul,160,3,-1,0,unknown
44358,unknown,31,jul,15,1,-1,0,unknown
44359,unknown,1,aug,11,1,-1,0,unknown
44360,cellular,2,aug,428,2,336,6,failure
44361,cellular,2,aug,87,3,-1,0,unknown
44362,cellular,2,aug,397,2,342,1,failure
44363,cellular,2,aug,203,3,94,1,other
44364,cellular,2,aug,1013,3,276,2,other
44365,cellular,2,aug,300,3,-1,0,unknown
44366,cellular,2,aug,155,2,-1,0,unknown
44367,cellular,2,aug,196,2,455,23,other
44368,cellular,2,aug,868,3,342,4,failure
44369,unknown,2,aug,25,1,-1,0,unknown
44370,cellular,2,aug,90,4,-1,0,unknown
44371,cellular,2,aug,100,8,95,3,success
44372,cellular,2,aug,245,2,-1,0,unknown
44373,cellular,2,aug,209,1,542,4,failure
44374,cellular,2,aug,108,3,277,1,success
44375,cellular,2,aug,317,1,180,2,failure
44376,cellular,2,aug,341,2,392,3,success
44377,cellular,2,aug,486,1,286,2,failure
44378,cellular,2,aug,135,7,108,8,other
44379,cellular,2,aug,308,1,109,4,failure
44380,cellular,2,aug,153,4,129,4,other
44381,telephone,2,aug,141,2,185,6,other
44382,cellular,2,aug,428,2,272,8,success
44383,cellular,2,aug,226,3,188,1,failure
44384,cellular,2,aug,258,1,-1,0,unknown
44385,cellular,3,aug,248,1,446,2,success
44386,cellular,3,aug,249,1,-1,0,unknown
44387,cellular,3,aug,482,1,-1,0,unknown
44388,cellular,3,aug,108,2,180,7,failure
44389,cellular,3,aug,187,2,180,6,success
44390,cellular,3,aug,261,1,470,2,failure
44391,cellular,3,aug,279,4,181,4,success
44392,cellular,3,aug,113,2,180,1,failure
44393,cellular,3,aug,326,2,340,3,failure
44394,cellular,3,aug,172,3,-1,0,unknown
44395,cellular,3,aug,654,2,-1,0,unknown
44396,cellular,3,aug,392,4,181,3,success
44397,telephone,3,aug,676,2,181,5,failure
44398,cellular,3,aug,263,3,251,3,success
44399,cellular,3,aug,417,2,95,1,other
44400,cellular,3,aug,1179,1,-1,0,unknown
44401,cellular,4,aug,288,1,1,8,success
44402,cellular,4,aug,453,1,1,1,failure
44403,cellular,4,aug,651,1,1,7,success
44404,cellular,4,aug,178,1,1,1,success
44405,cellular,4,aug,248,1,182,1,other
44406,telephone,4,aug,250,2,187,2,success
44407,cellular,4,aug,291,1,-1,0,unknown
44408,cellular,4,aug,288,1,181,2,failure
44409,cellular,4,aug,180,1,92,3,success
44410,telephone,4,aug,156,1,1,3,other
44411,cellular,4,aug,198,1,180,2,success
44412,cellular,4,aug,139,1,92,3,failure
44413,cellular,4,aug,87,1,1,5,failure
44414,cellular,4,aug,605,2,92,4,success
44415,telephone,4,aug,199,2,181,3,success
44416,cellular,4,aug,139,1,92,5,success
44417,cellular,4,aug,91,1,1,6,other
44418,cellular,4,aug,462,1,92,4,success
44419,cellular,4,aug,296,1,182,4,other
44420,cellular,4,aug,476,2,13,9,success
44421,telephone,4,aug,153,1,1,7,success
44422,cellular,4,aug,250,1,92,2,failure
44423,cellular,4,aug,111,1,1,1,other
44424,cellular,4,aug,561,1,435,3,failure
44425,cellular,4,aug,118,1,1,3,success
44426,cellular,4,aug,470,1,96,3,success
44427,telephone,4,aug,297,1,-1,0,unknown
44428,cellular,4,aug,120,3,1,6,success
44429,cellular,4,aug,153,3,1,2,success
44430,cellular,4,aug,293,1,181,2,other
44431,cellular,5,aug,510,2,2,5,other
44432,cellular,5,aug,231,2,2,3,success
44433,cellular,5,aug,329,2,181,4,failure
44434,cellular,5,aug,382,1,97,5,other
44435,cellular,5,aug,203,1,92,5,success
44436,cellular,5,aug,504,1,92,1,success
44437,cellular,5,aug,274,1,182,6,success
44438,cellular,5,aug,224,1,86,23,other
44439,cellular,5,aug,172,3,92,8,success
44440,cellular,5,aug,250,3,182,10,failure
44441,cellular,5,aug,374,2,472,1,success
44442,cellular,5,aug,480,3,-1,0,unknown
44443,cellular,5,aug,306,2,181,2,other
44444,cellular,5,aug,318,1,91,6,failure
44445,cellular,5,aug,324,1,-1,0,unknown
44446,cellular,5,aug,200,1,717,4,failure
44447,cellular,5,aug,326,2,437,1,failure
44448,cellular,5,aug,736,1,-1,0,unknown
44449,cellular,5,aug,134,1,-1,0,unknown
44450,cellular,5,aug,245,2,183,10,failure
44451,cellular,5,aug,163,1,-1,0,unknown
44452,cellular,5,aug,98,3,-1,0,unknown
44453,cellular,5,aug,215,1,-1,0,unknown
44454,cellular,5,aug,270,1,174,15,failure
44455,cellular,5,aug,323,1,-1,0,unknown
44456,cellular,6,aug,385,4,-1,0,unknown
44457,cellular,6,aug,303,2,92,4,success
44458,cellular,6,aug,137,1,-1,0,unknown
44459,unknown,6,aug,47,1,-1,0,unknown
44460,cellular,6,aug,258,2,178,4,success
44461,cellular,6,aug,304,3,-1,0,unknown
44462,cellular,6,aug,562,2,94,3,success
44463,cellular,6,aug,218,3,93,2,success
44464,cellular,6,aug,178,1,179,2,success
44465,cellular,6,aug,174,1,93,3,failure
44466,cellular,6,aug,381,3,295,1,failure
44467,cellular,6,aug,140,1,182,4,failure
44468,cellular,6,aug,356,1,364,1,other
44469,cellular,6,aug,366,2,178,9,success
44470,cellular,6,aug,221,2,-1,0,unknown
44471,cellular,6,aug,101,5,3,6,other
44472,cellular,6,aug,744,1,88,4,other
44473,telephone,6,aug,245,3,-1,0,unknown
44474,telephone,6,aug,239,4,-1,0,unknown
44475,cellular,6,aug,323,1,91,6,failure
44476,unknown,9,aug,6,1,-1,0,unknown
44477,cellular,9,aug,148,2,-1,0,unknown
44478,unknown,9,aug,6,1,461,5,failure
44479,cellular,9,aug,370,2,291,1,failure
44480,telephone,9,aug,440,5,182,3,failure
44481,cellular,9,aug,145,3,94,4,success
44482,cellular,9,aug,182,2,95,11,failure
44483,telephone,9,aug,195,1,-1,0,unknown
44484,telephone,9,aug,361,1,46,35,failure
44485,cellular,9,aug,305,1,91,2,other
44486,cellular,9,aug,628,1,182,2,failure
44487,cellular,9,aug,265,1,181,8,success
44488,unknown,9,aug,39,1,-1,0,unknown
44489,unknown,10,aug,97,1,782,1,other
44490,unknown,10,aug,11,1,-1,0,unknown
44491,cellular,10,aug,273,2,356,10,other
44492,cellular,10,aug,245,1,-1,0,unknown
44493,cellular,10,aug,168,1,182,2,success
44494,cellular,10,aug,503,1,-1,0,unknown
44495,cellular,10,aug,412,1,-1,0,unknown
44496,cellular,10,aug,447,1,728,2,failure
44497,cellular,10,aug,493,1,181,14,success
44498,cellular,10,aug,1064,1,95,3,success
44499,cellular,10,aug,263,1,127,7,failure
44500,cellular,10,aug,304,1,181,1,success
44501,cellular,10,aug,507,1,181,2,success
44502,cellular,10,aug,122,1,-1,0,unknown
44503,cellular,10,aug,223,1,414,4,failure
44504,telephone,10,aug,365,2,187,1,success
44505,cellular,10,aug,164,1,109,2,other
44506,cellular,10,aug,356,3,182,2,success
44507,unknown,10,aug,6,1,-1,0,unknown
44508,cellular,10,aug,317,2,518,1,failure
44509,cellular,10,aug,170,2,-1,0,unknown
44510,telephone,10,aug,520,1,181,2,success
44511,cellular,11,aug,146,1,286,2,failure
44512,cellular,11,aug,248,1,180,4,success
44513,cellular,11,aug,1363,1,-1,0,unknown
44514,unknown,11,aug,61,1,-1,0,unknown
44515,telephone,11,aug,425,1,183,2,success
44516,cellular,11,aug,632,1,308,6,other
44517,cellular,11,aug,329,2,181,8,success
44518,cellular,11,aug,233,1,433,1,success
44519,cellular,11,aug,237,1,180,6,success
44520,cellular,11,aug,361,2,181,2,success
44521,cellular,11,aug,370,1,91,7,success
44522,cellular,11,aug,248,2,182,7,success
44523,cellular,11,aug,443,3,-1,0,unknown
44524,cellular,11,aug,765,2,183,5,success
44525,cellular,11,aug,159,2,286,6,failure
44526,cellular,11,aug,222,3,182,4,success
44527,cellular,12,aug,235,2,182,4,success
44528,cellular,12,aug,176,1,21,6,failure
44529,telephone,12,aug,345,1,178,20,failure
44530,cellular,12,aug,352,1,828,2,failure
44531,cellular,12,aug,323,1,182,4,success
44532,cellular,12,aug,357,1,182,2,success
44533,cellular,12,aug,192,1,91,5,failure
44534,cellular,12,aug,350,1,182,2,success
44535,cellular,12,aug,176,1,185,1,failure
44536,cellular,12,aug,175,3,31,10,success
44537,cellular,12,aug,411,1,-1,0,unknown
44538,cellular,12,aug,361,1,-1,0,unknown
44539,cellular,12,aug,1226,3,-1,0,unknown
44540,cellular,12,aug,504,2,178,10,success
44541,unknown,12,aug,17,1,-1,0,unknown
44542,cellular,12,aug,312,3,181,1,success
44543,cellular,12,aug,187,2,-1,0,unknown
44544,cellular,12,aug,265,1,91,5,success
44545,cellular,12,aug,126,1,524,1,failure
44546,unknown,12,aug,18,1,651,1,success
44547,telephone,12,aug,201,1,182,2,success
44548,cellular,12,aug,157,2,-1,0,unknown
44549,cellular,13,aug,261,1,179,1,success
44550,unknown,13,aug,461,1,-1,0,unknown
44551,cellular,13,aug,222,4,-1,0,unknown
44552,cellular,13,aug,633,1,182,2,other
44553,cellular,13,aug,183,1,-1,0,unknown
44554,cellular,13,aug,120,2,91,6,failure
44555,cellular,13,aug,880,1,92,8,success
44556,cellular,13,aug,394,6,-1,0,unknown
44557,cellular,13,aug,177,6,179,10,success
44558,cellular,13,aug,173,4,562,1,failure
44559,unknown,13,aug,75,1,-1,0,unknown
44560,cellular,13,aug,287,3,182,3,success
44561,cellular,13,aug,199,3,43,8,other
44562,cellular,13,aug,166,1,78,2,failure
44563,cellular,13,aug,161,4,-1,0,unknown
44564,unknown,13,aug,9,1,-1,0,unknown
44565,cellular,13,aug,211,3,183,4,success
44566,unknown,13,aug,12,1,-1,0,unknown
44567,cellular,16,aug,318,2,-1,0,unknown
44568,cellular,16,aug,143,2,371,6,failure
44569,cellular,16,aug,140,3,116,1,other
44570,cellular,16,aug,239,3,761,1,other
44571,cellular,16,aug,159,2,185,6,success
44572,cellular,16,aug,205,3,182,9,success
44573,cellular,16,aug,111,2,95,3,other
44574,cellular,16,aug,200,2,159,3,other
44575,cellular,16,aug,265,3,95,4,success
44576,cellular,16,aug,98,3,111,5,other
44577,unknown,17,aug,8,1,-1,0,unknown
44578,unknown,17,aug,6,1,-1,0,unknown
44579,cellular,17,aug,128,4,-1,0,unknown
44580,cellular,18,aug,855,4,-1,0,unknown
44581,cellular,18,aug,95,3,174,5,failure
44582,cellular,18,aug,212,7,188,3,success
44583,cellular,19,aug,418,11,185,5,success
44584,cellular,19,aug,144,3,136,1,other
44585,telephone,19,aug,173,6,492,2,failure
44586,unknown,20,aug,45,1,-1,0,unknown
44587,unknown,20,aug,107,1,-1,0,unknown
44588,unknown,20,aug,22,1,-1,0,unknown
44589,unknown,20,aug,6,1,-1,0,unknown
44590,unknown,20,aug,4,1,-1,0,unknown
44591,unknown,21,aug,11,1,304,1,other
44592,unknown,22,aug,11,1,-1,0,unknown
44593,unknown,22,aug,4,1,-1,0,unknown
44594,cellular,23,aug,220,16,192,14,other
44595,unknown,24,aug,11,1,-1,0,unknown
44596,unknown,24,aug,5,1,-1,0,unknown
44597,unknown,24,aug,26,1,-1,0,unknown
44598,unknown,25,aug,6,1,-1,0,unknown
44599,unknown,25,aug,5,1,14,7,success
44600,unknown,25,aug,17,1,-1,0,unknown
44601,unknown,27,aug,4,1,-1,0,unknown
44602,unknown,27,aug,3785,1,-1,0,unknown
44603,unknown,28,aug,27,1,-1,0,unknown
44604,unknown,28,aug,5,1,775,2,other
44605,unknown,28,aug,7,1,-1,0,unknown
44606,unknown,28,aug,8,1,-1,0,unknown
44607,unknown,30,aug,28,1,-1,0,unknown
44608,cellular,31,aug,1120,1,-1,0,unknown
44609,cellular,31,aug,324,1,455,2,failure
44610,cellular,31,aug,253,5,-1,0,unknown
44611,cellular,31,aug,241,1,92,1,failure
44612,cellular,31,aug,185,1,123,1,failure
44613,cellular,31,aug,443,2,186,3,failure
44614,cellular,31,aug,634,3,92,5,other
44615,unknown,31,aug,34,1,-1,0,unknown
44616,cellular,31,aug,298,2,300,1,other
44617,unknown,31,aug,27,1,-1,0,unknown
44618,cellular,31,aug,415,5,186,3,other
44619,cellular,1,sep,222,2,-1,0,unknown
44620,cellular,1,sep,925,1,187,3,other
44621,cellular,1,sep,161,1,457,2,failure
44622,cellular,1,sep,840,1,183,3,success
44623,cellular,1,sep,729,1,29,3,failure
44624,cellular,1,sep,300,1,44,3,other
44625,cellular,1,sep,222,1,93,4,failure
44626,cellular,1,sep,481,1,579,1,failure
44627,telephone,1,sep,104,3,-1,0,unknown
44628,cellular,1,sep,222,1,-1,0,unknown
44629,cellular,1,sep,199,1,92,14,success
44630,cellular,1,sep,193,1,92,1,success
44631,cellular,1,sep,400,1,-1,0,unknown
44632,cellular,1,sep,327,1,-1,0,unknown
44633,cellular,1,sep,191,2,92,7,failure
44634,telephone,1,sep,663,1,208,2,other
44635,cellular,1,sep,265,2,183,2,success
44636,telephone,1,sep,380,4,371,4,other
44637,cellular,1,sep,691,2,-1,0,unknown
44638,cellular,1,sep,95,2,-1,0,unknown
44639,cellular,1,sep,367,1,91,4,failure
44640,telephone,1,sep,150,1,-1,0,unknown
44641,cellular,1,sep,238,1,-1,0,unknown
44642,cellular,1,sep,293,2,92,3,success
44643,cellular,1,sep,532,2,188,2,success
44644,cellular,1,sep,425,1,-1,0,unknown
44645,telephone,1,sep,194,2,189,2,failure
44646,telephone,1,sep,232,1,86,6,failure
44647,unknown,1,sep,20,1,478,2,other
44648,unknown,2,sep,10,1,-1,0,unknown
44649,unknown,2,sep,4,1,-1,0,unknown
44650,cellular,2,sep,281,2,493,2,failure
44651,cellular,2,sep,1440,1,458,1,failure
44652,cellular,2,sep,291,3,-1,0,unknown
44653,cellular,2,sep,128,3,94,5,other
44654,cellular,2,sep,529,2,184,1,success
44655,cellular,2,sep,236,1,290,3,other
44656,telephone,2,sep,173,1,182,7,failure
44657,cellular,2,sep,362,1,388,3,other
44658,cellular,2,sep,114,2,363,1,failure
44659,cellular,2,sep,97,6,79,11,failure
44660,cellular,2,sep,238,1,464,2,failure
44661,cellular,2,sep,115,3,-1,0,unknown
44662,cellular,2,sep,154,1,-1,0,unknown
44663,cellular,2,sep,799,2,-1,0,unknown
44664,cellular,2,sep,404,1,184,4,success
44665,cellular,2,sep,382,1,183,3,success
44666,cellular,2,sep,206,7,94,2,other
44667,cellular,3,sep,116,2,760,1,other
44668,cellular,3,sep,110,6,95,5,other
44669,telephone,3,sep,318,1,-1,0,unknown
44670,cellular,3,sep,431,1,466,3,success
44671,cellular,3,sep,251,3,36,11,success
44672,cellular,3,sep,240,3,-1,0,unknown
44673,cellular,3,sep,252,2,93,2,success
44674,cellular,3,sep,213,1,185,1,success
44675,cellular,3,sep,789,2,-1,0,unknown
44676,cellular,3,sep,126,1,185,7,success
44677,telephone,3,sep,228,1,182,4,failure
44678,cellular,3,sep,177,2,182,1,success
44679,cellular,3,sep,219,3,185,2,success
44680,telephone,3,sep,543,9,465,2,failure
44681,unknown,4,sep,15,1,-1,0,unknown
44682,unknown,4,sep,9,1,-1,0,unknown
44683,unknown,5,sep,13,1,656,7,other
44684,unknown,5,sep,11,1,-1,0,unknown
44685,cellular,6,sep,114,2,-1,0,unknown
44686,cellular,6,sep,387,2,188,3,success
44687,unknown,6,sep,310,1,75,4,failure
44688,cellular,6,sep,109,3,276,8,other
44689,cellular,6,sep,194,2,125,6,failure
44690,cellular,6,sep,245,1,-1,0,unknown
44691,cellular,6,sep,440,1,280,1,failure
44692,cellular,6,sep,369,3,504,5,other
44693,unknown,6,sep,36,1,-1,0,unknown
44694,cellular,6,sep,255,1,96,1,success
44695,cellular,6,sep,312,1,-1,0,unknown
44696,cellular,6,sep,145,1,391,11,other
44697,cellular,6,sep,224,1,145,2,other
44698,cellular,6,sep,127,2,831,1,other
44699,unknown,6,sep,11,1,490,5,other
44700,cellular,6,sep,136,1,521,2,failure
44701,telephone,6,sep,113,5,97,3,other
44702,cellular,6,sep,415,1,297,3,other
44703,cellular,6,sep,908,1,185,9,success
44704,cellular,6,sep,313,1,108,8,success
44705,cellular,6,sep,218,2,432,3,success
44706,unknown,6,sep,35,1,-1,0,unknown
44707,cellular,6,sep,250,3,-1,0,unknown
44708,cellular,6,sep,125,2,-1,0,unknown
44709,unknown,6,sep,8,1,-1,0,unknown
44710,cellular,6,sep,164,2,186,7,success
44711,telephone,6,sep,353,1,655,5,failure
44712,cellular,6,sep,791,3,-1,0,unknown
44713,cellular,7,sep,667,1,221,3,failure
44714,cellular,7,sep,314,1,-1,0,unknown
44715,unknown,7,sep,11,1,-1,0,unknown
44716,cellular,7,sep,127,1,186,2,failure
44717,cellular,7,sep,337,1,186,1,success
44718,cellular,7,sep,179,1,186,2,failure
44719,cellular,7,sep,201,1,-1,0,unknown
44720,cellular,7,sep,120,3,-1,0,unknown
44721,unknown,7,sep,8,1,-1,0,unknown
44722,cellular,7,sep,332,5,-1,0,unknown
44723,cellular,7,sep,288,3,-1,0,unknown
44724,cellular,7,sep,492,3,102,5,other
44725,cellular,8,sep,638,1,427,3,success
44726,cellular,8,sep,210,1,92,3,success
44727,cellular,8,sep,213,4,184,5,success
44728,cellular,8,sep,149,2,187,1,failure
44729,cellular,8,sep,220,2,184,3,success
44730,cellular,8,sep,127,1,370,4,failure
44731,cellular,8,sep,246,1,184,3,success
44732,cellular,8,sep,210,1,92,1,failure
44733,cellular,8,sep,630,1,-1,0,unknown
44734,telephone,8,sep,160,4,-1,0,unknown
44735,cellular,8,sep,708,2,183,5,success
44736,unknown,8,sep,9,1,-1,0,unknown
44737,cellular,8,sep,358,3,184,1,success
44738,telephone,8,sep,606,3,91,13,success
44739,cellular,8,sep,1081,2,-1,0,unknown
44740,cellular,8,sep,127,2,-1,0,unknown
44741,unknown,8,sep,9,1,-1,0,unknown
44742,telephone,9,sep,378,4,-1,0,unknown
44743,cellular,9,sep,405,3,-1,0,unknown
44744,cellular,9,sep,216,1,183,5,success
44745,cellular,9,sep,261,1,183,1,success
44746,telephone,9,sep,1405,1,92,3,failure
44747,cellular,9,sep,679,1,-1,0,unknown
44748,cellular,9,sep,404,1,182,1,success
44749,cellular,9,sep,430,4,-1,0,unknown
44750,cellular,9,sep,202,1,-1,0,unknown
44751,cellular,9,sep,209,1,92,8,success
44752,cellular,9,sep,761,1,93,5,other
44753,cellular,9,sep,263,1,-1,0,unknown
44754,cellular,9,sep,305,1,749,2,failure
44755,cellular,9,sep,204,1,365,1,success
44756,cellular,9,sep,167,3,92,1,success
44757,cellular,9,sep,386,2,191,3,success
44758,unknown,9,sep,1,1,254,4,success
44759,cellular,9,sep,268,1,254,4,success
44760,cellular,10,sep,1042,5,200,3,failure
44761,cellular,10,sep,110,4,186,1,success
44762,telephone,10,sep,211,2,185,2,success
44763,cellular,10,sep,255,1,93,2,success
44764,cellular,10,sep,315,6,394,1,failure
44765,cellular,10,sep,256,2,-1,0,unknown
44766,unknown,13,sep,69,1,-1,0,unknown
44767,cellular,13,sep,175,2,-1,0,unknown
44768,cellular,13,sep,303,2,-1,0,unknown
44769,cellular,13,sep,218,3,187,3,success
44770,cellular,13,sep,323,9,199,4,other
44771,cellular,13,sep,502,1,490,1,failure
44772,cellular,13,sep,273,3,199,4,failure
44773,cellular,13,sep,81,3,96,5,success
44774,unknown,13,sep,5,1,-1,0,unknown
44775,unknown,14,sep,9,1,-1,0,unknown
44776,unknown,14,sep,5,1,-1,0,unknown
44777,cellular,14,sep,706,1,186,1,success
44778,cellular,14,sep,358,2,-1,0,unknown
44779,telephone,14,sep,279,3,92,9,success
44780,cellular,14,sep,221,2,64,12,failure
44781,cellular,14,sep,211,1,216,7,success
44782,unknown,14,sep,6,1,524,7,other
44783,cellular,14,sep,409,1,398,1,failure
44784,cellular,14,sep,230,1,91,4,success
44785,unknown,14,sep,6,1,838,3,other
44786,cellular,14,sep,404,2,91,4,success
44787,cellular,14,sep,380,1,-1,0,unknown
44788,telephone,14,sep,808,1,187,4,failure
44789,cellular,14,sep,407,2,92,2,success
44790,cellular,14,sep,340,1,-1,0,unknown
44791,cellular,15,sep,251,2,184,3,success
44792,cellular,15,sep,506,3,-1,0,unknown
44793,cellular,15,sep,331,1,75,6,failure
44794,telephone,15,sep,161,1,274,1,failure
44795,cellular,15,sep,316,1,246,4,success
44796,cellular,15,sep,200,1,183,1,success
44797,cellular,15,sep,953,2,-1,0,unknown
44798,cellular,15,sep,385,3,769,2,failure
44799,unknown,15,sep,173,1,-1,0,unknown
44800,telephone,15,sep,511,3,184,7,success
44801,cellular,15,sep,216,1,-1,0,unknown
44802,cellular,15,sep,213,2,469,3,success
44803,cellular,15,sep,214,2,-1,0,unknown
44804,unknown,15,sep,7,1,-1,0,unknown
44805,unknown,15,sep,51,1,-1,0,unknown
44806,telephone,16,sep,251,2,535,2,success
44807,telephone,16,sep,390,2,-1,0,unknown
44808,cellular,16,sep,173,1,-1,0,unknown
44809,cellular,16,sep,225,1,91,1,success
44810,cellular,16,sep,143,2,587,3,failure
44811,cellular,16,sep,574,3,-1,0,unknown
44812,cellular,16,sep,228,1,185,1,failure
44813,cellular,16,sep,193,1,-1,0,unknown
44814,cellular,16,sep,270,3,202,7,other
44815,cellular,16,sep,303,1,792,1,failure
44816,cellular,16,sep,319,1,-1,0,unknown
44817,cellular,16,sep,190,1,-1,0,unknown
44818,cellular,16,sep,234,1,149,2,other
44819,cellular,16,sep,414,1,91,5,other
44820,cellular,16,sep,393,1,183,3,success
44821,cellular,16,sep,452,5,195,4,other
44822,unknown,16,sep,23,1,778,41,other
44823,cellular,16,sep,327,2,-1,0,unknown
44824,cellular,16,sep,1334,2,-1,0,unknown
44825,cellular,17,sep,152,2,-1,0,unknown
44826,cellular,17,sep,294,4,63,11,other
44827,cellular,17,sep,285,3,81,3,failure
44828,cellular,17,sep,164,5,92,6,success
44829,cellular,17,sep,328,1,854,2,failure
44830,telephone,17,sep,231,1,-1,0,unknown
44831,cellular,17,sep,336,2,183,2,success
44832,unknown,17,sep,47,1,779,12,failure
44833,unknown,18,sep,13,1,373,6,success
44834,unknown,20,sep,11,1,-1,0,unknown
44835,unknown,20,sep,185,1,-1,0,unknown
44836,unknown,20,sep,9,1,-1,0,unknown
44837,unknown,20,sep,11,1,850,2,failure
44838,unknown,20,sep,11,1,-1,0,unknown
44839,unknown,21,sep,6,1,-1,0,unknown
44840,unknown,21,sep,4,1,771,2,success
44841,unknown,21,sep,84,1,-1,0,unknown
44842,cellular,22,sep,173,1,-1,0,unknown
44843,cellular,22,sep,263,1,184,6,success
44844,cellular,22,sep,175,1,184,2,success
44845,cellular,22,sep,208,2,-1,0,unknown
44846,cellular,22,sep,397,1,371,3,failure
44847,cellular,22,sep,569,1,-1,0,unknown
44848,unknown,22,sep,10,1,594,6,failure
44849,cellular,22,sep,704,2,190,1,failure
44850,cellular,22,sep,155,1,184,1,success
44851,cellular,22,sep,183,1,184,11,success
44852,cellular,22,sep,182,1,184,7,success
44853,telephone,22,sep,396,2,-1,0,unknown
44854,cellular,22,sep,155,1,195,2,failure
44855,cellular,23,sep,183,2,184,13,failure
44856,cellular,23,sep,744,1,-1,0,unknown
44857,cellular,23,sep,856,1,-1,0,unknown
44858,cellular,23,sep,305,2,842,1,failure
44859,cellular,23,sep,180,2,238,3,success
44860,cellular,23,sep,333,1,-1,0,unknown
44861,cellular,23,sep,84,1,589,4,failure
44862,cellular,23,sep,209,1,-1,0,unknown
44863,cellular,23,sep,409,2,92,4,success
44864,cellular,23,sep,145,1,779,2,failure
44865,cellular,23,sep,427,1,603,1,failure
44866,cellular,23,sep,124,1,59,6,failure
44867,cellular,23,sep,156,2,-1,0,unknown
44868,cellular,23,sep,103,2,484,2,other
44869,cellular,23,sep,244,1,92,3,success
44870,cellular,23,sep,317,1,182,6,failure
44871,cellular,23,sep,272,2,-1,0,unknown
44872,cellular,23,sep,447,1,489,6,failure
44873,cellular,23,sep,112,1,62,6,other
44874,cellular,23,sep,390,2,-1,0,unknown
44875,telephone,23,sep,217,2,188,3,other
44876,cellular,23,sep,405,1,391,3,failure
44877,cellular,23,sep,203,1,-1,0,unknown
44878,cellular,23,sep,245,1,-1,0,unknown
44879,cellular,23,sep,272,4,184,1,success
44880,cellular,23,sep,134,1,-1,0,unknown
44881,cellular,24,sep,173,2,190,10,other
44882,cellular,24,sep,157,3,486,1,other
44883,cellular,24,sep,349,2,53,8,failure
44884,cellular,24,sep,232,2,409,2,success
44885,cellular,24,sep,224,2,444,1,failure
44886,cellular,24,sep,246,12,197,6,failure
44887,cellular,24,sep,249,1,91,14,success
44888,cellular,24,sep,395,1,-1,0,unknown
44889,unknown,26,sep,6,1,-1,0,unknown
44890,unknown,27,sep,6,1,-1,0,unknown
44891,cellular,27,sep,262,6,193,4,success
44892,telephone,27,sep,157,5,-1,0,unknown
44893,cellular,27,sep,188,2,280,1,other
44894,cellular,27,sep,132,4,94,16,other
44895,cellular,27,sep,156,2,279,1,failure
44896,telephone,27,sep,379,3,-1,0,unknown
44897,cellular,27,sep,162,2,95,4,failure
44898,cellular,27,sep,1298,1,-1,0,unknown
44899,cellular,27,sep,990,4,-1,0,unknown
44900,cellular,28,sep,184,1,-1,0,unknown
44901,unknown,28,sep,6,1,-1,0,unknown
44902,telephone,28,sep,237,2,-1,0,unknown
44903,cellular,28,sep,282,2,187,1,success
44904,cellular,28,sep,600,2,92,12,success
44905,unknown,29,sep,13,1,-1,0,unknown
44906,unknown,29,sep,21,1,680,5,failure
44907,cellular,29,sep,242,2,491,4,failure
44908,cellular,29,sep,110,2,61,9,failure
44909,cellular,29,sep,201,2,-1,0,unknown
44910,cellular,29,sep,232,1,92,3,success
44911,cellular,29,sep,245,3,-1,0,unknown
44912,cellular,29,sep,845,1,232,4,success
44913,cellular,29,sep,271,1,-1,0,unknown
44914,unknown,30,sep,175,1,-1,0,unknown
44915,unknown,30,sep,6,1,-1,0,unknown
44916,cellular,1,oct,197,2,-1,0,unknown
44917,cellular,1,oct,131,2,98,12,other
44918,cellular,1,oct,142,1,-1,0,unknown
44919,cellular,1,oct,143,1,94,9,other
44920,cellular,1,oct,278,1,-1,0,unknown
44921,cellular,1,oct,161,1,92,6,failure
44922,unknown,4,oct,12,1,-1,0,unknown
44923,unknown,4,oct,5,1,-1,0,unknown
44924,unknown,4,oct,5,1,808,12,failure
44925,unknown,4,oct,5,1,-1,0,unknown
44926,unknown,4,oct,10,1,-1,0,unknown
44927,unknown,4,oct,9,1,-1,0,unknown
44928,unknown,5,oct,10,1,-1,0,unknown
44929,unknown,5,oct,4,1,-1,0,unknown
44930,unknown,5,oct,6,1,-1,0,unknown
44931,cellular,6,oct,311,1,96,1,success
44932,cellular,6,oct,486,1,-1,0,unknown
44933,cellular,6,oct,649,1,-1,0,unknown
44934,cellular,6,oct,808,1,-1,0,unknown
44935,cellular,6,oct,608,1,99,3,failure
44936,cellular,6,oct,261,1,-1,0,unknown
44937,cellular,6,oct,275,2,-1,0,unknown
44938,telephone,6,oct,541,1,204,3,failure
44939,cellular,6,oct,386,1,184,1,other
44940,cellular,6,oct,218,1,-1,0,unknown
44941,cellular,6,oct,1246,2,-1,0,unknown
44942,cellular,6,oct,604,2,485,5,other
44943,unknown,6,oct,6,1,-1,0,unknown
44944,cellular,7,oct,197,2,-1,0,unknown
44945,telephone,7,oct,138,4,-1,0,unknown
44946,cellular,7,oct,116,1,503,2,success
44947,cellular,7,oct,122,1,245,4,failure
44948,unknown,8,oct,118,1,105,2,other
44949,cellular,8,oct,135,3,331,4,failure
44950,telephone,8,oct,194,1,-1,0,unknown
44951,cellular,8,oct,319,1,134,2,success
44952,cellular,8,oct,512,1,144,7,failure
44953,cellular,8,oct,163,1,91,12,other
44954,cellular,8,oct,282,1,-1,0,unknown
44955,cellular,8,oct,272,1,102,8,other
44956,cellular,8,oct,309,2,88,6,other
44957,cellular,8,oct,375,2,179,2,failure
44958,cellular,8,oct,251,2,91,7,success
44959,cellular,8,oct,135,2,91,13,failure
44960,telephone,8,oct,369,2,690,3,failure
44961,cellular,8,oct,363,2,140,7,success
44962,cellular,8,oct,401,2,-1,0,unknown
44963,unknown,9,oct,14,1,-1,0,unknown
44964,unknown,10,oct,5,1,-1,0,unknown
44965,unknown,10,oct,5,1,772,4,failure
44966,telephone,11,oct,317,2,108,14,other
44967,cellular,11,oct,115,2,95,16,failure
44968,cellular,11,oct,162,1,-1,0,unknown
44969,cellular,11,oct,291,1,91,4,failure
44970,cellular,11,oct,450,1,231,1,success
44971,cellular,11,oct,195,1,104,5,failure
44972,cellular,11,oct,285,1,182,2,success
44973,cellular,11,oct,405,1,266,2,success
44974,cellular,11,oct,365,2,774,11,failure
44975,cellular,11,oct,463,3,95,6,success
44976,cellular,11,oct,123,2,182,2,failure
44977,cellular,11,oct,212,1,-1,0,unknown
44978,cellular,11,oct,124,3,363,1,failure
44979,cellular,11,oct,165,1,95,2,success
44980,cellular,11,oct,485,1,182,1,success
44981,telephone,11,oct,160,1,-1,0,unknown
44982,cellular,11,oct,251,1,430,1,failure
44983,unknown,11,oct,4,1,381,2,other
44984,cellular,11,oct,383,2,503,2,failure
44985,cellular,11,oct,185,2,-1,0,unknown
44986,cellular,11,oct,146,4,-1,0,unknown
44987,cellular,11,oct,137,3,95,10,failure
44988,unknown,11,oct,4,1,-1,0,unknown
44989,unknown,12,oct,54,1,526,2,failure
44990,cellular,12,oct,203,4,165,14,success
44991,cellular,12,oct,187,1,91,12,success
44992,cellular,12,oct,166,1,-1,0,unknown
44993,cellular,12,oct,242,1,92,4,success
44994,cellular,12,oct,323,1,-1,0,unknown
44995,cellular,12,oct,143,1,-1,0,unknown
44996,telephone,12,oct,250,1,431,2,failure
44997,cellular,12,oct,146,2,183,3,failure
44998,cellular,12,oct,209,3,427,2,failure
44999,cellular,12,oct,130,2,182,6,failure
45000,unknown,12,oct,8,1,-1,0,unknown
45001,unknown,12,oct,5,1,-1,0,unknown
45002,cellular,13,oct,169,1,182,10,success
45003,cellular,13,oct,216,1,183,4,success
45004,cellular,13,oct,190,1,92,5,success
45005,cellular,13,oct,194,1,92,5,success
45006,cellular,13,oct,252,2,183,3,success
45007,cellular,13,oct,357,2,237,2,failure
45008,cellular,14,oct,133,2,-1,0,unknown
45009,cellular,14,oct,119,3,-1,0,unknown
45010,cellular,14,oct,192,2,92,4,success
45011,cellular,14,oct,585,1,182,5,success
45012,cellular,14,oct,491,1,182,3,success
45013,cellular,14,oct,246,2,420,2,other
45014,cellular,14,oct,183,1,91,11,failure
45015,cellular,14,oct,317,6,192,1,success
45016,cellular,14,oct,1410,3,-1,0,unknown
45017,telephone,14,oct,301,1,93,1,success
45018,cellular,14,oct,322,1,-1,0,unknown
45019,cellular,14,oct,219,3,372,1,failure
45020,cellular,14,oct,786,2,-1,0,unknown
45021,cellular,14,oct,183,3,528,7,unknown
45022,cellular,14,oct,72,4,160,3,failure
45023,cellular,14,oct,181,2,500,1,failure
45024,cellular,14,oct,158,1,826,1,failure
45025,cellular,15,oct,212,2,92,5,success
45026,cellular,15,oct,531,4,105,7,failure
45027,unknown,15,oct,5,1,-1,0,unknown
45028,cellular,15,oct,187,2,213,10,success
45029,cellular,15,oct,106,4,-1,0,unknown
45030,cellular,15,oct,94,5,274,11,failure
45031,cellular,15,oct,1176,3,92,6,success
45032,cellular,15,oct,294,1,93,5,other
45033,cellular,15,oct,88,1,-1,0,unknown
45034,cellular,18,oct,104,1,111,4,success
45035,cellular,18,oct,567,1,95,3,success
45036,cellular,18,oct,333,1,616,1,failure
45037,cellular,18,oct,310,1,804,1,failure
45038,cellular,18,oct,464,1,94,2,success
45039,cellular,18,oct,509,1,185,3,success
45040,cellular,18,oct,252,1,-1,0,unknown
45041,cellular,18,oct,170,5,-1,0,unknown
45042,cellular,18,oct,526,1,-1,0,unknown
45043,cellular,18,oct,222,1,-1,0,unknown
45044,cellular,18,oct,102,3,96,3,success
45045,cellular,18,oct,375,2,-1,0,unknown
45046,cellular,18,oct,767,3,-1,0,unknown
45047,cellular,18,oct,138,4,96,2,success
45048,cellular,18,oct,338,2,-1,0,unknown
45049,cellular,18,oct,159,2,95,2,failure
45050,cellular,19,oct,133,3,160,3,failure
45051,cellular,19,oct,90,2,92,3,other
45052,cellular,19,oct,192,1,95,1,success
45053,cellular,19,oct,366,1,-1,0,unknown
45054,cellular,19,oct,218,1,151,5,other
45055,cellular,19,oct,230,1,92,1,success
45056,telephone,19,oct,898,7,137,11,other
45057,cellular,20,oct,178,4,93,6,success
45058,cellular,20,oct,347,3,-1,0,unknown
45059,cellular,20,oct,124,1,-1,0,unknown
45060,cellular,20,oct,621,1,181,3,failure
45061,unknown,20,oct,7,1,-1,0,unknown
45062,unknown,20,oct,5,1,-1,0,unknown
45063,telephone,20,oct,238,2,183,5,failure
45064,cellular,20,oct,139,2,96,7,failure
45065,cellular,20,oct,316,2,92,3,failure
45066,cellular,21,oct,150,3,149,5,success
45067,cellular,21,oct,411,1,182,1,failure
45068,cellular,21,oct,235,1,175,3,success
45069,cellular,21,oct,453,1,183,3,success
45070,cellular,21,oct,262,3,-1,0,unknown
45071,cellular,21,oct,181,1,302,3,other
45072,cellular,21,oct,1032,1,91,4,success
45073,cellular,21,oct,759,1,90,5,success
45074,cellular,21,oct,419,1,-1,0,unknown
45075,cellular,21,oct,549,2,238,13,other
45076,cellular,21,oct,201,5,94,3,success
45077,telephone,21,oct,621,1,181,4,other
45078,telephone,21,oct,330,2,181,4,success
45079,cellular,21,oct,212,2,-1,0,unknown
45080,cellular,21,oct,256,2,104,2,failure
45081,cellular,21,oct,339,3,91,10,success
45082,cellular,22,oct,56,2,-1,0,unknown
45083,cellular,22,oct,738,3,183,1,success
45084,cellular,22,oct,542,4,148,3,success
45085,cellular,22,oct,716,3,-1,0,unknown
45086,cellular,22,oct,234,1,92,1,success
45087,cellular,22,oct,168,2,-1,0,unknown
45088,cellular,22,oct,119,4,-1,0,unknown
45089,cellular,22,oct,460,1,88,4,other
45090,cellular,22,oct,380,1,91,3,success
45091,telephone,22,oct,84,3,-1,0,unknown
45092,cellular,22,oct,554,3,-1,0,unknown
45093,cellular,22,oct,344,2,182,8,other
45094,cellular,22,oct,608,2,92,4,other
45095,cellular,25,oct,83,2,94,12,other
45096,cellular,25,oct,389,1,195,4,other
45097,cellular,25,oct,225,1,91,5,success
45098,cellular,25,oct,189,1,185,4,success
45099,cellular,25,oct,304,1,94,2,success
45100,cellular,25,oct,275,1,-1,0,unknown
45101,cellular,25,oct,400,1,173,3,success
45102,cellular,25,oct,182,1,185,1,success
45103,cellular,25,oct,253,1,284,3,success
45104,telephone,25,oct,254,1,97,6,failure
45105,cellular,25,oct,324,1,182,4,success
45106,cellular,25,oct,226,2,490,1,failure
45107,cellular,25,oct,297,5,94,6,other
45108,cellular,25,oct,129,1,-1,0,unknown
45109,cellular,25,oct,211,2,185,7,success
45110,telephone,25,oct,293,3,508,1,other
45111,cellular,26,oct,338,3,186,1,other
45112,telephone,26,oct,280,2,97,3,success
45113,cellular,26,oct,318,1,120,3,success
45114,cellular,26,oct,196,1,144,8,other
45115,cellular,26,oct,104,1,-1,0,unknown
45116,cellular,26,oct,259,1,103,2,other
45117,cellular,26,oct,322,1,547,1,failure
45118,cellular,26,oct,150,1,183,1,other
45119,cellular,26,oct,604,1,91,4,failure
45120,cellular,26,oct,289,1,805,4,other
45121,cellular,26,oct,238,4,442,4,failure
45122,unknown,26,oct,17,1,-1,0,unknown
45123,cellular,26,oct,260,2,91,5,failure
45124,cellular,26,oct,701,2,-1,0,unknown
45125,cellular,26,oct,202,2,-1,0,unknown
45126,cellular,27,oct,269,3,541,3,success
45127,cellular,27,oct,223,2,-1,0,unknown
45128,cellular,27,oct,409,1,91,4,success
45129,cellular,27,oct,171,1,91,2,success
45130,cellular,27,oct,161,1,96,2,other
45131,cellular,27,oct,508,1,-1,0,unknown
45132,cellular,27,oct,277,1,92,5,success
45133,cellular,27,oct,184,1,91,2,failure
45134,cellular,27,oct,258,1,92,5,success
45135,unknown,28,oct,71,1,-1,0,unknown
45136,unknown,2,nov,18,1,368,2,failure
45137,cellular,8,nov,188,1,-1,0,unknown
45138,cellular,8,nov,176,1,543,3,failure
45139,cellular,8,nov,240,1,40,2,other
45140,telephone,8,nov,360,1,96,4,success
45141,telephone,8,nov,207,1,185,3,success
45142,cellular,8,nov,120,2,95,6,success
45143,cellular,8,nov,137,1,96,1,failure
45144,cellular,8,nov,507,1,-1,0,unknown
45145,cellular,8,nov,106,1,-1,0,unknown
45146,cellular,8,nov,148,1,871,2,failure
45147,cellular,8,nov,212,1,97,5,other
45148,cellular,8,nov,449,2,38,10,other
45149,cellular,8,nov,282,2,186,4,success
45150,cellular,8,nov,354,3,188,13,success
45151,cellular,9,nov,255,3,378,2,failure
45152,cellular,9,nov,335,1,92,13,failure
45153,cellular,9,nov,326,1,95,1,other
45154,telephone,9,nov,301,1,456,4,failure
45155,cellular,9,nov,248,1,91,1,success
45156,cellular,9,nov,268,1,-1,0,unknown
45157,cellular,9,nov,467,3,92,7,failure
45158,cellular,9,nov,600,2,99,5,failure
45159,cellular,9,nov,125,1,96,6,failure
45160,cellular,9,nov,524,1,96,5,success
45161,cellular,9,nov,94,3,-1,0,unknown
45162,cellular,9,nov,208,2,91,3,success
45163,cellular,9,nov,379,2,92,3,failure
45164,cellular,9,nov,111,2,-1,0,unknown
45165,cellular,9,nov,465,2,95,12,other
45166,telephone,9,nov,394,1,390,2,success
45167,cellular,10,nov,228,1,-1,0,unknown
45168,cellular,10,nov,404,1,57,8,success
45169,cellular,10,nov,182,1,229,2,failure
45170,telephone,10,nov,98,2,110,2,other
45171,cellular,10,nov,223,3,555,16,failure
45172,cellular,10,nov,134,1,92,8,success
45173,cellular,11,nov,118,4,104,7,failure
45174,cellular,11,nov,289,1,92,3,success
45175,cellular,11,nov,357,3,93,5,success
45176,cellular,11,nov,167,1,-1,0,unknown
45177,cellular,12,nov,482,1,374,1,success
45178,cellular,12,nov,413,1,92,3,success
45179,cellular,12,nov,319,1,100,6,failure
45180,cellular,15,nov,414,2,27,6,failure
45181,cellular,15,nov,74,2,118,3,failure
45182,cellular,15,nov,401,2,187,5,success
45183,cellular,15,nov,78,1,96,7,success
45184,cellular,16,nov,138,1,22,5,success
45185,cellular,16,nov,200,1,92,4,success
45186,cellular,16,nov,280,1,104,2,failure
45187,cellular,16,nov,411,1,-1,0,unknown
45188,cellular,16,nov,236,1,550,2,success
45189,cellular,16,nov,173,1,92,5,failure
45190,cellular,16,nov,206,1,188,3,success
45191,cellular,16,nov,262,1,183,1,failure
45192,cellular,16,nov,238,1,-1,0,unknown
45193,cellular,16,nov,449,2,33,4,success
45194,cellular,16,nov,162,2,187,5,failure
45195,cellular,16,nov,212,1,187,6,success
45196,cellular,16,nov,330,1,-1,0,unknown
45197,cellular,16,nov,270,1,-1,0,unknown
45198,cellular,16,nov,333,2,-1,0,unknown
45199,cellular,16,nov,1166,3,530,12,other
45200,cellular,16,nov,1556,4,-1,0,unknown
45201,cellular,17,nov,226,1,184,4,success
45202,cellular,17,nov,224,1,-1,0,unknown
45203,cellular,17,nov,266,1,-1,0,unknown
45204,cellular,17,nov,300,1,40,8,failure
45205,cellular,17,nov,386,2,-1,0,unknown
45206,cellular,17,nov,977,3,-1,0,unknown
45207,cellular,17,nov,456,2,-1,0,unknown
45208,cellular,17,nov,1127,5,184,3,success
45209,telephone,17,nov,508,4,-1,0,unknown
45210,cellular,17,nov,361,2,188,11,other